<fox formatVersion="2" fileVersion="0">
  <entities>
    <entity class="DataSet" classVersion="0" classID="0xE8" addr="0x2EF4680" id="0xA3484F">
      <staticProperties>
        <property name="name" type="String" container="StaticArray" arraySize="1">
          <containerEntry hash="0xB8A0BF169F98"></containerEntry>
        </property>
        <property name="dataSet" type="EntityHandle" container="StaticArray" arraySize="1">
          <containerEntry>0x0</containerEntry>
        </property>
        <property name="dataList" type="EntityPtr" container="StringMap" arraySize="16">
          <containerEntry key="TppObjectBrushSkeletonModelReserveResource_Skeleton_mafr_tree005_vrtn0002">
            <data>0x2D78C80</data>
          </containerEntry>
          <containerEntry key="TppObjectBrushSkeletonModelReserveResource_Skeleton_mafr_tree0005">
            <data>0x2D78CF0</data>
          </containerEntry>
          <containerEntry key="cm_mafr_dc_grss003_">
            <data>0x2D78EB0</data>
          </containerEntry>
          <containerEntry key="StaticModelArray0000">
            <data>0x2D7EC50</data>
          </containerEntry>
          <containerEntry key="StaticModelArray0001">
            <data>0x2D7ECC0</data>
          </containerEntry>
          <containerEntry key="StaticModelArray0002">
            <data>0x2D7EDA0</data>
          </containerEntry>
          <containerEntry key="StaticModelArray0003">
            <data>0x2D7ED30</data>
          </containerEntry>
          <containerEntry key="StaticModelArray0004">
            <data>0x2D7E710</data>
          </containerEntry>
          <containerEntry key="mafr_rock011_0022">
            <data>0x2D7E860</data>
          </containerEntry>
          <containerEntry key="mafr_rock011_0002">
            <data>0x2D7EBE0</data>
          </containerEntry>
          <containerEntry key="mafr_rock011_0004">
            <data>0x2D7B760</data>
          </containerEntry>
          <containerEntry key="mafr_rock011_0023">
            <data>0x2D7EB70</data>
          </containerEntry>
          <containerEntry key="StaticModelArray0005">
            <data>0x2EF4C30</data>
          </containerEntry>
          <containerEntry key="StaticModelArray0006">
            <data>0x2D7E7F0</data>
          </containerEntry>
          <containerEntry key="DecalArray0000">
            <data>0x2D7EEF0</data>
          </containerEntry>
          <containerEntry key="TexturePackLoadConditioner0000">
            <data>0x2D7F5F0</data>
          </containerEntry>
        </property>
      </staticProperties>
      <dynamicProperties></dynamicProperties>
    </entity>
    <entity class="TppObjectBrushSkeletonModelReserveResource" classVersion="0" classID="0x54" addr="0x2D78C80" id="0xA349BF">
      <staticProperties>
        <property name="name" type="String" container="StaticArray" arraySize="1">
          <containerEntry>TppObjectBrushSkeletonModelReserveResource_Skeleton_mafr_tree005_vrtn0002</containerEntry>
        </property>
        <property name="dataSet" type="EntityHandle" container="StaticArray" arraySize="1">
          <containerEntry>0x2EF4680</containerEntry>
        </property>
        <property name="pluginName" type="String" container="StaticArray" arraySize="1">
          <containerEntry>Skeleton_mafr_tree005_vrtn002</containerEntry>
        </property>
        <property name="reserveLodLevel0" type="UInt32" container="StaticArray" arraySize="1">
          <containerEntry>4</containerEntry>
        </property>
        <property name="reserveLodLevel1" type="UInt32" container="StaticArray" arraySize="1">
          <containerEntry>4</containerEntry>
        </property>
        <property name="reserveLodLevel2" type="UInt32" container="StaticArray" arraySize="1">
          <containerEntry>1</containerEntry>
        </property>
        <property name="reserveLodLevel3" type="UInt32" container="StaticArray" arraySize="1">
          <containerEntry>1</containerEntry>
        </property>
      </staticProperties>
      <dynamicProperties></dynamicProperties>
    </entity>
    <entity class="TppObjectBrushSkeletonModelReserveResource" classVersion="0" classID="0x54" addr="0x2D78CF0" id="0xA349C1">
      <staticProperties>
        <property name="name" type="String" container="StaticArray" arraySize="1">
          <containerEntry>TppObjectBrushSkeletonModelReserveResource_Skeleton_mafr_tree0005</containerEntry>
        </property>
        <property name="dataSet" type="EntityHandle" container="StaticArray" arraySize="1">
          <containerEntry>0x2EF4680</containerEntry>
        </property>
        <property name="pluginName" type="String" container="StaticArray" arraySize="1">
          <containerEntry>Skeleton_mafr_tree005</containerEntry>
        </property>
        <property name="reserveLodLevel0" type="UInt32" container="StaticArray" arraySize="1">
          <containerEntry>4</containerEntry>
        </property>
        <property name="reserveLodLevel1" type="UInt32" container="StaticArray" arraySize="1">
          <containerEntry>4</containerEntry>
        </property>
        <property name="reserveLodLevel2" type="UInt32" container="StaticArray" arraySize="1">
          <containerEntry>1</containerEntry>
        </property>
        <property name="reserveLodLevel3" type="UInt32" container="StaticArray" arraySize="1">
          <containerEntry>1</containerEntry>
        </property>
      </staticProperties>
      <dynamicProperties></dynamicProperties>
    </entity>
    <entity class="Material" classVersion="6" classID="0xB0" addr="0x2D78EB0" id="0xA349CD">
      <staticProperties>
        <property name="name" type="String" container="StaticArray" arraySize="1">
          <containerEntry>cm_mafr_dc_grss003_</containerEntry>
        </property>
        <property name="dataSet" type="EntityHandle" container="StaticArray" arraySize="1">
          <containerEntry>0x2EF4680</containerEntry>
        </property>
        <property name="materialName" type="String" container="StaticArray" arraySize="1">
          <containerEntry hash="0xB8A0BF169F98"></containerEntry>
        </property>
        <property name="shader" type="Path" container="StaticArray" arraySize="1">
          <containerEntry hash="0xB8A0BF169F98"></containerEntry>
        </property>
        <property name="diffuseTexture" type="Path" container="StaticArray" arraySize="1">
          <containerEntry>/Assets/tpp/common_source/fmtr/decal/middle_africa/cm_mafr_dc_grss003/sourceimages/cm_mafr_dc_grss003_bsm_alp.ftex</containerEntry>
        </property>
        <property name="srmTexture" type="Path" container="StaticArray" arraySize="1">
          <containerEntry>/Assets/tpp/common_source/fmtr/decal/middle_africa/cm_mafr_dc_grss003/sourceimages/cm_mafr_dc_grss003_srm.ftex</containerEntry>
        </property>
        <property name="normalTexture" type="Path" container="StaticArray" arraySize="1">
          <containerEntry>/Assets/tpp/common_source/fmtr/decal/middle_africa/cm_mafr_dc_grss003/sourceimages/cm_mafr_dc_grss003_nrm.ftex</containerEntry>
        </property>
        <property name="materialMapTexture" type="Path" container="StaticArray" arraySize="1">
          <containerEntry hash="0xB8A0BF169F98"></containerEntry>
        </property>
        <property name="materialIndex" type="UInt8" container="StaticArray" arraySize="1">
          <containerEntry>42</containerEntry>
        </property>
        <property name="diffuseColor" type="Color" container="StaticArray" arraySize="1">
          <containerEntry r="1" g="1" b="1" a="1"></containerEntry>
        </property>
        <property name="specularColor" type="Color" container="StaticArray" arraySize="1">
          <containerEntry r="0" g="0" b="0" a="0"></containerEntry>
        </property>
        <property name="fmtrPath" type="Path" container="StaticArray" arraySize="1">
          <containerEntry hash="0xB8A0BF169F98"></containerEntry>
        </property>
        <property name="residentFlag" type="Bool" container="StaticArray" arraySize="1">
          <containerEntry>false</containerEntry>
        </property>
      </staticProperties>
      <dynamicProperties></dynamicProperties>
    </entity>
    <entity class="StaticModelArray" classVersion="4" classID="0xD0" addr="0x2D7EC50" id="0x0">
      <staticProperties>
        <property name="name" type="String" container="StaticArray" arraySize="1">
          <containerEntry>StaticModelArray0000</containerEntry>
        </property>
        <property name="dataSet" type="EntityHandle" container="StaticArray" arraySize="1">
          <containerEntry>0x2EF4680</containerEntry>
        </property>
        <property name="modelFile" type="FilePtr" container="StaticArray" arraySize="1">
          <containerEntry>/Assets/tpp/environ/object/middle_africa/cliff/mafr_clff003/scenes/mafr_clff003_vrtn001.fmdl</containerEntry>
        </property>
        <property name="geomFile" type="FilePtr" container="StaticArray" arraySize="1">
          <containerEntry>/Assets/tpp/environ/object/middle_africa/cliff/mafr_clff003/scenes/mafr_clff003_vrtn001.geom</containerEntry>
        </property>
        <property name="isVisibleGeom" type="Bool" container="StaticArray" arraySize="1">
          <containerEntry>false</containerEntry>
        </property>
        <property name="lodFarSize" type="Float" container="StaticArray" arraySize="1">
          <containerEntry>-1</containerEntry>
        </property>
        <property name="lodNearSize" type="Float" container="StaticArray" arraySize="1">
          <containerEntry>-1</containerEntry>
        </property>
        <property name="lodPolygonSize" type="Float" container="StaticArray" arraySize="1">
          <containerEntry>-1</containerEntry>
        </property>
        <property name="drawRejectionLevel" type="Int32" container="StaticArray" arraySize="1">
          <containerEntry>8</containerEntry>
        </property>
        <property name="drawMode" type="Int32" container="StaticArray" arraySize="1">
          <containerEntry>0</containerEntry>
        </property>
        <property name="rejectFarRangeShadowCast" type="Int32" container="StaticArray" arraySize="1">
          <containerEntry>2</containerEntry>
        </property>
        <property name="parentLocator" type="EntityLink" container="StaticArray" arraySize="1">
          <containerEntry packagePathHash="0xB8A0BF169F98" archivePathHash="0xB8A0BF169F98" nameInArchiveHash="0xB8A0BF169F98">0x0</containerEntry>
        </property>
        <property name="transforms" type="Matrix4" container="DynamicArray" arraySize="7">
          <containerEntry r11="0.7493585" r12="-0.009824114" r13="0.0294181" r14="0" r21="0.019163158" r22="0.706005" r23="-0.2523682" r24="0" r31="-0.0243867" r32="0.25290397" r33="0.70565206" r34="0" r41="-212.68929" r42="4.15425" r43="-342.58957" r44="1"></containerEntry>
          <containerEntry r11="0.74475646" r12="-0.0719843" r13="0.05153689" r14="0" r21="0.08510634" r22="0.70239425" r23="-0.24879548" r24="0" r31="-0.024386466" r32="0.2529042" r33="0.705652" r34="0" r41="-143.71579" r42="4.444847" r43="-352.94086" r44="1"></containerEntry>
          <containerEntry r11="0.7244549" r12="-0.028889464" r13="-0.19191304" r14="0" r21="-0.041696697" r22="0.70115554" r23="-0.26294923" r24="0" r31="0.18954313" r32="0.26466262" r33="0.6756679" r34="0" r41="-167.18633" r42="1.044598" r43="-325.0077" r44="1"></containerEntry>
          <containerEntry r11="0.73950213" r12="0.004571054" r13="-0.12496281" r14="0" r21="-0.07401726" r22="0.6200954" r23="-0.41533518" r24="0" r31="0.10078712" r32="0.4218542" r33="0.61186683" r34="0" r41="-165.21977" r42="4.140562" r43="-347.3678" r44="1"></containerEntry>
          <containerEntry r11="0.72635853" r12="-0.034295112" r13="-0.18364917" r14="0" r21="-0.027449923" r22="0.7096626" r23="-0.24109203" r24="0" r31="0.1847963" r32="0.24021387" r33="0.6860374" r34="0" r41="-193.61456" r42="3.841079" r43="-341.26926" r44="1"></containerEntry>
          <containerEntry r11="0.7480662" r12="-0.048013017" r13="0.024324756" r14="0" r21="0.0513119" r22="0.73850465" r23="-0.120324366" r24="0" r31="-0.016249076" r32="0.12167832" r33="0.73988533" r34="0" r41="-177.50233" r42="4.423178" r43="-346.62408" r44="1"></containerEntry>
          <containerEntry r11="0.67965424" r12="-0.06518048" r13="-0.3103572" r14="0" r21="0.059643343" r22="0.7471618" r23="-0.02630363" r24="0" r31="0.31146872" r32="-0.0008445005" r33="0.6822657" r34="0" r41="-251.32983" r42="9.720367" r43="-377.22403" r44="1"></containerEntry>
        </property>
        <property name="colors" type="UInt32" container="DynamicArray" arraySize="7">
          <containerEntry>4294967295</containerEntry>
          <containerEntry>4294967295</containerEntry>
          <containerEntry>4294967295</containerEntry>
          <containerEntry>4294967295</containerEntry>
          <containerEntry>4294967295</containerEntry>
          <containerEntry>4294967295</containerEntry>
          <containerEntry>4294967295</containerEntry>
        </property>
      </staticProperties>
      <dynamicProperties></dynamicProperties>
    </entity>
    <entity class="StaticModelArray" classVersion="4" classID="0xD0" addr="0x2D7ECC0" id="0x0">
      <staticProperties>
        <property name="name" type="String" container="StaticArray" arraySize="1">
          <containerEntry>StaticModelArray0001</containerEntry>
        </property>
        <property name="dataSet" type="EntityHandle" container="StaticArray" arraySize="1">
          <containerEntry>0x2EF4680</containerEntry>
        </property>
        <property name="modelFile" type="FilePtr" container="StaticArray" arraySize="1">
          <containerEntry>/Assets/tpp/environ/object/middle_africa/rock/mafr_rock007/scenes/mafr_rock007.fmdl</containerEntry>
        </property>
        <property name="geomFile" type="FilePtr" container="StaticArray" arraySize="1">
          <containerEntry>/Assets/tpp/environ/object/middle_africa/rock/mafr_rock007/scenes/mafr_rock007.geom</containerEntry>
        </property>
        <property name="isVisibleGeom" type="Bool" container="StaticArray" arraySize="1">
          <containerEntry>false</containerEntry>
        </property>
        <property name="lodFarSize" type="Float" container="StaticArray" arraySize="1">
          <containerEntry>-1</containerEntry>
        </property>
        <property name="lodNearSize" type="Float" container="StaticArray" arraySize="1">
          <containerEntry>-1</containerEntry>
        </property>
        <property name="lodPolygonSize" type="Float" container="StaticArray" arraySize="1">
          <containerEntry>-1</containerEntry>
        </property>
        <property name="drawRejectionLevel" type="Int32" container="StaticArray" arraySize="1">
          <containerEntry>8</containerEntry>
        </property>
        <property name="drawMode" type="Int32" container="StaticArray" arraySize="1">
          <containerEntry>0</containerEntry>
        </property>
        <property name="rejectFarRangeShadowCast" type="Int32" container="StaticArray" arraySize="1">
          <containerEntry>2</containerEntry>
        </property>
        <property name="parentLocator" type="EntityLink" container="StaticArray" arraySize="1">
          <containerEntry packagePathHash="0xB8A0BF169F98" archivePathHash="0xB8A0BF169F98" nameInArchiveHash="0xB8A0BF169F98">0x0</containerEntry>
        </property>
        <property name="transforms" type="Matrix4" container="DynamicArray" arraySize="4">
          <containerEntry r11="-0.79670584" r12="0.07746606" r13="0.5993814" r14="0" r21="-0.090554066" r22="0.9652548" r23="-0.24511847" r24="0" r31="-0.59754413" r32="-0.24956384" r33="-0.76200926" r34="0" r41="-216.30252" r42="7.269847" r43="-330.5822" r44="1"></containerEntry>
          <containerEntry r11="-0.93528724" r12="-0.007825272" r13="-0.3538058" r14="0" r21="0.024699321" r22="0.99587417" r23="-0.087318905" r24="0" r31="0.35302934" r32="-0.09040693" r33="-0.9312351" r34="0" r41="-156.24852" r42="2.304203" r43="-303.9999" r44="1"></containerEntry>
          <containerEntry r11="-0.68315005" r12="-0.04321436" r13="-0.72899956" r14="0" r21="0.22537982" r22="0.93704194" r23="-0.26675162" r24="0" r31="0.6946307" r32="-0.34653285" r33="-0.6304007" r34="0" r41="-190.0571" r42="5.77321" r43="-322.63907" r44="1"></containerEntry>
          <containerEntry r11="0.9561001" r12="-0.057811696" r13="0.28728113" r14="0" r21="0.023763705" r22="0.99241394" r23="0.12062286" r24="0" r31="-0.2920752" r32="-0.108500674" r33="0.9502209" r34="0" r41="-251.81738" r42="6.563988" r43="-310.31647" r44="1"></containerEntry>
        </property>
        <property name="colors" type="UInt32" container="DynamicArray" arraySize="4">
          <containerEntry>4294967295</containerEntry>
          <containerEntry>4294967295</containerEntry>
          <containerEntry>4294967295</containerEntry>
          <containerEntry>4294967295</containerEntry>
        </property>
      </staticProperties>
      <dynamicProperties></dynamicProperties>
    </entity>
    <entity class="StaticModelArray" classVersion="4" classID="0xD0" addr="0x2D7EDA0" id="0x0">
      <staticProperties>
        <property name="name" type="String" container="StaticArray" arraySize="1">
          <containerEntry>StaticModelArray0002</containerEntry>
        </property>
        <property name="dataSet" type="EntityHandle" container="StaticArray" arraySize="1">
          <containerEntry>0x2EF4680</containerEntry>
        </property>
        <property name="modelFile" type="FilePtr" container="StaticArray" arraySize="1">
          <containerEntry>/Assets/tpp/environ/object/middle_africa/mud/mafr_mudd003/scenes/mafr_mudd003_rock001.fmdl</containerEntry>
        </property>
        <property name="geomFile" type="FilePtr" container="StaticArray" arraySize="1">
          <containerEntry>/Assets/tpp/environ/object/middle_africa/mud/mafr_mudd003/scenes/mafr_mudd003_rock001.geom</containerEntry>
        </property>
        <property name="isVisibleGeom" type="Bool" container="StaticArray" arraySize="1">
          <containerEntry>false</containerEntry>
        </property>
        <property name="lodFarSize" type="Float" container="StaticArray" arraySize="1">
          <containerEntry>50</containerEntry>
        </property>
        <property name="lodNearSize" type="Float" container="StaticArray" arraySize="1">
          <containerEntry>400</containerEntry>
        </property>
        <property name="lodPolygonSize" type="Float" container="StaticArray" arraySize="1">
          <containerEntry>-1</containerEntry>
        </property>
        <property name="drawRejectionLevel" type="Int32" container="StaticArray" arraySize="1">
          <containerEntry>7</containerEntry>
        </property>
        <property name="drawMode" type="Int32" container="StaticArray" arraySize="1">
          <containerEntry>0</containerEntry>
        </property>
        <property name="rejectFarRangeShadowCast" type="Int32" container="StaticArray" arraySize="1">
          <containerEntry>2</containerEntry>
        </property>
        <property name="parentLocator" type="EntityLink" container="StaticArray" arraySize="1">
          <containerEntry packagePathHash="0xB8A0BF169F98" archivePathHash="0xB8A0BF169F98" nameInArchiveHash="0xB8A0BF169F98">0x0</containerEntry>
        </property>
        <property name="transforms" type="Matrix4" container="DynamicArray" arraySize="8">
          <containerEntry r11="-0.9476752" r12="0.15445222" r13="-0.27938482" r14="0" r21="0.16007832" r22="0.9871006" r23="0.0027128719" r24="0" r31="0.2761999" r32="-0.04215249" r33="-0.9601752" r34="0" r41="-197.79146" r42="-0.3188087" r43="-248.6883" r44="1"></containerEntry>
          <containerEntry r11="0.89463025" r12="-0.0656092" r13="-0.44196394" r14="0" r21="0.06303342" r22="0.99780023" r23="-0.020529434" r24="0" r31="0.44233868" r32="-0.009492246" r33="0.89679784" r34="0" r41="-191.78975" r42="0.019168" r43="-244.98636" r44="1"></containerEntry>
          <containerEntry r11="0.89843404" r12="-0.04337741" r13="-0.4369602" r14="0" r21="0.08927357" r22="0.99236995" r23="0.0850418" r24="0" r31="0.42993727" r32="-0.11541351" r33="0.89545137" r34="0" r41="-199.67136" r42="0.125516" r43="-245.28386" r44="1"></containerEntry>
          <containerEntry r11="-0.40443256" r12="0.01678171" r13="-0.9144147" r14="0" r21="0.012453787" r22="0.99983996" r23="0.012841333" r24="0" r31="0.91448385" r32="-0.0061944732" r33="-0.40457687" r34="0" r41="-244.90546" r42="-4.334004" r43="-280.4808" r44="1"></containerEntry>
          <containerEntry r11="-0.9788313" r12="0.016780633" r13="-0.20398813" r14="0" r21="0.017691394" r22="0.99983996" r23="-0.0026419682" r24="0" r31="0.20391116" r32="-0.0061948723" r33="-0.97897154" r34="0" r41="-249.97145" r42="-4.255789" r43="-284.80386" r44="1"></containerEntry>
          <containerEntry r11="-0.9788313" r12="0.016780633" r13="-0.20398813" r14="0" r21="0.017691394" r22="0.99983996" r23="-0.0026419682" r24="0" r31="0.20391116" r32="-0.0061948723" r33="-0.97897154" r34="0" r41="-252.48561" r42="-4.179408" r43="-272.7335" r44="1"></containerEntry>
          <containerEntry r11="-0.9788313" r12="0.016780633" r13="-0.20398813" r14="0" r21="0.017691394" r22="0.99983996" r23="-0.0026419682" r24="0" r31="0.20391116" r32="-0.0061948723" r33="-0.97897154" r34="0" r41="-255.13275" r42="-4.271375" r43="-260.03885" r44="1"></containerEntry>
          <containerEntry r11="0.7643834" r12="-0.035569876" r13="0.29470763" r14="0" r21="-0.0011113214" r22="0.81374323" r23="0.101097316" r24="0" r31="-0.29684433" r32="-0.09463977" r33="0.7585028" r34="0" r41="-198.01485" r42="1.67426" r43="-246.72585" r44="1"></containerEntry>
        </property>
        <property name="colors" type="UInt32" container="DynamicArray" arraySize="8">
          <containerEntry>4294967295</containerEntry>
          <containerEntry>4294967295</containerEntry>
          <containerEntry>4294967295</containerEntry>
          <containerEntry>4294967295</containerEntry>
          <containerEntry>4294967295</containerEntry>
          <containerEntry>4294967295</containerEntry>
          <containerEntry>4294967295</containerEntry>
          <containerEntry>4294967295</containerEntry>
        </property>
      </staticProperties>
      <dynamicProperties></dynamicProperties>
    </entity>
    <entity class="StaticModelArray" classVersion="4" classID="0xD0" addr="0x2D7ED30" id="0x0">
      <staticProperties>
        <property name="name" type="String" container="StaticArray" arraySize="1">
          <containerEntry>StaticModelArray0003</containerEntry>
        </property>
        <property name="dataSet" type="EntityHandle" container="StaticArray" arraySize="1">
          <containerEntry>0x2EF4680</containerEntry>
        </property>
        <property name="modelFile" type="FilePtr" container="StaticArray" arraySize="1">
          <containerEntry>/Assets/tpp/environ/object/middle_africa/rock/mafr_rock002/scenes/mafr_rock002.fmdl</containerEntry>
        </property>
        <property name="geomFile" type="FilePtr" container="StaticArray" arraySize="1">
          <containerEntry>/Assets/tpp/environ/object/middle_africa/rock/mafr_rock002/scenes/mafr_rock002.geom</containerEntry>
        </property>
        <property name="isVisibleGeom" type="Bool" container="StaticArray" arraySize="1">
          <containerEntry>false</containerEntry>
        </property>
        <property name="lodFarSize" type="Float" container="StaticArray" arraySize="1">
          <containerEntry>-1</containerEntry>
        </property>
        <property name="lodNearSize" type="Float" container="StaticArray" arraySize="1">
          <containerEntry>-1</containerEntry>
        </property>
        <property name="lodPolygonSize" type="Float" container="StaticArray" arraySize="1">
          <containerEntry>-1</containerEntry>
        </property>
        <property name="drawRejectionLevel" type="Int32" container="StaticArray" arraySize="1">
          <containerEntry>8</containerEntry>
        </property>
        <property name="drawMode" type="Int32" container="StaticArray" arraySize="1">
          <containerEntry>0</containerEntry>
        </property>
        <property name="rejectFarRangeShadowCast" type="Int32" container="StaticArray" arraySize="1">
          <containerEntry>2</containerEntry>
        </property>
        <property name="parentLocator" type="EntityLink" container="StaticArray" arraySize="1">
          <containerEntry packagePathHash="0xB8A0BF169F98" archivePathHash="0xB8A0BF169F98" nameInArchiveHash="0xB8A0BF169F98">0x0</containerEntry>
        </property>
        <property name="transforms" type="Matrix4" container="DynamicArray" arraySize="6">
          <containerEntry r11="0.9503756" r12="-0.13003163" r13="0.28262636" r14="0" r21="0.08430978" r22="0.9821152" r23="0.16834927" r24="0" r31="-0.2994624" r32="-0.13616678" r33="0.9443413" r34="0" r41="-195.59085" r42="11.895583" r43="-374.93802" r44="1"></containerEntry>
          <containerEntry r11="-0.5644409" r12="-0.17714776" r13="0.8062339" r14="0" r21="-0.023391187" r22="0.9797417" r23="0.19889429" r24="0" r31="-0.82513463" r32="0.09340643" r33="-0.5571499" r34="0" r41="-190.4201" r42="9.921712" r43="-372.30756" r44="1"></containerEntry>
          <containerEntry r11="-0.8434298" r12="-0.050110158" r13="0.5348873" r14="0" r21="0.07940704" r22="0.973076" r23="0.2163733" r24="0" r31="-0.53132856" r32="0.22497079" r33="-0.81674206" r34="0" r41="-204.88904" r42="9.90134" r43="-368.49957" r44="1"></containerEntry>
          <containerEntry r11="0.901242" r12="0.007112395" r13="-0.43325722" r14="0" r21="0.077009514" r22="0.9813193" r23="0.17630063" r24="0" r31="0.4264176" r32="-0.1922545" r33="0.88385844" r34="0" r41="-188.24742" r42="13.796109" r43="-381.3718" r44="1"></containerEntry>
          <containerEntry r11="-0.77078205" r12="0.08907405" r13="0.6308397" r14="0" r21="0.10551334" r22="0.9943516" r23="-0.011481561" r24="0" r31="-0.62829924" r32="0.05771225" r33="-0.7758269" r34="0" r41="-233.97011" r42="10.053667" r43="-345.86206" r44="1"></containerEntry>
          <containerEntry r11="-0.53574926" r12="0.012002021" r13="-0.8442928" r14="0" r21="-0.1416328" r22="0.984455" r23="0.10386804" r24="0" r31="0.8324149" r32="0.17522663" r33="-0.52572113" r34="0" r41="-137.52597" r42="0.022831" r43="-295.0897" r44="1"></containerEntry>
        </property>
        <property name="colors" type="UInt32" container="DynamicArray" arraySize="6">
          <containerEntry>4294967295</containerEntry>
          <containerEntry>4294967295</containerEntry>
          <containerEntry>4294967295</containerEntry>
          <containerEntry>4294967295</containerEntry>
          <containerEntry>4294967295</containerEntry>
          <containerEntry>4294967295</containerEntry>
        </property>
      </staticProperties>
      <dynamicProperties></dynamicProperties>
    </entity>
    <entity class="StaticModelArray" classVersion="4" classID="0xD0" addr="0x2D7E710" id="0x0">
      <staticProperties>
        <property name="name" type="String" container="StaticArray" arraySize="1">
          <containerEntry>StaticModelArray0004</containerEntry>
        </property>
        <property name="dataSet" type="EntityHandle" container="StaticArray" arraySize="1">
          <containerEntry>0x2EF4680</containerEntry>
        </property>
        <property name="modelFile" type="FilePtr" container="StaticArray" arraySize="1">
          <containerEntry>/Assets/tpp/environ/object/middle_africa/rock/mafr_rock011/scenes/mafr_rock011.fmdl</containerEntry>
        </property>
        <property name="geomFile" type="FilePtr" container="StaticArray" arraySize="1">
          <containerEntry>/Assets/tpp/environ/object/middle_africa/rock/mafr_rock011/scenes/mafr_rock011.geom</containerEntry>
        </property>
        <property name="isVisibleGeom" type="Bool" container="StaticArray" arraySize="1">
          <containerEntry>false</containerEntry>
        </property>
        <property name="lodFarSize" type="Float" container="StaticArray" arraySize="1">
          <containerEntry>-1</containerEntry>
        </property>
        <property name="lodNearSize" type="Float" container="StaticArray" arraySize="1">
          <containerEntry>-1</containerEntry>
        </property>
        <property name="lodPolygonSize" type="Float" container="StaticArray" arraySize="1">
          <containerEntry>-1</containerEntry>
        </property>
        <property name="drawRejectionLevel" type="Int32" container="StaticArray" arraySize="1">
          <containerEntry>8</containerEntry>
        </property>
        <property name="drawMode" type="Int32" container="StaticArray" arraySize="1">
          <containerEntry>0</containerEntry>
        </property>
        <property name="rejectFarRangeShadowCast" type="Int32" container="StaticArray" arraySize="1">
          <containerEntry>2</containerEntry>
        </property>
        <property name="parentLocator" type="EntityLink" container="StaticArray" arraySize="1">
          <containerEntry packagePathHash="0xB8A0BF169F98" archivePathHash="0xB8A0BF169F98" nameInArchiveHash="0xB8A0BF169F98">0x0</containerEntry>
        </property>
        <property name="transforms" type="Matrix4" container="DynamicArray" arraySize="8">
          <containerEntry r11="-0.9347853" r12="0.040484477" r13="0.35289124" r14="0" r21="-0.016987871" r22="0.9872514" r23="-0.15825939" r24="0" r31="-0.35479942" r32="-0.1539337" r33="-0.92218035" r34="0" r41="-248.0024" r42="0.16365099" r43="-299.331" r44="1"></containerEntry>
          <containerEntry r11="0.8529508" r12="-0.017716106" r13="-0.5216884" r14="0" r21="0.29148293" r22="0.84525424" r23="0.44786465" r24="0" r31="0.43302485" r32="-0.53406984" r33="0.7261243" r34="0" r41="-218.87796" r42="6.522749" r43="-354.79172" r44="1"></containerEntry>
          <containerEntry r11="-0.8713025" r12="0.074868195" r13="0.48499137" r14="0" r21="-0.10414935" r22="0.93756855" r23="-0.33184037" r24="0" r31="-0.47955692" r32="-0.3396456" r33="-0.80910826" r34="0" r41="-171.296" r42="-0.770562" r43="-295.2763" r44="1"></containerEntry>
          <containerEntry r11="-0.89755374" r12="0.027029926" r13="-0.44006914" r14="0" r21="0.20627755" r22="0.9078862" r23="-0.36495474" r24="0" r31="0.389668" r32="-0.4183437" r33="-0.82045215" r34="0" r41="-180.34204" r42="-0.073227" r43="-296.17227" r44="1"></containerEntry>
          <containerEntry r11="-0.98284465" r12="0.02619503" r13="0.18254037" r14="0" r21="-0.03503984" r22="0.9452994" r23="-0.3243166" r24="0" r31="-0.18105078" r32="-0.32514954" r33="-0.9281645" r34="0" r41="-206.09982" r42="1.879732" r43="-316.5152" r44="1"></containerEntry>
          <containerEntry r11="-0.6346294" r12="0.2114498" r13="-0.7433186" r14="0" r21="0.5054985" r22="0.84112245" r23="-0.19231252" r24="0" r31="0.5845574" r32="-0.49779403" r33="-0.6406885" r34="0" r41="-232.24037" r42="3.2272305" r43="-315.9453" r44="1"></containerEntry>
          <containerEntry r11="0.8372063" r12="-0.013904158" r13="0.54670495" r14="0" r21="-0.26244557" r22="0.86682856" r23="0.4239464" r24="0" r31="-0.47979403" r32="-0.4984109" r33="0.72206527" r34="0" r41="-138.704" r42="-3.677012" r43="-258.94028" r44="1"></containerEntry>
          <containerEntry r11="0.23581204" r12="0.1622406" r13="-0.95815843" r14="0" r21="0.46885103" r22="0.8446329" r23="0.25840613" r24="0" r31="0.851216" r32="-0.51016897" r33="0.12310796" r34="0" r41="-259.78485" r42="3.671124" r43="-308.3962" r44="1"></containerEntry>
        </property>
        <property name="colors" type="UInt32" container="DynamicArray" arraySize="8">
          <containerEntry>4294967295</containerEntry>
          <containerEntry>4294967295</containerEntry>
          <containerEntry>4294967295</containerEntry>
          <containerEntry>4294967295</containerEntry>
          <containerEntry>4294967295</containerEntry>
          <containerEntry>4294967295</containerEntry>
          <containerEntry>4294967295</containerEntry>
          <containerEntry>4294967295</containerEntry>
        </property>
      </staticProperties>
      <dynamicProperties></dynamicProperties>
    </entity>
    <entity class="StaticModelArrayLinkTarget" classVersion="0" classID="0x48" addr="0x2D7E860" id="0x0">
      <staticProperties>
        <property name="name" type="String" container="StaticArray" arraySize="1">
          <containerEntry>mafr_rock011_0022</containerEntry>
        </property>
        <property name="dataSet" type="EntityHandle" container="StaticArray" arraySize="1">
          <containerEntry>0x2EF4680</containerEntry>
        </property>
        <property name="staticModelArray" type="EntityHandle" container="StaticArray" arraySize="1">
          <containerEntry>0x2D7E710</containerEntry>
        </property>
        <property name="arrayIndex" type="UInt32" container="StaticArray" arraySize="1">
          <containerEntry>0</containerEntry>
        </property>
      </staticProperties>
      <dynamicProperties></dynamicProperties>
    </entity>
    <entity class="StaticModelArrayLinkTarget" classVersion="0" classID="0x48" addr="0x2D7EBE0" id="0x0">
      <staticProperties>
        <property name="name" type="String" container="StaticArray" arraySize="1">
          <containerEntry>mafr_rock011_0002</containerEntry>
        </property>
        <property name="dataSet" type="EntityHandle" container="StaticArray" arraySize="1">
          <containerEntry>0x2EF4680</containerEntry>
        </property>
        <property name="staticModelArray" type="EntityHandle" container="StaticArray" arraySize="1">
          <containerEntry>0x2D7E710</containerEntry>
        </property>
        <property name="arrayIndex" type="UInt32" container="StaticArray" arraySize="1">
          <containerEntry>4</containerEntry>
        </property>
      </staticProperties>
      <dynamicProperties></dynamicProperties>
    </entity>
    <entity class="StaticModelArrayLinkTarget" classVersion="0" classID="0x48" addr="0x2D7B760" id="0x0">
      <staticProperties>
        <property name="name" type="String" container="StaticArray" arraySize="1">
          <containerEntry>mafr_rock011_0004</containerEntry>
        </property>
        <property name="dataSet" type="EntityHandle" container="StaticArray" arraySize="1">
          <containerEntry>0x2EF4680</containerEntry>
        </property>
        <property name="staticModelArray" type="EntityHandle" container="StaticArray" arraySize="1">
          <containerEntry>0x2D7E710</containerEntry>
        </property>
        <property name="arrayIndex" type="UInt32" container="StaticArray" arraySize="1">
          <containerEntry>5</containerEntry>
        </property>
      </staticProperties>
      <dynamicProperties></dynamicProperties>
    </entity>
    <entity class="StaticModelArrayLinkTarget" classVersion="0" classID="0x48" addr="0x2D7EB70" id="0x0">
      <staticProperties>
        <property name="name" type="String" container="StaticArray" arraySize="1">
          <containerEntry>mafr_rock011_0023</containerEntry>
        </property>
        <property name="dataSet" type="EntityHandle" container="StaticArray" arraySize="1">
          <containerEntry>0x2EF4680</containerEntry>
        </property>
        <property name="staticModelArray" type="EntityHandle" container="StaticArray" arraySize="1">
          <containerEntry>0x2D7E710</containerEntry>
        </property>
        <property name="arrayIndex" type="UInt32" container="StaticArray" arraySize="1">
          <containerEntry>7</containerEntry>
        </property>
      </staticProperties>
      <dynamicProperties></dynamicProperties>
    </entity>
    <entity class="StaticModelArray" classVersion="4" classID="0xD0" addr="0x2EF4C30" id="0x0">
      <staticProperties>
        <property name="name" type="String" container="StaticArray" arraySize="1">
          <containerEntry>StaticModelArray0005</containerEntry>
        </property>
        <property name="dataSet" type="EntityHandle" container="StaticArray" arraySize="1">
          <containerEntry>0x2EF4680</containerEntry>
        </property>
        <property name="modelFile" type="FilePtr" container="StaticArray" arraySize="1">
          <containerEntry>/Assets/tpp/environ/object/middle_africa/mud/mafr_mudd003/scenes/mafr_mudd003.fmdl</containerEntry>
        </property>
        <property name="geomFile" type="FilePtr" container="StaticArray" arraySize="1">
          <containerEntry>/Assets/tpp/environ/object/middle_africa/mud/mafr_mudd003/scenes/mafr_mudd003.geom</containerEntry>
        </property>
        <property name="isVisibleGeom" type="Bool" container="StaticArray" arraySize="1">
          <containerEntry>false</containerEntry>
        </property>
        <property name="lodFarSize" type="Float" container="StaticArray" arraySize="1">
          <containerEntry>-1</containerEntry>
        </property>
        <property name="lodNearSize" type="Float" container="StaticArray" arraySize="1">
          <containerEntry>-1</containerEntry>
        </property>
        <property name="lodPolygonSize" type="Float" container="StaticArray" arraySize="1">
          <containerEntry>-1</containerEntry>
        </property>
        <property name="drawRejectionLevel" type="Int32" container="StaticArray" arraySize="1">
          <containerEntry>8</containerEntry>
        </property>
        <property name="drawMode" type="Int32" container="StaticArray" arraySize="1">
          <containerEntry>0</containerEntry>
        </property>
        <property name="rejectFarRangeShadowCast" type="Int32" container="StaticArray" arraySize="1">
          <containerEntry>2</containerEntry>
        </property>
        <property name="parentLocator" type="EntityLink" container="StaticArray" arraySize="1">
          <containerEntry packagePathHash="0xB8A0BF169F98" archivePathHash="0xB8A0BF169F98" nameInArchiveHash="0xB8A0BF169F98">0x0</containerEntry>
        </property>
        <property name="transforms" type="Matrix4" container="DynamicArray" arraySize="4">
          <containerEntry r11="0.99990577" r12="-0.013729354" r13="9.4256444e-05" r14="0" r21="0.013729354" r22="0.99981153" r23="-0.013729354" r24="0" r31="9.4256444e-05" r32="0.013729354" r33="0.99990577" r34="0" r41="-236.9757" r42="-0.731732" r43="-264.42456" r44="1"></containerEntry>
          <containerEntry r11="0.9993302" r12="0.036592353" r13="-0.00033489004" r14="0" r21="-0.036592353" r22="0.9991628" r23="-0.018296177" r24="0" r31="-0.00033489004" r32="0.018296177" r33="0.9998326" r34="0" r41="-236.09825" r42="-0.58197" r43="-273.27045" r44="1"></containerEntry>
          <containerEntry r11="0.4186259" r12="-0.01372888" r13="-0.90805525" r14="0" r21="-0.0067221588" r22="0.99981153" r23="-0.018215157" r24="0" r31="0.90813416" r32="0.01372943" r33="0.4184547" r34="0" r41="-245.37161" r42="-0.616451" r43="-264.42535" r44="1"></containerEntry>
          <containerEntry r11="0.08625037" r12="-0.013730474" r13="-0.99617964" r14="0" r21="-0.012495417" r22="0.9998115" r23="-0.014862421" r24="0" r31="0.99619585" r32="0.013729571" r33="0.08606255" r34="0" r41="-232.34245" r42="-0.717789" r43="-258.776" r44="1"></containerEntry>
        </property>
        <property name="colors" type="UInt32" container="DynamicArray" arraySize="4">
          <containerEntry>4294967295</containerEntry>
          <containerEntry>4294967295</containerEntry>
          <containerEntry>4294967295</containerEntry>
          <containerEntry>4294967295</containerEntry>
        </property>
      </staticProperties>
      <dynamicProperties></dynamicProperties>
    </entity>
    <entity class="StaticModelArray" classVersion="4" classID="0xD0" addr="0x2D7E7F0" id="0x0">
      <staticProperties>
        <property name="name" type="String" container="StaticArray" arraySize="1">
