<fox formatVersion="2" fileVersion="0">
  <entities>
    <entity class="DataSet" classVersion="0" classID="0xE8" addr="0x3352EE0" id="0x530DD0">
      <staticProperties>
        <property name="name" type="String" container="StaticArray" arraySize="1">
          <containerEntry hash="0xB8A0BF169F98"></containerEntry>
        </property>
        <property name="dataSet" type="EntityHandle" container="StaticArray" arraySize="1">
          <containerEntry>0x0</containerEntry>
        </property>
        <property name="dataList" type="EntityPtr" container="StringMap" arraySize="13">
          <containerEntry key="afgh_clff022_vrtn004_0000">
            <data>0x3353AB0</data>
          </containerEntry>
          <containerEntry key="afgh_clff013_0009">
            <data>0x3175090</data>
          </containerEntry>
          <containerEntry key="afgh_rock010_vrtn001_0006">
            <data>0x31761A0</data>
          </containerEntry>
          <containerEntry key="StaticModelArray0000">
            <data>0x3357BE0</data>
          </containerEntry>
          <containerEntry key="StaticModelArray0001">
            <data>0x3357630</data>
          </containerEntry>
          <containerEntry key="StaticModelArray0002">
            <data>0x3352A10</data>
          </containerEntry>
          <containerEntry key="StaticModelArray0003">
            <data>0x3355100</data>
          </containerEntry>
          <containerEntry key="StaticModelArray0004">
            <data>0x3357240</data>
          </containerEntry>
          <containerEntry key="StaticModelArray0005">
            <data>0x33571D0</data>
          </containerEntry>
          <containerEntry key="StaticModelArray0006">
            <data>0x33572B0</data>
          </containerEntry>
          <containerEntry key="StaticModelArray0007">
            <data>0x3357320</data>
          </containerEntry>
          <containerEntry key="StaticModelArray0008">
            <data>0x3357390</data>
          </containerEntry>
          <containerEntry key="TexturePackLoadConditioner0000">
            <data>0x3358040</data>
          </containerEntry>
        </property>
      </staticProperties>
      <dynamicProperties></dynamicProperties>
    </entity>
    <entity class="StaticModel" classVersion="9" classID="0x160" addr="0x3353AB0" id="0x530E0D">
      <staticProperties>
        <property name="name" type="String" container="StaticArray" arraySize="1">
          <containerEntry>afgh_clff022_vrtn004_0000</containerEntry>
        </property>
        <property name="dataSet" type="EntityHandle" container="StaticArray" arraySize="1">
          <containerEntry>0x3352EE0</containerEntry>
        </property>
        <property name="parent" type="EntityHandle" container="StaticArray" arraySize="1">
          <containerEntry>0x0</containerEntry>
        </property>
        <property name="transform" type="EntityPtr" container="StaticArray" arraySize="1">
          <containerEntry>0x3353B90</containerEntry>
        </property>
        <property name="shearTransform" type="EntityPtr" container="StaticArray" arraySize="1">
          <containerEntry>0x0</containerEntry>
        </property>
        <property name="pivotTransform" type="EntityPtr" container="StaticArray" arraySize="1">
          <containerEntry>0x0</containerEntry>
        </property>
        <property name="children" type="EntityHandle" container="List"></property>
        <property name="flags" type="UInt32" container="StaticArray" arraySize="1">
          <containerEntry>3221225479</containerEntry>
        </property>
        <property name="modelFile" type="FilePtr" container="StaticArray" arraySize="1">
          <containerEntry>/Assets/tpp/environ/object/afghanistan/cliff/afgh_clff022/scenes/afgh_clff022_vrtn004.fmdl</containerEntry>
        </property>
        <property name="geomFile" type="FilePtr" container="StaticArray" arraySize="1">
          <containerEntry>/Assets/tpp/environ/object/afghanistan/cliff/afgh_clff022/scenes/afgh_clff022_vrtn004.geom</containerEntry>
        </property>
        <property name="isVisibleGeom" type="Bool" container="StaticArray" arraySize="1">
          <containerEntry>false</containerEntry>
        </property>
        <property name="isIsolated" type="Bool" container="StaticArray" arraySize="1">
          <containerEntry>false</containerEntry>
        </property>
        <property name="lodFarSize" type="Float" container="StaticArray" arraySize="1">
          <containerEntry>-1</containerEntry>
        </property>
        <property name="lodNearSize" type="Float" container="StaticArray" arraySize="1">
          <containerEntry>-1</containerEntry>
        </property>
        <property name="lodPolygonSize" type="Float" container="StaticArray" arraySize="1">
          <containerEntry>-1</containerEntry>
        </property>
        <property name="color" type="Color" container="StaticArray" arraySize="1">
          <containerEntry r="1" g="1" b="1" a="1"></containerEntry>
        </property>
        <property name="drawRejectionLevel" type="Int32" container="StaticArray" arraySize="1">
          <containerEntry>8</containerEntry>
        </property>
        <property name="drawMode" type="Int32" container="StaticArray" arraySize="1">
          <containerEntry>0</containerEntry>
        </property>
        <property name="rejectFarRangeShadowCast" type="Int32" container="StaticArray" arraySize="1">
          <containerEntry>2</containerEntry>
        </property>
      </staticProperties>
      <dynamicProperties></dynamicProperties>
    </entity>
    <entity class="TransformEntity" classVersion="0" classID="0x50" addr="0x3353B90" id="0x530E10">
      <staticProperties>
        <property name="owner" type="EntityHandle" container="StaticArray" arraySize="1">
          <containerEntry>0x3353AB0</containerEntry>
        </property>
        <property name="transform_scale" type="Vector3" container="StaticArray" arraySize="1">
          <containerEntry x="1" y="1" z="1" w="0"></containerEntry>
        </property>
        <property name="transform_rotation_quat" type="Quat" container="StaticArray" arraySize="1">
          <containerEntry x="0" y="-0.989837" z="0" w="0.142209"></containerEntry>
        </property>
        <property name="transform_translation" type="Vector3" container="StaticArray" arraySize="1">
          <containerEntry x="201.44708" y="293.19266" z="2003.8186" w="1"></containerEntry>
        </property>
      </staticProperties>
      <dynamicProperties></dynamicProperties>
    </entity>
    <entity class="StaticModel" classVersion="9" classID="0x160" addr="0x3175090" id="0x530E60">
      <staticProperties>
        <property name="name" type="String" container="StaticArray" arraySize="1">
          <containerEntry>afgh_clff013_0009</containerEntry>
        </property>
        <property name="dataSet" type="EntityHandle" container="StaticArray" arraySize="1">
          <containerEntry>0x3352EE0</containerEntry>
        </property>
        <property name="parent" type="EntityHandle" container="StaticArray" arraySize="1">
          <containerEntry>0x0</containerEntry>
        </property>
        <property name="transform" type="EntityPtr" container="StaticArray" arraySize="1">
          <containerEntry>0x3175100</containerEntry>
        </property>
        <property name="shearTransform" type="EntityPtr" container="StaticArray" arraySize="1">
          <containerEntry>0x0</containerEntry>
        </property>
        <property name="pivotTransform" type="EntityPtr" container="StaticArray" arraySize="1">
          <containerEntry>0x0</containerEntry>
        </property>
        <property name="children" type="EntityHandle" container="List"></property>
        <property name="flags" type="UInt32" container="StaticArray" arraySize="1">
          <containerEntry>3221225479</containerEntry>
        </property>
        <property name="modelFile" type="FilePtr" container="StaticArray" arraySize="1">
          <containerEntry>/Assets/tpp/environ/object/afghanistan/cliff/afgh_clff013/scenes/afgh_clff013.fmdl</containerEntry>
        </property>
        <property name="geomFile" type="FilePtr" container="StaticArray" arraySize="1">
          <containerEntry>/Assets/tpp/environ/object/afghanistan/cliff/afgh_clff013/scenes/afgh_clff013.geom</containerEntry>
        </property>
        <property name="isVisibleGeom" type="Bool" container="StaticArray" arraySize="1">
          <containerEntry>false</containerEntry>
        </property>
        <property name="isIsolated" type="Bool" container="StaticArray" arraySize="1">
          <containerEntry>false</containerEntry>
        </property>
        <property name="lodFarSize" type="Float" container="StaticArray" arraySize="1">
          <containerEntry>-1</containerEntry>
        </property>
        <property name="lodNearSize" type="Float" container="StaticArray" arraySize="1">
          <containerEntry>-1</containerEntry>
        </property>
        <property name="lodPolygonSize" type="Float" container="StaticArray" arraySize="1">
          <containerEntry>-1</containerEntry>
        </property>
        <property name="color" type="Color" container="StaticArray" arraySize="1">
          <containerEntry r="1" g="1" b="1" a="1"></containerEntry>
        </property>
        <property name="drawRejectionLevel" type="Int32" container="StaticArray" arraySize="1">
          <containerEntry>8</containerEntry>
        </property>
        <property name="drawMode" type="Int32" container="StaticArray" arraySize="1">
          <containerEntry>0</containerEntry>
        </property>
        <property name="rejectFarRangeShadowCast" type="Int32" container="StaticArray" arraySize="1">
          <containerEntry>2</containerEntry>
        </property>
      </staticProperties>
      <dynamicProperties></dynamicProperties>
    </entity>
    <entity class="TransformEntity" classVersion="0" classID="0x50" addr="0x3175100" id="0x530E63">
      <staticProperties>
        <property name="owner" type="EntityHandle" container="StaticArray" arraySize="1">
          <containerEntry>0x3175090</containerEntry>
        </property>
        <property name="transform_scale" type="Vector3" container="StaticArray" arraySize="1">
          <containerEntry x="1" y="1" z="1" w="0"></containerEntry>
        </property>
        <property name="transform_rotation_quat" type="Quat" container="StaticArray" arraySize="1">
          <containerEntry x="-0.008816" y="-0.001939" z="-0.029573" w="-0.999521"></containerEntry>
        </property>
        <property name="transform_translation" type="Vector3" container="StaticArray" arraySize="1">
          <containerEntry x="245.56854" y="292.54327" z="1957.2097" w="0"></containerEntry>
        </property>
      </staticProperties>
      <dynamicProperties></dynamicProperties>
    </entity>
    <entity class="StaticModel" classVersion="9" classID="0x160" addr="0x31761A0" id="0x530EBE">
      <staticProperties>
        <property name="name" type="String" container="StaticArray" arraySize="1">
          <containerEntry>afgh_rock010_vrtn001_0006</containerEntry>
        </property>
        <property name="dataSet" type="EntityHandle" container="StaticArray" arraySize="1">
          <containerEntry>0x3352EE0</containerEntry>
        </property>
        <property name="parent" type="EntityHandle" container="StaticArray" arraySize="1">
          <containerEntry>0x0</containerEntry>
        </property>
        <property name="transform" type="EntityPtr" container="StaticArray" arraySize="1">
          <containerEntry>0x3176210</containerEntry>
        </property>
        <property name="shearTransform" type="EntityPtr" container="StaticArray" arraySize="1">
          <containerEntry>0x0</containerEntry>
        </property>
        <property name="pivotTransform" type="EntityPtr" container="StaticArray" arraySize="1">
          <containerEntry>0x0</containerEntry>
        </property>
        <property name="children" type="EntityHandle" container="List"></property>
        <property name="flags" type="UInt32" container="StaticArray" arraySize="1">
          <containerEntry>3221225479</containerEntry>
        </property>
        <property name="modelFile" type="FilePtr" container="StaticArray" arraySize="1">
          <containerEntry>/Assets/tpp/environ/object/afghanistan/rock/afgh_rock010/scenes/afgh_rock010_vrtn001.fmdl</containerEntry>
        </property>
        <property name="geomFile" type="FilePtr" container="StaticArray" arraySize="1">
          <containerEntry>/Assets/tpp/environ/object/afghanistan/rock/afgh_rock010/scenes/afgh_rock010_vrtn001.geom</containerEntry>
        </property>
        <property name="isVisibleGeom" type="Bool" container="StaticArray" arraySize="1">
          <containerEntry>false</containerEntry>
        </property>
        <property name="isIsolated" type="Bool" container="StaticArray" arraySize="1">
          <containerEntry>false</containerEntry>
        </property>
        <property name="lodFarSize" type="Float" container="StaticArray" arraySize="1">
          <containerEntry>-1</containerEntry>
        </property>
        <property name="lodNearSize" type="Float" container="StaticArray" arraySize="1">
          <containerEntry>-1</containerEntry>
        </property>
        <property name="lodPolygonSize" type="Float" container="StaticArray" arraySize="1">
          <containerEntry>-1</containerEntry>
        </property>
        <property name="color" type="Color" container="StaticArray" arraySize="1">
          <containerEntry r="1" g="1" b="1" a="1"></containerEntry>
        </property>
        <property name="drawRejectionLevel" type="Int32" container="StaticArray" arraySize="1">
          <containerEntry>4</containerEntry>
        </property>
        <property name="drawMode" type="Int32" container="StaticArray" arraySize="1">
          <containerEntry>0</containerEntry>
        </property>
        <property name="rejectFarRangeShadowCast" type="Int32" container="StaticArray" arraySize="1">
          <containerEntry>2</containerEntry>
        </property>
      </staticProperties>
      <dynamicProperties></dynamicProperties>
    </entity>
    <entity class="TransformEntity" classVersion="0" classID="0x50" addr="0x3176210" id="0x530EC1">
      <staticProperties>
        <property name="owner" type="EntityHandle" container="StaticArray" arraySize="1">
          <containerEntry>0x31761A0</containerEntry>
        </property>
        <property name="transform_scale" type="Vector3" container="StaticArray" arraySize="1">
          <containerEntry x="1" y="1" z="1" w="0"></containerEntry>
        </property>
        <property name="transform_rotation_quat" type="Quat" container="StaticArray" arraySize="1">
          <containerEntry x="0.009653" y="0.678163" z="0.01194" w="0.734751"></containerEntry>
        </property>
        <property name="transform_translation" type="Vector3" container="StaticArray" arraySize="1">
          <containerEntry x="246.61748" y="278.4449" z="2040.952" w="0"></containerEntry>
        </property>
      </staticProperties>
      <dynamicProperties></dynamicProperties>
    </entity>
    <entity class="StaticModelArray" classVersion="4" classID="0xD0" addr="0x3357BE0" id="0x0">
      <staticProperties>
        <property name="name" type="String" container="StaticArray" arraySize="1">
          <containerEntry>StaticModelArray0000</containerEntry>
        </property>
        <property name="dataSet" type="EntityHandle" container="StaticArray" arraySize="1">
          <containerEntry>0x3352EE0</containerEntry>
        </property>
        <property name="modelFile" type="FilePtr" container="StaticArray" arraySize="1">
          <containerEntry>/Assets/tpp/environ/object/afghanistan/rock/afgh_rock009/scenes/afgh_rock009_rock002.fmdl</containerEntry>
        </property>
        <property name="geomFile" type="FilePtr" container="StaticArray" arraySize="1">
          <containerEntry>/Assets/tpp/environ/object/afghanistan/rock/afgh_rock009/scenes/afgh_rock009_rock002.geom</containerEntry>
        </property>
        <property name="isVisibleGeom" type="Bool" container="StaticArray" arraySize="1">
          <containerEntry>false</containerEntry>
        </property>
        <property name="lodFarSize" type="Float" container="StaticArray" arraySize="1">
          <containerEntry>-1</containerEntry>
        </property>
        <property name="lodNearSize" type="Float" container="StaticArray" arraySize="1">
          <containerEntry>-1</containerEntry>
        </property>
        <property name="lodPolygonSize" type="Float" container="StaticArray" arraySize="1">
          <containerEntry>-1</containerEntry>
        </property>
        <property name="drawRejectionLevel" type="Int32" container="StaticArray" arraySize="1">
          <containerEntry>8</containerEntry>
        </property>
        <property name="drawMode" type="Int32" container="StaticArray" arraySize="1">
          <containerEntry>0</containerEntry>
        </property>
        <property name="rejectFarRangeShadowCast" type="Int32" container="StaticArray" arraySize="1">
          <containerEntry>2</containerEntry>
        </property>
        <property name="parentLocator" type="EntityLink" container="StaticArray" arraySize="1">
          <containerEntry packagePathHash="0xB8A0BF169F98" archivePathHash="0xB8A0BF169F98" nameInArchiveHash="0xB8A0BF169F98">0x0</containerEntry>
        </property>
        <property name="transforms" type="Matrix4" container="DynamicArray" arraySize="31">
          <containerEntry r11="0.9990072" r12="0" r13="-0.044548903" r14="0" r21="0" r22="1" r23="0" r24="0" r31="0.044548903" r32="0" r33="0.9990072" r34="0" r41="140.62607" r42="283.0035" r43="1986.7245" r44="1"></containerEntry>
          <containerEntry r11="0.9990072" r12="0" r13="-0.044548903" r14="0" r21="0" r22="1" r23="0" r24="0" r31="0.044548903" r32="0" r33="0.9990072" r34="0" r41="140.62607" r42="283.96964" r43="1975.0524" r44="1"></containerEntry>
          <containerEntry r11="0.022118997" r12="-0.32011688" r13="0.94711864" r14="0" r21="-0.010023832" r22="0.9472329" r23="0.3203892" r24="0" r31="-0.999704" r32="-0.01658009" r33="0.01774311" r34="0" r41="137.87193" r42="284.84265" r43="1960.4078" r44="1"></containerEntry>
          <containerEntry r11="0.62678826" r12="-0.77918905" r13="0" r14="0" r21="0.77918905" r22="0.62678826" r23="0" r24="0" r31="0" r32="0" r33="1" r34="0" r41="159.91415" r42="281.36276" r43="2001.3567" r44="1"></containerEntry>
          <containerEntry r11="0.62678814" r12="-0.7791892" r13="3.5762787e-07" r14="0" r21="0.21553579" r22="0.17338055" r23="0.9609795" r24="0" r31="-0.74878573" r32="-0.60233015" r33="0.27661654" r34="0" r41="167.62514" r42="282.31482" r43="2007.2396" r44="1"></containerEntry>
          <containerEntry r11="0.1611306" r12="-0.98423064" r13="-0.072955996" r14="0" r21="0.11443889" r22="0.09205827" r23="-0.98915327" r24="0" r31="0.9802736" r32="0.1510317" r33="0.12746993" r34="0" r41="180.80133" r42="285.36783" r43="2003.1562" r44="1"></containerEntry>
          <containerEntry r11="0.9830455" r12="0.18336175" r13="0" r14="0" r21="-0.18336175" r22="0.9830455" r23="0" r24="0" r31="0" r32="0" r33="1" r34="0" r41="160.46042" r42="279.24463" r43="2018.0692" r44="1"></containerEntry>
          <containerEntry r11="0.9830455" r12="0.18336175" r13="0" r14="0" r21="-0.18336175" r22="0.9830455" r23="0" r24="0" r31="0" r32="0" r33="1" r34="0" r41="151.82529" r42="275.08093" r43="2019.6758" r44="1"></containerEntry>
          <containerEntry r11="0.6546311" r12="0.21607712" r13="-0.72440946" r14="0" r21="0.117304385" r22="-0.9757074" r23="-0.18502915" r24="0" r31="-0.74679184" r32="0.036149457" r33="-0.6640753" r34="0" r41="147.69757" r42="275.4084" r43="2019.6758" r44="1"></containerEntry>
          <containerEntry r11="-0.6984861" r12="0.05138285" r13="-0.71377575" r14="0" r21="0.11730349" r22="-0.9757062" r23="-0.18502939" r24="0" r31="-0.7059432" r32="-0.21296898" r33="0.675491" r34="0" r41="150.41219" r42="275.84814" r43="2036.2134" r44="1"></containerEntry>
          <containerEntry r11="-0.6984861" r12="0.05138285" r13="-0.71377575" r14="0" r21="0.11730349" r22="-0.9757062" r23="-0.18502939" r24="0" r31="-0.7059432" r32="-0.21296898" r33="0.675491" r34="0" r41="166" r42="281.0079" r43="2024" r44="1"></containerEntry>
          <containerEntry r11="-0.6984861" r12="0.05138285" r13="-0.71377575" r14="0" r21="0.11730349" r22="-0.9757062" r23="-0.18502939" r24="0" r31="-0.7059432" r32="-0.21296898" r33="0.675491" r34="0" r41="161.88957" r42="280.60043" r43="2039.7657" r44="1"></containerEntry>
          <containerEntry r11="0.6764966" r12="0.21490979" r13="-0.70439065" r14="0" r21="0.11730397" r22="-0.97570705" r23="-0.18502975" r24="0" r31="-0.7270434" r32="0.0425442" r33="-0.68527234" r34="0" r41="191.1493" r42="281.55508" r43="2042.4034" r44="1"></containerEntry>
          <containerEntry r11="0.13748688" r12="-0.98993796" r13="-0.0334529" r14="0" r21="0.1212222" r22="-0.016702592" r23="0.9924842" r24="0" r31="-0.98305726" r32="-0.14050826" r33="0.11770666" r34="0" r41="202.37465" r42="282.18164" r43="2044.3986" r44="1"></containerEntry>
          <containerEntry r11="1.2934581" r12="-0.41908336" r13="0.33366948" r14="0" r21="-0.01934434" r22="0.83491623" r23="1.1236283" r24="0" r31="-0.5353429" r32="-1.042729" r33="0.7655873" r34="0" r41="207.1154" r42="282.4001" r43="2044.2374" r44="1"></containerEntry>
          <containerEntry r11="0.42033905" r12="0.13108674" r13="-0.8978472" r14="0" r21="0.15525177" r22="-0.9853046" r23="-0.07117293" r24="0" r31="-0.8939855" r32="-0.10947589" r33="-0.43451172" r34="0" r41="169.61765" r42="285.52438" r43="1999.9668" r44="1"></containerEntry>
          <containerEntry r11="0.9809564" r12="0.1452524" r13="0.12894297" r14="0" r21="0.15525219" r22="-0.98530304" r23="-0.07117322" r24="0" r31="0.11671037" r32="0.08983654" r33="-0.98909" r34="0" r41="174" r42="284.6175" r43="2002" r44="1"></containerEntry>
          <containerEntry r11="-0.9512808" r12="-0.14613764" r13="0.27147514" r14="0" r21="0.13827194" r22="-0.98922586" r23="-0.047988646" r24="0" r31="0.27556455" r32="-0.008113427" r33="0.9612482" r34="0" r41="190.1503" r42="286.12042" r43="1975.954" r44="1"></containerEntry>
          <containerEntry r11="-0.6475835" r12="-0.2402647" r13="-0.72311455" r14="0" r21="0.14944027" r22="-0.9705963" r23="0.18866354" r24="0" r31="-0.7471877" r32="0.014113791" r33="0.66446114" r34="0" r41="194.4592" r42="286.88174" r43="1994.8384" r44="1"></containerEntry>
          <containerEntry r11="-0.9722299" r12="0.09730271" r13="0.2127997" r14="0" r21="-0.21681163" r22="-0.03257944" r23="-0.9756649" r24="0" r31="-0.08800141" r32="-0.9947168" r33="0.05278021" r34="0" r41="188.5685" r42="286.05258" r43="1996.2145" r44="1"></containerEntry>
          <containerEntry r11="-0.088002145" r12="-0.9947176" r13="0.052776903" r14="0" r21="-0.21681249" r22="-0.032580853" r23="-0.97566605" r24="0" r31="0.97223496" r32="-0.09730688" r33="-0.2127971" r34="0" r41="198.66747" r42="286.17072" r43="1989.881" r44="1"></containerEntry>
          <containerEntry r11="0.28403035" r12="-0.026833922" r13="0.9584371" r14="0" r21="-0.55554545" r22="0.8101121" r23="0.18731353" r24="0" r31="-0.7814672" r32="-0.5856595" r33="0.2151894" r34="0" r41="188.45247" r42="285.40317" r43="1977.685" r44="1"></containerEntry>
          <containerEntry r11="-0.20920171" r12="-0.35908315" r13="0.90955365" r14="0" r21="-0.24585733" r22="0.9195749" r23="0.3064894" r24="0" r31="-0.946458" r32="-0.15950195" r33="-0.28065985" r34="0" r41="194.77003" r42="285.40317" r43="1977.3802" r44="1"></containerEntry>
          <containerEntry r11="-0.29604596" r12="0.14294201" r13="0.9444133" r14="0" r21="-0.95015913" r22="-0.1452086" r23="-0.2758716" r24="0" r31="0.09770644" r32="-0.9790174" r33="0.17881098" r34="0" r41="202.17422" r42="286.62924" r43="1973.5667" r44="1"></containerEntry>
          <containerEntry r11="0.3786478" r12="-0.29074192" r13="0.87868655" r14="0" r21="-0.6092335" r22="0.6364" r23="0.47310328" r24="0" r31="-0.69674635" r32="-0.71446574" r33="0.06384194" r34="0" r41="207.61708" r42="286.85904" r43="1974.0892" r44="1"></containerEntry>
          <containerEntry r11="0.17160732" r12="-0.32118112" r13="-0.9313377" r14="0" r21="-0.028654143" r22="-0.94658655" r23="0.32116088" r24="0" r31="-0.9847468" r32="-0.02842623" r33="-0.17164086" r34="0" r41="217.47566" r42="288.8234" r43="1990.7006" r44="1"></containerEntry>
          <containerEntry r11="0.045271635" r12="0.9378109" r13="0.34417698" r14="0" r21="0.082705826" r22="0.33983067" r23="-0.9368418" r24="0" r31="-0.9955435" r32="0.0708763" r33="-0.062176764" r34="0" r41="223.27856" r42="288.189" r43="1985.8922" r44="1"></containerEntry>
          <containerEntry r11="-0.079030596" r12="0.10350954" r13="1.3085304" r14="0" r21="-0.17988418" r22="1.2976829" r23="-0.113516115" r24="0" r31="-1.3002337" r32="-0.18582249" r33="-0.06383026" r34="0" r41="235.66617" r42="289.52072" r43="1989.7836" r44="1"></containerEntry>
          <containerEntry r11="-0.041769415" r12="0.9936873" r13="0.104092926" r14="0" r21="0.09853256" r22="0.10777578" r23="-0.989278" r24="0" r31="-0.994254" r32="-0.03106767" r33="-0.10241008" r34="0" r41="246.74463" r42="292.52936" r43="1990.3923" r44="1"></containerEntry>
          <containerEntry r11="0.2560399" r12="0.95958424" r13="0.1167793" r14="0" r21="0.07943237" r22="0.09951556" r23="-0.9918578" r24="0" r31="-0.9633949" r32="0.26322907" r33="-0.05074039" r34="0" r41="253.67444" r42="294.60864" r43="1995.6421" r44="1"></containerEntry>
          <containerEntry r11="-0.08800161" r12="-0.9947175" r13="0.05277577" r14="0" r21="-0.90906954" r22="0.05854523" r23="-0.4125028" r24="0" r31="0.40723556" r32="-0.08427948" r33="-0.90941906" r34="0" r41="183.23569" r42="285.25565" r43="1998.524" r44="1"></containerEntry>
        </property>
        <property name="colors" type="UInt32" container="DynamicArray" arraySize="31">
          <containerEntry>4294967295</containerEntry>
          <containerEntry>4294967295</containerEntry>
          <containerEntry>4294967295</containerEntry>
          <containerEntry>4294967295</containerEntry>
          <containerEntry>4294967295</containerEntry>
          <containerEntry>4294967295</containerEntry>
          <containerEntry>4294967295</containerEntry>
          <containerEntry>4294967295</containerEntry>
          <containerEntry>4294967295</containerEntry>
          <containerEntry>4294967295</containerEntry>
          <containerEntry>4294967295</containerEntry>
          <containerEntry>4294967295</containerEntry>
          <containerEntry>4294967295</containerEntry>
          <containerEntry>4294967295</containerEntry>
          <containerEntry>4294967295</containerEntry>
          <containerEntry>4294967295</containerEntry>
          <containerEntry>4294967295</containerEntry>
          <containerEntry>4294967295</containerEntry>
          <containerEntry>4294967295</containerEntry>
          <containerEntry>4294967295</containerEntry>
          <containerEntry>4294967295</containerEntry>
          <containerEntry>4294967295</containerEntry>
          <containerEntry>4294967295</containerEntry>
          <containerEntry>4294967295</containerEntry>
          <containerEntry>4294967295</containerEntry>
          <containerEntry>4294967295</containerEntry>
          <containerEntry>4294967295</containerEntry>
          <containerEntry>4294967295</containerEntry>
          <containerEntry>4294967295</containerEntry>
          <containerEntry>4294967295</containerEntry>
          <containerEntry>4294967295</containerEntry>
        </property>
      </staticProperties>
      <dynamicProperties></dynamicProperties>
    </entity>
    <entity class="StaticModelArray" classVersion="4" classID="0xD0" addr="0x3357630" id="0x0">
      <staticProperties>
        <property name="name" type="String" container="StaticArray" arraySize="1">
          <containerEntry>StaticModelArray0001</containerEntry>
        </property>
        <property name="dataSet" type="EntityHandle" container="StaticArray" arraySize="1">
          <containerEntry>0x3352EE0</containerEntry>
        </property>
        <property name="modelFile" type="FilePtr" container="StaticArray" arraySize="1">
          <containerEntry>/Assets/tpp/environ/object/afghanistan/rock/afgh_rock001/scenes/afgh_rock001.fmdl</containerEntry>
        </property>
        <property name="geomFile" type="FilePtr" container="StaticArray" arraySize="1">
          <containerEntry>/Assets/tpp/environ/object/afghanistan/rock/afgh_rock001/scenes/afgh_rock001.geom</containerEntry>
        </property>
        <property name="isVisibleGeom" type="Bool" container="StaticArray" arraySize="1">
          <containerEntry>false</containerEntry>
        </property>
        <property name="lodFarSize" type="Float" container="StaticArray" arraySize="1">
          <containerEntry>-1</containerEntry>
        </property>
        <property name="lodNearSize" type="Float" container="StaticArray" arraySize="1">
          <containerEntry>-1</containerEntry>
        </property>
        <property name="lodPolygonSize" type="Float" container="StaticArray" arraySize="1">
          <containerEntry>-1</containerEntry>
        </property>
        <property name="drawRejectionLevel" type="Int32" container="StaticArray" arraySize="1">
          <containerEntry>8</containerEntry>
        </property>
        <property name="drawMode" type="Int32" container="StaticArray" arraySize="1">
          <containerEntry>0</containerEntry>
        </property>
        <property name="rejectFarRangeShadowCast" type="Int32" container="StaticArray" arraySize="1">
          <containerEntry>2</containerEntry>
        </property>
        <property name="parentLocator" type="EntityLink" container="StaticArray" arraySize="1">
          <containerEntry packagePathHash="0xB8A0BF169F98" archivePathHash="0xB8A0BF169F98" nameInArchiveHash="0xB8A0BF169F98">0x0</containerEntry>
        </property>
        <property name="transforms" type="Matrix4" container="DynamicArray" arraySize="34">
          <containerEntry r11="0.86661804" r12="-0.4989721" r13="0" r14="0" r21="0.4989721" r22="0.86661804" r23="0" r24="0" r31="0" r32="0" r33="1" r34="0" r41="144.93848" r42="275.4985" r43="2026.2377" r44="1"></containerEntry>
          <containerEntry r11="0.86661804" r12="-0.4989721" r13="0" r14="0" r21="0.4989721" r22="0.86661804" r23="0" r24="0" r31="0" r32="0" r33="1" r34="0" r41="144.38951" r42="275.8146" r43="2039.5946" r44="1"></containerEntry>
          <containerEntry r11="0.9566443" r12="0.29125857" r13="0" r14="0" r21="-0.29125857" r22="0.9566443" r23="0" r24="0" r31="0" r32="0" r33="1" r34="0" r41="160.16478" r42="279.50934" r43="2040.778" r44="1"></containerEntry>
          <containerEntry r11="0.9104365" r12="0.4136486" r13="0" r14="0" r21="-0.4136486" r22="0.9104365" r23="0" r24="0" r31="0" r32="0" r33="1" r34="0" r41="159.87947" r42="278.33743" r43="2022.972" r44="1"></containerEntry>
          <containerEntry r11="-0.8068548" r12="-0.36658806" r13="-0.46324304" r14="0" r21="-0.41364872" r22="0.91043645" r23="6.854534e-07" r24="0" r31="0.42175302" r32="0.1916207" r33="-0.8862287" r34="0" r41="173.11075" r42="282.99362" r43="2020.9757" r44="1"></containerEntry>
          <containerEntry r11="-0.8068548" r12="-0.36658806" r13="-0.46324304" r14="0" r21="-0.41364872" r22="0.91043645" r23="6.854534e-07" r24="0" r31="0.42175302" r32="0.1916207" r33="-0.8862287" r34="0" r41="169.3978" r42="282.99362" r43="2034.7733" r44="1"></containerEntry>
          <containerEntry r11="0.06753659" r12="-0.09199396" r13="0.9934655" r14="0" r21="0.6900898" r22="-0.7148281" r23="-0.11310452" r24="0" r31="0.72056407" r32="0.6932198" r33="0.015209131" r34="0" r41="171.1909" r42="282.58893" r43="2012.5568" r44="1"></containerEntry>
          <containerEntry r11="0.06753659" r12="-0.09199396" r13="0.9934655" r14="0" r21="0.6900898" r22="-0.7148281" r23="-0.11310452" r24="0" r31="0.72056407" r32="0.6932198" r33="0.015209131" r34="0" r41="166.35454" r42="284.20575" r43="1999.7379" r44="1"></containerEntry>
          <containerEntry r11="0.06753659" r12="-0.09199396" r13="0.9934655" r14="0" r21="0.6900898" r22="-0.7148281" r23="-0.11310452" r24="0" r31="0.72056407" r32="0.6932198" r33="0.015209131" r34="0" r41="177.66338" r42="284.60037" r43="2005.0594" r44="1"></containerEntry>
          <containerEntry r11="0.067536235" r12="-0.09199274" r13="0.99346554" r14="0" r21="-0.16594559" r22="-0.9829035" r23="-0.07973401" r24="0" r31="0.9838183" r32="-0.1594766" r33="-0.081644915" r34="0" r41="170.42169" r42="285.3055" r43="1998.7073" r44="1"></containerEntry>
          <containerEntry r11="0.14815515" r12="0.46790445" r13="0.8712714" r14="0" r21="0.31660932" r22="-0.85706615" r23="0.40643883" r24="0" r31="0.9369135" r32="0.2156372" r33="-0.27512032" r34="0" r41="161.19508" r42="281.86676" r43="1995.1229" r44="1"></containerEntry>
          <containerEntry r11="-0.97933257" r12="-0.19949047" r13="0.03324832" r14="0" r21="0.17464773" r22="-0.91710085" r23="-0.35835537" r24="0" r31="0.101980746" r32="-0.3451434" r33="0.9329929" r34="0" r41="161.19508" r42="282.6094" r43="1982.5865" r44="1"></containerEntry>
          <containerEntry r11="-0.97933424" r12="-0.19949204" r13="0.033248883" r14="0" r21="0.13817021" r22="-0.7800162" r23="-0.61031306" r24="0" r31="0.14768735" r32="-0.593107" r33="0.79146206" r34="0" r41="152.81178" r42="284.8069" r43="1964.8676" r44="1"></containerEntry>
          <containerEntry r11="-0.74731433" r12="-0.093260124" r13="0.6578916" r14="0" r21="0.20173733" r22="-0.9752095" r23="0.09091638" r24="0" r31="0.63310415" r32="0.20066462" r33="0.7476045" r34="0" r41="136.60115" r42="290.11603" r43="1933.2799" r44="1"></containerEntry>
          <containerEntry r11="-0.8504258" r12="0.12367731" r13="0.5113463" r14="0" r21="-0.26020038" r22="-0.9436459" r23="-0.20450664" r24="0" r31="0.4572383" r32="-0.3069709" r33="0.8346865" r34="0" r41="161.98749" r42="286.34528" r43="1969.2109" r44="1"></containerEntry>
          <containerEntry r11="0.97789973" r12="-0.13349962" r13="-0.1609034" r14="0" r21="-0.19300285" r22="-0.28051507" r23="-0.9402437" r24="0" r31="0.08038626" r32="0.95051897" r33="-0.30008143" r34="0" r41="179.56944" r42="285.5111" r43="1976.2101" r44="1"></containerEntry>
          <containerEntry r11="0.22098047" r12="0.27132246" r13="0.9367765" r14="0" r21="-0.45637974" r22="-0.8200981" r23="0.3451857" r24="0" r31="0.861907" r32="-0.5038053" r33="-0.0573981" r34="0" r41="185.51143" r42="284.83047" r43="1996.1185" r44="1"></containerEntry>
          <containerEntry r11="0.856911" r12="0.27459857" r13="0.43623284" r14="0" r21="-0.10948067" r22="-0.73002636" r23="0.6745925" r24="0" r31="0.5037037" r32="-0.6258248" r33="-0.59550434" r34="0" r41="184.3475" r42="287.8882" r43="1999.4006" r44="1"></containerEntry>
          <containerEntry r11="-0.83111066" r12="-0.16301422" r13="-0.53167593" r14="0" r21="0.23566009" r22="0.7627386" r23="-0.6022406" r24="0" r31="0.5037036" r32="-0.62582415" r33="-0.595504" r34="0" r41="189.88817" r42="286.26596" r43="1996.1943" r44="1"></containerEntry>
          <containerEntry r11="-0.83111066" r12="-0.16301422" r13="-0.53167593" r14="0" r21="0.23566009" r22="0.7627386" r23="-0.6022406" r24="0" r31="0.5037036" r32="-0.62582415" r33="-0.595504" r34="0" r41="182" r42="284.36118" r43="1992" r44="1"></containerEntry>
          <containerEntry r11="-0.9874416" r12="-0.15792185" r13="-0.004066023" r14="0" r21="0.15608087" r22="-0.9792568" r23="0.12919578" r24="0" r31="-0.024384543" r32="0.12693888" r33="0.99161077" r34="0" r41="204.1038" r42="287.31528" r43="1993.6743" r44="1"></containerEntry>
          <containerEntry r11="-1.3308598" r12="-0.24635838" r13="-0.7756977" r14="0" r21="0.11009253" r22="-1.5276387" r23="0.296287" r24="0" r31="-0.80639875" r32="0.19802502" r33="1.320646" r34="0" r41="210.35959" r42="293.80637" r43="1996.6604" r44="1"></containerEntry>
          <containerEntry r11="-0.4971259" r12="-0.8569168" r13="-0.13621789" r14="0" r21="-0.8666955" r22="0.48294836" r23="0.12489305" r24="0" r31="-0.041237" r32="0.18014742" r33="-0.98277205" r34="0" r41="209.38152" r42="288.79416" r43="1992.8425" r44="1"></containerEntry>
          <containerEntry r11="-0.47407827" r12="-0.15879884" r13="0.8660429" r14="0" r21="-0.050884835" r22="0.9868991" r23="0.15310426" r24="0" r31="-0.8790098" r32="0.0285151" r33="-0.47594786" r34="0" r41="210.94766" r42="289.61667" r43="1972.7557" r44="1"></containerEntry>
          <containerEntry r11="-0.47407836" r12="-0.5705457" r13="0.67061555" r14="0" r21="-0.050884217" r22="0.77812713" r23="0.62604207" r24="0" r31="-0.87900996" r32="0.26266986" r33="-0.39792478" r34="0" r41="196.08246" r42="285.89938" r43="1976.2462" r44="1"></containerEntry>
          <containerEntry r11="-0.42709684" r12="-0.06274956" r13="0.9020251" r14="0" r21="-0.013571141" r22="0.9979216" r23="0.062994815" r24="0" r31="-0.90410316" r32="0.014663419" r33="-0.42706072" r34="0" r41="191.9501" r42="285.89948" r43="1988.4656" r44="1"></containerEntry>
          <containerEntry r11="-0.9034184" r12="-0.26961923" r13="-0.33337858" r14="0" r21="-0.1940653" r22="0.9504681" r23="-0.24279422" r24="0" r31="0.3823277" r32="-0.15464747" r33="-0.9109941" r34="0" r41="229.07224" r42="288.7734" r43="1993.5972" r44="1"></containerEntry>
          <containerEntry r11="-0.9034184" r12="-0.26961923" r13="-0.33337858" r14="0" r21="-0.1940653" r22="0.9504681" r23="-0.24279422" r24="0" r31="0.3823277" r32="-0.15464747" r33="-0.9109941" r34="0" r41="224.66248" r42="295.6616" r43="1997.4645" r44="1"></containerEntry>
          <containerEntry r11="-0.9034169" r12="-0.26961845" r13="-0.33337793" r14="0" r21="-0.33632988" r22="0.9278804" r23="0.16099708" r24="0" r31="0.265927" r32="0.25757277" r33="-0.9289435" r34="0" r41="239.7039" r42="289.9055" r43="1985.4291" r44="1"></containerEntry>
          <containerEntry r11="-0.55583847" r12="-0.26961967" r13="0.78635" r14="0" r21="-0.37988612" r22="0.9237759" r23="0.048213013" r24="0" r31="-0.7394103" r32="-0.271925" r33="-0.6158949" r34="0" r41="250.0052" r42="294.51846" r43="1992.0625" r44="1"></containerEntry>
          <containerEntry r11="-0.9034174" r12="-0.26961923" r13="-0.33337837" r14="0" r21="-0.14489119" r22="0.92377603" r23="-0.35446337" r24="0" r31="0.40353715" r32="-0.271925" r33="-0.8736208" r34="0" r41="247.31975" r42="293.5733" r43="1994.3527" r44="1"></containerEntry>
          <containerEntry r11="-0.26443848" r12="-0.076857716" r13="-0.96133363" r14="0" r21="-0.066666186" r22="0.9958916" r23="-0.06128225" r24="0" r31="0.96209407" r32="0.047883037" r33="-0.2684759" r34="0" r41="251.59796" r42="294.51596" r43="1996.3724" r44="1"></containerEntry>
          <containerEntry r11="-0.8946185" r12="-0.34089127" r13="-0.28886867" r14="0" r21="-0.39866272" r22="0.90092295" r23="0.17148066" r24="0" r31="0.201792" r32="0.26857162" r33="-0.9418829" r34="0" r41="248.83408" r42="291.8253" r43="1965.3871" r44="1"></containerEntry>
          <containerEntry r11="-0.21656609" r12="0.078892045" r13="-0.97307515" r14="0" r21="-0.06497245" r22="0.99335504" r23="0.0949964" r24="0" r31="0.97410357" r32="0.08379606" r33="-0.21000123" r34="0" r41="244.66714" r42="291.55505" r43="1966.8683" r44="1"></containerEntry>
        </property>
        <property name="colors" type="UInt32" container="DynamicArray" arraySize="34">
          <containerEntry>4294967295</containerEntry>
          <containerEntry>4294967295</containerEntry>
          <containerEntry>4294967295</containerEntry>
          <containerEntry>4294967295</containerEntry>
          <containerEntry>4294967295</containerEntry>
          <containerEntry>4294967295</containerEntry>
          <containerEntry>4294967295</containerEntry>
