<fox formatVersion="2" fileVersion="0">
  <entities>
    <entity class="DataSet" classVersion="0" classID="0xE8" addr="0x2EE3260" id="0x831DE">
      <staticProperties>
        <property name="name" type="String" container="StaticArray" arraySize="1">
          <containerEntry hash="0xB8A0BF169F98"></containerEntry>
        </property>
        <property name="dataSet" type="EntityHandle" container="StaticArray" arraySize="1">
          <containerEntry>0x0</containerEntry>
        </property>
        <property name="dataList" type="EntityPtr" container="StringMap" arraySize="7">
          <containerEntry key="afgh_clff024_vrtn001_0001">
            <data>0x2EE36C0</data>
          </containerEntry>
          <containerEntry key="StaticModelArray0000">
            <data>0x2D77F60</data>
          </containerEntry>
          <containerEntry key="StaticModelArray0001">
            <data>0x2D77FD0</data>
          </containerEntry>
          <containerEntry key="StaticModelArray0002">
            <data>0x2D78040</data>
          </containerEntry>
          <containerEntry key="StaticModelArray0003">
            <data>0x2D78120</data>
          </containerEntry>
          <containerEntry key="StaticModelArray0004">
            <data>0x2D780B0</data>
          </containerEntry>
          <containerEntry key="TexturePackLoadConditioner0000">
            <data>0x2D785F0</data>
          </containerEntry>
        </property>
      </staticProperties>
      <dynamicProperties></dynamicProperties>
    </entity>
    <entity class="StaticModel" classVersion="9" classID="0x160" addr="0x2EE36C0" id="0x831F5">
      <staticProperties>
        <property name="name" type="String" container="StaticArray" arraySize="1">
          <containerEntry>afgh_clff024_vrtn001_0001</containerEntry>
        </property>
        <property name="dataSet" type="EntityHandle" container="StaticArray" arraySize="1">
          <containerEntry>0x2EE3260</containerEntry>
        </property>
        <property name="parent" type="EntityHandle" container="StaticArray" arraySize="1">
          <containerEntry>0x0</containerEntry>
        </property>
        <property name="transform" type="EntityPtr" container="StaticArray" arraySize="1">
          <containerEntry>0x2EE3730</containerEntry>
        </property>
        <property name="shearTransform" type="EntityPtr" container="StaticArray" arraySize="1">
          <containerEntry>0x0</containerEntry>
        </property>
        <property name="pivotTransform" type="EntityPtr" container="StaticArray" arraySize="1">
          <containerEntry>0x0</containerEntry>
        </property>
        <property name="children" type="EntityHandle" container="List"></property>
        <property name="flags" type="UInt32" container="StaticArray" arraySize="1">
          <containerEntry>3221225479</containerEntry>
        </property>
        <property name="modelFile" type="FilePtr" container="StaticArray" arraySize="1">
          <containerEntry>/Assets/tpp/environ/object/afghanistan/cliff/afgh_clff024/scenes/afgh_clff024_vrtn001.fmdl</containerEntry>
        </property>
        <property name="geomFile" type="FilePtr" container="StaticArray" arraySize="1">
          <containerEntry>/Assets/tpp/environ/object/afghanistan/cliff/afgh_clff024/scenes/afgh_clff024_vrtn001.geom</containerEntry>
        </property>
        <property name="isVisibleGeom" type="Bool" container="StaticArray" arraySize="1">
          <containerEntry>false</containerEntry>
        </property>
        <property name="isIsolated" type="Bool" container="StaticArray" arraySize="1">
          <containerEntry>false</containerEntry>
        </property>
        <property name="lodFarSize" type="Float" container="StaticArray" arraySize="1">
          <containerEntry>-1</containerEntry>
        </property>
        <property name="lodNearSize" type="Float" container="StaticArray" arraySize="1">
          <containerEntry>-1</containerEntry>
        </property>
        <property name="lodPolygonSize" type="Float" container="StaticArray" arraySize="1">
          <containerEntry>-1</containerEntry>
        </property>
        <property name="color" type="Color" container="StaticArray" arraySize="1">
          <containerEntry r="1" g="1" b="1" a="1"></containerEntry>
        </property>
        <property name="drawRejectionLevel" type="Int32" container="StaticArray" arraySize="1">
          <containerEntry>8</containerEntry>
        </property>
        <property name="drawMode" type="Int32" container="StaticArray" arraySize="1">
          <containerEntry>0</containerEntry>
        </property>
        <property name="rejectFarRangeShadowCast" type="Int32" container="StaticArray" arraySize="1">
          <containerEntry>2</containerEntry>
        </property>
      </staticProperties>
      <dynamicProperties></dynamicProperties>
    </entity>
    <entity class="TransformEntity" classVersion="0" classID="0x50" addr="0x2EE3730" id="0x831F8">
      <staticProperties>
        <property name="owner" type="EntityHandle" container="StaticArray" arraySize="1">
          <containerEntry>0x2EE36C0</containerEntry>
        </property>
        <property name="transform_scale" type="Vector3" container="StaticArray" arraySize="1">
          <containerEntry x="1" y="1" z="1" w="0"></containerEntry>
        </property>
        <property name="transform_rotation_quat" type="Quat" container="StaticArray" arraySize="1">
          <containerEntry x="0" y="0.77846" z="0" w="0.627693"></containerEntry>
        </property>
        <property name="transform_translation" type="Vector3" container="StaticArray" arraySize="1">
          <containerEntry x="1136.2628" y="365.9316" z="29.542221" w="0"></containerEntry>
        </property>
      </staticProperties>
      <dynamicProperties></dynamicProperties>
    </entity>
    <entity class="StaticModelArray" classVersion="4" classID="0xD0" addr="0x2D77F60" id="0x0">
      <staticProperties>
        <property name="name" type="String" container="StaticArray" arraySize="1">
          <containerEntry>StaticModelArray0000</containerEntry>
        </property>
        <property name="dataSet" type="EntityHandle" container="StaticArray" arraySize="1">
          <containerEntry>0x2EE3260</containerEntry>
        </property>
        <property name="modelFile" type="FilePtr" container="StaticArray" arraySize="1">
          <containerEntry>/Assets/tpp/environ/object/afghanistan/tree/afgh_tree011/scenes/afgh_tree011_vrtn001.fmdl</containerEntry>
        </property>
        <property name="geomFile" type="FilePtr" container="StaticArray" arraySize="1">
          <containerEntry>/Assets/tpp/environ/object/afghanistan/tree/afgh_tree011/scenes/afgh_tree011_vrtn001.geom</containerEntry>
        </property>
        <property name="isVisibleGeom" type="Bool" container="StaticArray" arraySize="1">
          <containerEntry>false</containerEntry>
        </property>
        <property name="lodFarSize" type="Float" container="StaticArray" arraySize="1">
          <containerEntry>-1</containerEntry>
        </property>
        <property name="lodNearSize" type="Float" container="StaticArray" arraySize="1">
          <containerEntry>-1</containerEntry>
        </property>
        <property name="lodPolygonSize" type="Float" container="StaticArray" arraySize="1">
          <containerEntry>-1</containerEntry>
        </property>
        <property name="drawRejectionLevel" type="Int32" container="StaticArray" arraySize="1">
          <containerEntry>8</containerEntry>
        </property>
        <property name="drawMode" type="Int32" container="StaticArray" arraySize="1">
          <containerEntry>0</containerEntry>
        </property>
        <property name="rejectFarRangeShadowCast" type="Int32" container="StaticArray" arraySize="1">
          <containerEntry>2</containerEntry>
        </property>
        <property name="parentLocator" type="EntityLink" container="StaticArray" arraySize="1">
          <containerEntry packagePathHash="0xB8A0BF169F98" archivePathHash="0xB8A0BF169F98" nameInArchiveHash="0xB8A0BF169F98">0x0</containerEntry>
        </property>
        <property name="transforms" type="Matrix4" container="DynamicArray" arraySize="5">
          <containerEntry r11="-0.62874174" r12="0" r13="0.7776142" r14="0" r21="0" r22="1" r23="0" r24="0" r31="-0.7776142" r32="0" r33="-0.62874174" r34="0" r41="1057.7742" r42="387.45386" r43="79.78419" r44="1"></containerEntry>
          <containerEntry r11="0.91655815" r12="0" r13="0.3999013" r14="0" r21="0" r22="1" r23="0" r24="0" r31="-0.3999013" r32="0" r33="0.91655815" r34="0" r41="1044.6276" r42="386.46805" r43="58.262947" r44="1"></containerEntry>
          <containerEntry r11="-0.9998119" r12="0" r13="0.019321091" r14="0" r21="0" r22="1" r23="0" r24="0" r31="-0.019321091" r32="0" r33="-0.9998119" r34="0" r41="1080.8145" r42="394.42465" r43="94.92041" r44="1"></containerEntry>
          <containerEntry r11="-0.62874174" r12="0" r13="0.7776142" r14="0" r21="0" r22="1" r23="0" r24="0" r31="-0.7776142" r32="0" r33="-0.62874174" r34="0" r41="1064" r42="397.50693" r43="96" r44="1"></containerEntry>
          <containerEntry r11="-0.42170596" r12="0" r13="0.9067311" r14="0" r21="0" r22="1" r23="0" r24="0" r31="-0.9067311" r32="0" r33="-0.42170596" r34="0" r41="1035.4198" r42="389.77875" r43="75.22956" r44="1"></containerEntry>
        </property>
        <property name="colors" type="UInt32" container="DynamicArray" arraySize="5">
          <containerEntry>4294967295</containerEntry>
          <containerEntry>4294967295</containerEntry>
          <containerEntry>4294967295</containerEntry>
          <containerEntry>4294967295</containerEntry>
          <containerEntry>4294967295</containerEntry>
        </property>
      </staticProperties>
      <dynamicProperties></dynamicProperties>
    </entity>
    <entity class="StaticModelArray" classVersion="4" classID="0xD0" addr="0x2D77FD0" id="0x0">
      <staticProperties>
        <property name="name" type="String" container="StaticArray" arraySize="1">
          <containerEntry>StaticModelArray0001</containerEntry>
        </property>
        <property name="dataSet" type="EntityHandle" container="StaticArray" arraySize="1">
          <containerEntry>0x2EE3260</containerEntry>
        </property>
        <property name="modelFile" type="FilePtr" container="StaticArray" arraySize="1">
          <containerEntry>/Assets/tpp/environ/object/afghanistan/rock/afgh_rock010/scenes/afgh_rock010.fmdl</containerEntry>
        </property>
        <property name="geomFile" type="FilePtr" container="StaticArray" arraySize="1">
          <containerEntry>/Assets/tpp/environ/object/afghanistan/rock/afgh_rock010/scenes/afgh_rock010.geom</containerEntry>
        </property>
        <property name="isVisibleGeom" type="Bool" container="StaticArray" arraySize="1">
          <containerEntry>false</containerEntry>
        </property>
        <property name="lodFarSize" type="Float" container="StaticArray" arraySize="1">
          <containerEntry>-1</containerEntry>
        </property>
        <property name="lodNearSize" type="Float" container="StaticArray" arraySize="1">
          <containerEntry>-1</containerEntry>
        </property>
        <property name="lodPolygonSize" type="Float" container="StaticArray" arraySize="1">
          <containerEntry>-1</containerEntry>
        </property>
        <property name="drawRejectionLevel" type="Int32" container="StaticArray" arraySize="1">
          <containerEntry>8</containerEntry>
        </property>
        <property name="drawMode" type="Int32" container="StaticArray" arraySize="1">
          <containerEntry>0</containerEntry>
        </property>
        <property name="rejectFarRangeShadowCast" type="Int32" container="StaticArray" arraySize="1">
          <containerEntry>2</containerEntry>
        </property>
        <property name="parentLocator" type="EntityLink" container="StaticArray" arraySize="1">
          <containerEntry packagePathHash="0xB8A0BF169F98" archivePathHash="0xB8A0BF169F98" nameInArchiveHash="0xB8A0BF169F98">0x0</containerEntry>
        </property>
        <property name="transforms" type="Matrix4" container="DynamicArray" arraySize="3">
          <containerEntry r11="-0.649701" r12="0.063562974" r13="0.7575259" r14="0" r21="0.10877128" r22="0.99401766" r23="0.009882484" r24="0" r31="-0.75236595" r32="0.088817805" r33="-0.65272814" r34="0" r41="1104" r42="376.573" r43="20" r44="1"></containerEntry>
          <containerEntry r11="-0.6684043" r12="0.34154788" r13="0.66074055" r14="0" r21="0.28309903" r22="0.93829536" r23="-0.19863719" r24="0" r31="-0.68781394" r32="0.054284923" r33="-0.72385246" r34="0" r41="1139.7133" r42="373.05664" r43="67.067955" r44="1"></containerEntry>
          <containerEntry r11="0.3901518" r12="-0.0051167086" r13="-0.9207354" r14="0" r21="0.052586928" r22="0.99847615" r23="0.016734352" r24="0" r31="0.91924673" r32="-0.054947637" r33="0.38982636" r34="0" r41="1130.2982" r42="388.24405" r43="84" r44="1"></containerEntry>
        </property>
        <property name="colors" type="UInt32" container="DynamicArray" arraySize="3">
          <containerEntry>4294967295</containerEntry>
          <containerEntry>4294967295</containerEntry>
          <containerEntry>4294967295</containerEntry>
        </property>
      </staticProperties>
      <dynamicProperties></dynamicProperties>
    </entity>
    <entity class="StaticModelArray" classVersion="4" classID="0xD0" addr="0x2D78040" id="0x0">
      <staticProperties>
        <property name="name" type="String" container="StaticArray" arraySize="1">
          <containerEntry>StaticModelArray0002</containerEntry>
        </property>
        <property name="dataSet" type="EntityHandle" container="StaticArray" arraySize="1">
          <containerEntry>0x2EE3260</containerEntry>
        </property>
        <property name="modelFile" type="FilePtr" container="StaticArray" arraySize="1">
          <containerEntry>/Assets/tpp/environ/object/afghanistan/cliff/afgh_clff022/scenes/afgh_clff022_vrtn004.fmdl</containerEntry>
        </property>
        <property name="geomFile" type="FilePtr" container="StaticArray" arraySize="1">
          <containerEntry>/Assets/tpp/environ/object/afghanistan/cliff/afgh_clff022/scenes/afgh_clff022_vrtn004.geom</containerEntry>
        </property>
        <property name="isVisibleGeom" type="Bool" container="StaticArray" arraySize="1">
          <containerEntry>false</containerEntry>
        </property>
        <property name="lodFarSize" type="Float" container="StaticArray" arraySize="1">
          <containerEntry>-1</containerEntry>
        </property>
        <property name="lodNearSize" type="Float" container="StaticArray" arraySize="1">
          <containerEntry>-1</containerEntry>
        </property>
        <property name="lodPolygonSize" type="Float" container="StaticArray" arraySize="1">
          <containerEntry>-1</containerEntry>
        </property>
        <property name="drawRejectionLevel" type="Int32" container="StaticArray" arraySize="1">
          <containerEntry>8</containerEntry>
        </property>
        <property name="drawMode" type="Int32" container="StaticArray" arraySize="1">
          <containerEntry>0</containerEntry>
        </property>
        <property name="rejectFarRangeShadowCast" type="Int32" container="StaticArray" arraySize="1">
          <containerEntry>2</containerEntry>
        </property>
        <property name="parentLocator" type="EntityLink" container="StaticArray" arraySize="1">
          <containerEntry packagePathHash="0xB8A0BF169F98" archivePathHash="0xB8A0BF169F98" nameInArchiveHash="0xB8A0BF169F98">0x0</containerEntry>
        </property>
        <property name="transforms" type="Matrix4" container="DynamicArray" arraySize="4">
          <containerEntry r11="-0.74188626" r12="0.024109954" r13="-0.67009085" r14="0" r21="0.02186528" r22="0.9996917" r23="0.011761015" r24="0" r31="0.67016786" r32="-0.0059263855" r33="-0.74218476" r34="0" r41="1037.4862" r42="384.82843" r43="6.250381" r44="1"></containerEntry>
          <containerEntry r11="-0.92820954" r12="0.0074985097" r13="-0.37197343" r14="0" r21="0.008141002" r22="0.99996686" r23="-0.00015678897" r24="0" r31="0.3719599" r32="-0.003173775" r33="-0.9282398" r34="0" r41="1120.6685" r42="388.8898" r43="71.308586" r44="1"></containerEntry>
          <containerEntry r11="-0.9949738" r12="-0.023493037" r13="-0.097333245" r14="0" r21="-0.032841172" r22="0.9948796" r23="0.09558279" r24="0" r31="0.09458933" r32="0.098298974" r33="-0.99065065" r34="0" r41="1084.7268" r42="389.21405" r43="65.9959" r44="1"></containerEntry>
          <containerEntry r11="-0.30379617" r12="-0.005251184" r13="-0.9527199" r14="0" r21="-0.16589577" r22="0.985" r23="0.047470845" r24="0" r31="0.93817985" r32="0.17247409" r33="-0.30011034" r34="0" r41="1141.1058" r42="388.03888" r43="99.014496" r44="1"></containerEntry>
        </property>
        <property name="colors" type="UInt32" container="DynamicArray" arraySize="4">
          <containerEntry>4294967295</containerEntry>
          <containerEntry>4294967295</containerEntry>
          <containerEntry>4294967295</containerEntry>
          <containerEntry>4294967295</containerEntry>
        </property>
      </staticProperties>
      <dynamicProperties></dynamicProperties>
    </entity>
    <entity class="StaticModelArray" classVersion="4" classID="0xD0" addr="0x2D78120" id="0x0">
      <staticProperties>
        <property name="name" type="String" container="StaticArray" arraySize="1">
          <containerEntry>StaticModelArray0003</containerEntry>
        </property>
        <property name="dataSet" type="EntityHandle" container="StaticArray" arraySize="1">
          <containerEntry>0x2EE3260</containerEntry>
        </property>
        <property name="modelFile" type="FilePtr" container="StaticArray" arraySize="1">
          <containerEntry>/Assets/tpp/environ/object/afghanistan/tree/afgh_tree011/scenes/afgh_tree011_vrtn003.fmdl</containerEntry>
        </property>
        <property name="geomFile" type="FilePtr" container="StaticArray" arraySize="1">
          <containerEntry>/Assets/tpp/environ/object/afghanistan/tree/afgh_tree011/scenes/afgh_tree011_vrtn003.geom</containerEntry>
        </property>
        <property name="isVisibleGeom" type="Bool" container="StaticArray" arraySize="1">
          <containerEntry>false</containerEntry>
        </property>
        <property name="lodFarSize" type="Float" container="StaticArray" arraySize="1">
          <containerEntry>-1</containerEntry>
        </property>
        <property name="lodNearSize" type="Float" container="StaticArray" arraySize="1">
          <containerEntry>-1</containerEntry>
        </property>
        <property name="lodPolygonSize" type="Float" container="StaticArray" arraySize="1">
          <containerEntry>-1</containerEntry>
        </property>
        <property name="drawRejectionLevel" type="Int32" container="StaticArray" arraySize="1">
          <containerEntry>8</containerEntry>
        </property>
        <property name="drawMode" type="Int32" container="StaticArray" arraySize="1">
          <containerEntry>0</containerEntry>
        </property>
        <property name="rejectFarRangeShadowCast" type="Int32" container="StaticArray" arraySize="1">
          <containerEntry>2</containerEntry>
        </property>
        <property name="parentLocator" type="EntityLink" container="StaticArray" arraySize="1">
          <containerEntry packagePathHash="0xB8A0BF169F98" archivePathHash="0xB8A0BF169F98" nameInArchiveHash="0xB8A0BF169F98">0x0</containerEntry>
        </property>
        <property name="transforms" type="Matrix4" container="DynamicArray" arraySize="6">
          <containerEntry r11="0.97102404" r12="0" r13="0.23898189" r14="0" r21="0" r22="1" r23="0" r24="0" r31="-0.23898189" r32="0" r33="0.97102404" r34="0" r41="1046" r42="386.4225" r43="38" r44="1"></containerEntry>
          <containerEntry r11="1.0414233" r12="0" r13="0.25630808" r14="0" r21="0" r22="1.382977" r23="0" r24="0" r31="-0.25630808" r32="0" r33="1.0414233" r34="0" r41="1070" r42="392.47134" r43="76" r44="1"></containerEntry>
          <containerEntry r11="0.97102404" r12="0" r13="0.23898189" r14="0" r21="0" r22="1" r23="0" r24="0" r31="-0.23898189" r32="0" r33="0.97102404" r34="0" r41="1058" r42="388.17" r43="60" r44="1"></containerEntry>
          <containerEntry r11="0.84071505" r12="0" r13="-0.54147804" r14="0" r21="0" r22="1" r23="0" r24="0" r31="0.54147804" r32="0" r33="0.84071505" r34="0" r41="1070" r42="389.4383" r43="66" r44="1"></containerEntry>
          <containerEntry r11="0.81429875" r12="0" r13="-0.58044606" r14="0" r21="0" r22="1" r23="0" r24="0" r31="0.58044606" r32="0" r33="0.81429875" r34="0" r41="1082.4596" r42="395.46432" r43="86" r44="1"></containerEntry>
          <containerEntry r11="0.91106516" r12="0" r13="0.41226262" r14="0" r21="0" r22="1" r23="0" r24="0" r31="-0.41226262" r32="0" r33="0.91106516" r34="0" r41="1098" r42="398.2079" r43="102" r44="1"></containerEntry>
        </property>
        <property name="colors" type="UInt32" container="DynamicArray" arraySize="6">
          <containerEntry>4294967295</containerEntry>
          <containerEntry>4294967295</containerEntry>
          <containerEntry>4294967295</containerEntry>
          <containerEntry>4294967295</containerEntry>
          <containerEntry>4294967295</containerEntry>
          <containerEntry>4294967295</containerEntry>
        </property>
      </staticProperties>
      <dynamicProperties></dynamicProperties>
    </entity>
    <entity class="StaticModelArray" classVersion="4" classID="0xD0" addr="0x2D780B0" id="0x0">
      <staticProperties>
        <property name="name" type="String" container="StaticArray" arraySize="1">
          <containerEntry>StaticModelArray0004</containerEntry>
        </property>
        <property name="dataSet" type="EntityHandle" container="StaticArray" arraySize="1">
          <containerEntry>0x2EE3260</containerEntry>
        </property>
        <property name="modelFile" type="FilePtr" container="StaticArray" arraySize="1">
          <containerEntry>/Assets/tpp/environ/object/afghanistan/rock/afgh_rock010/scenes/afgh_rock010_vrtn001.fmdl</containerEntry>
        </property>
        <property name="geomFile" type="FilePtr" container="StaticArray" arraySize="1">
          <containerEntry>/Assets/tpp/environ/object/afghanistan/rock/afgh_rock010/scenes/afgh_rock010_vrtn001.geom</containerEntry>
        </property>
        <property name="isVisibleGeom" type="Bool" container="StaticArray" arraySize="1">
          <containerEntry>false</containerEntry>
        </property>
        <property name="lodFarSize" type="Float" container="StaticArray" arraySize="1">
          <containerEntry>-1</containerEntry>
        </property>
        <property name="lodNearSize" type="Float" container="StaticArray" arraySize="1">
          <containerEntry>-1</containerEntry>
        </property>
        <property name="lodPolygonSize" type="Float" container="StaticArray" arraySize="1">
          <containerEntry>-1</containerEntry>
        </property>
        <property name="drawRejectionLevel" type="Int32" container="StaticArray" arraySize="1">
          <containerEntry>8</containerEntry>
        </property>
        <property name="drawMode" type="Int32" container="StaticArray" arraySize="1">
          <containerEntry>0</containerEntry>
        </property>
        <property name="rejectFarRangeShadowCast" type="Int32" container="StaticArray" arraySize="1">
          <containerEntry>2</containerEntry>
        </property>
        <property name="parentLocator" type="EntityLink" container="StaticArray" arraySize="1">
          <containerEntry packagePathHash="0xB8A0BF169F98" archivePathHash="0xB8A0BF169F98" nameInArchiveHash="0xB8A0BF169F98">0x0</containerEntry>
        </property>
        <property name="transforms" type="Matrix4" container="DynamicArray" arraySize="6">
          <containerEntry r11="0.14140666" r12="-0.26245028" r13="0.9545229" r14="0" r21="-0.5088538" r22="-0.8463419" r23="-0.15732661" r24="0" r31="0.8491537" r32="-0.46346924" r33="-0.2532187" r34="0" r41="1104" r42="389.66873" r43="70.47046" r44="1"></containerEntry>
          <containerEntry r11="0.85141736" r12="-0.46781826" r13="-0.23713486" r14="0" r21="-0.5088542" r22="-0.8463425" r23="-0.15732566" r24="0" r31="-0.1270995" r32="0.2546174" r33="-0.95864177" r34="0" r41="1133.8567" r42="370.66028" r43="48.86207" r44="1"></containerEntry>
          <containerEntry r11="0.49200785" r12="0.7269716" r13="-0.47899514" r14="0" r21="0.8061496" r22="-0.17269176" r23="0.56594217" r24="0" r31="0.32870477" r32="-0.6645901" r33="-0.67101353" r34="0" r41="1131.6798" r42="377.025" r43="64" r44="1"></containerEntry>
          <containerEntry r11="-0.9037957" r12="0.22024266" r13="-0.36690882" r14="0" r21="-0.2067887" r22="-0.9754065" r23="-0.076126434" r24="0" r31="-0.3746563" r32="0.007069409" r33="0.9271363" r34="0" r41="1073.6211" r42="376.59207" r43="21.056139" r44="1"></containerEntry>
          <containerEntry r11="-0.34902716" r12="-0.93046415" r13="-0.11135286" r14="0" r21="-0.5872812" r22="0.3097918" r23="-0.74774396" r24="0" r31="0.73024905" r32="-0.19559345" r33="-0.6545675" r34="0" r41="1126" r42="390.1266" r43="96" r44="1"></containerEntry>
          <containerEntry r11="-0.200926" r12="0.18475144" r13="-0.96201754" r14="0" r21="-0.13330175" r22="-0.97806126" r23="-0.15999168" r24="0" r31="-0.9704852" r32="0.09609165" r33="0.22116351" r34="0" r41="1104.0582" r42="374.60837" r43="10.100924" r44="1"></containerEntry>
        </property>
        <property name="colors" type="UInt32" container="DynamicArray" arraySize="6">
          <containerEntry>4294967295</containerEntry>
          <containerEntry>4294967295</containerEntry>
          <containerEntry>4294967295</containerEntry>
          <containerEntry>4294967295</containerEntry>
          <containerEntry>4294967295</containerEntry>
          <containerEntry>4294967295</containerEntry>
        </property>
      </staticProperties>
      <dynamicProperties></dynamicProperties>
    </entity>
    <entity class="TexturePackLoadConditioner" classVersion="0" classID="0x48" addr="0x2D785F0" id="0x0">
      <staticProperties>
        <property name="name" type="String" container="StaticArray" arraySize="1">
          <containerEntry>TexturePackLoadConditioner0000</containerEntry>
        </property>
        <property name="dataSet" type="EntityHandle" container="StaticArray" arraySize="1">
          <containerEntry>0x2EE3260</containerEntry>
        </property>
        <property name="texturePackPath" type="Path" container="StaticArray" arraySize="1">
          <containerEntry hash="0xB8A0BF169F98"></containerEntry>
        </property>
      </staticProperties>
      <dynamicProperties></dynamicProperties>
    </entity>
  </entities>
</fox>