<fox formatVersion="2" fileVersion="0">
  <entities>
    <entity class="DataSet" classVersion="0" classID="0xE8" addr="0x2F04AE0" id="0x195489">
      <staticProperties>
        <property name="name" type="String" container="StaticArray" arraySize="1">
          <containerEntry hash="0xB8A0BF169F98"></containerEntry>
        </property>
        <property name="dataSet" type="EntityHandle" container="StaticArray" arraySize="1">
          <containerEntry>0x0</containerEntry>
        </property>
        <property name="dataList" type="EntityPtr" container="StringMap" arraySize="20">
          <containerEntry key="mafr_clff015_wall002_0009">
            <data>0x2F04A70</data>
          </containerEntry>
          <containerEntry key="cm_mafr_dc_grss003_">
            <data>0x2D7C950</data>
          </containerEntry>
          <containerEntry key="cm_mafr_rock002_vrtn001_">
            <data>0x2D7D2F0</data>
          </containerEntry>
          <containerEntry key="StaticModelArray0000">
            <data>0x2F06280</data>
          </containerEntry>
          <containerEntry key="mafr_clod001_0000">
            <data>0x2F062F0</data>
          </containerEntry>
          <containerEntry key="StaticModelArray0001">
            <data>0x2F06360</data>
          </containerEntry>
          <containerEntry key="mafr_rock011_0013">
            <data>0x2F063D0</data>
          </containerEntry>
          <containerEntry key="StaticModelArray0002">
            <data>0x2F06440</data>
          </containerEntry>
          <containerEntry key="StaticModelArray0003">
            <data>0x2F039D0</data>
          </containerEntry>
          <containerEntry key="StaticModelArray0004">
            <data>0x2F03B90</data>
          </containerEntry>
          <containerEntry key="StaticModelArray0005">
            <data>0x2F03EA0</data>
          </containerEntry>
          <containerEntry key="StaticModelArray0006">
            <data>0x2F056B0</data>
          </containerEntry>
          <containerEntry key="StaticModelArray0007">
            <data>0x2D7F820</data>
          </containerEntry>
          <containerEntry key="StaticModelArray0008">
            <data>0x2F036C0</data>
          </containerEntry>
          <containerEntry key="StaticModelArray0009">
            <data>0x2F03810</data>
          </containerEntry>
          <containerEntry key="StaticModelArray0010">
            <data>0x2F03880</data>
          </containerEntry>
          <containerEntry key="OccluderArray0000">
            <data>0x2F06590</data>
          </containerEntry>
          <containerEntry key="DecalArray0000">
            <data>0x2F06600</data>
          </containerEntry>
          <containerEntry key="DecalArray0001">
            <data>0x2F06750</data>
          </containerEntry>
          <containerEntry key="TexturePackLoadConditioner0000">
            <data>0x2F064B0</data>
          </containerEntry>
        </property>
      </staticProperties>
      <dynamicProperties></dynamicProperties>
    </entity>
    <entity class="StaticModel" classVersion="9" classID="0x160" addr="0x2F04A70" id="0x19548B">
      <staticProperties>
        <property name="name" type="String" container="StaticArray" arraySize="1">
          <containerEntry>mafr_clff015_wall002_0009</containerEntry>
        </property>
        <property name="dataSet" type="EntityHandle" container="StaticArray" arraySize="1">
          <containerEntry>0x2F04AE0</containerEntry>
        </property>
        <property name="parent" type="EntityHandle" container="StaticArray" arraySize="1">
          <containerEntry>0x0</containerEntry>
        </property>
        <property name="transform" type="EntityPtr" container="StaticArray" arraySize="1">
          <containerEntry>0x2F04A00</containerEntry>
        </property>
        <property name="shearTransform" type="EntityPtr" container="StaticArray" arraySize="1">
          <containerEntry>0x0</containerEntry>
        </property>
        <property name="pivotTransform" type="EntityPtr" container="StaticArray" arraySize="1">
          <containerEntry>0x0</containerEntry>
        </property>
        <property name="children" type="EntityHandle" container="List"></property>
        <property name="flags" type="UInt32" container="StaticArray" arraySize="1">
          <containerEntry>3221225479</containerEntry>
        </property>
        <property name="modelFile" type="FilePtr" container="StaticArray" arraySize="1">
          <containerEntry>/Assets/tpp/environ/object/middle_africa/cliff/mafr_clff015/scenes/mafr_clff015_wall002.fmdl</containerEntry>
        </property>
        <property name="geomFile" type="FilePtr" container="StaticArray" arraySize="1">
          <containerEntry>/Assets/tpp/environ/object/middle_africa/cliff/mafr_clff015/scenes/mafr_clff015_wall002.geom</containerEntry>
        </property>
        <property name="isVisibleGeom" type="Bool" container="StaticArray" arraySize="1">
          <containerEntry>false</containerEntry>
        </property>
        <property name="isIsolated" type="Bool" container="StaticArray" arraySize="1">
          <containerEntry>false</containerEntry>
        </property>
        <property name="lodFarSize" type="Float" container="StaticArray" arraySize="1">
          <containerEntry>-1</containerEntry>
        </property>
        <property name="lodNearSize" type="Float" container="StaticArray" arraySize="1">
          <containerEntry>-1</containerEntry>
        </property>
        <property name="lodPolygonSize" type="Float" container="StaticArray" arraySize="1">
          <containerEntry>-1</containerEntry>
        </property>
        <property name="color" type="Color" container="StaticArray" arraySize="1">
          <containerEntry r="1" g="1" b="1" a="1"></containerEntry>
        </property>
        <property name="drawRejectionLevel" type="Int32" container="StaticArray" arraySize="1">
          <containerEntry>8</containerEntry>
        </property>
        <property name="drawMode" type="Int32" container="StaticArray" arraySize="1">
          <containerEntry>0</containerEntry>
        </property>
        <property name="rejectFarRangeShadowCast" type="Int32" container="StaticArray" arraySize="1">
          <containerEntry>2</containerEntry>
        </property>
      </staticProperties>
      <dynamicProperties></dynamicProperties>
    </entity>
    <entity class="TransformEntity" classVersion="0" classID="0x50" addr="0x2F04A00" id="0x19548E">
      <staticProperties>
        <property name="owner" type="EntityHandle" container="StaticArray" arraySize="1">
          <containerEntry>0x2F04A70</containerEntry>
        </property>
        <property name="transform_scale" type="Vector3" container="StaticArray" arraySize="1">
          <containerEntry x="1" y="1" z="1" w="0"></containerEntry>
        </property>
        <property name="transform_rotation_quat" type="Quat" container="StaticArray" arraySize="1">
          <containerEntry x="0.025621" y="-0.515434" z="-0.039494" w="0.855635"></containerEntry>
        </property>
        <property name="transform_translation" type="Vector3" container="StaticArray" arraySize="1">
          <containerEntry x="1552.8613" y="137.3271" z="-1835.59" w="0"></containerEntry>
        </property>
      </staticProperties>
      <dynamicProperties></dynamicProperties>
    </entity>
    <entity class="Material" classVersion="6" classID="0xB0" addr="0x2D7C950" id="0x1957D0">
      <staticProperties>
        <property name="name" type="String" container="StaticArray" arraySize="1">
          <containerEntry>cm_mafr_dc_grss003_</containerEntry>
        </property>
        <property name="dataSet" type="EntityHandle" container="StaticArray" arraySize="1">
          <containerEntry>0x2F04AE0</containerEntry>
        </property>
        <property name="materialName" type="String" container="StaticArray" arraySize="1">
          <containerEntry hash="0xB8A0BF169F98"></containerEntry>
        </property>
        <property name="shader" type="Path" container="StaticArray" arraySize="1">
          <containerEntry hash="0xB8A0BF169F98"></containerEntry>
        </property>
        <property name="diffuseTexture" type="Path" container="StaticArray" arraySize="1">
          <containerEntry>/Assets/tpp/common_source/fmtr/decal/middle_africa/cm_mafr_dc_grss003/sourceimages/cm_mafr_dc_grss003_bsm_alp.ftex</containerEntry>
        </property>
        <property name="srmTexture" type="Path" container="StaticArray" arraySize="1">
          <containerEntry>/Assets/tpp/common_source/fmtr/decal/middle_africa/cm_mafr_dc_grss003/sourceimages/cm_mafr_dc_grss003_srm.ftex</containerEntry>
        </property>
        <property name="normalTexture" type="Path" container="StaticArray" arraySize="1">
          <containerEntry>/Assets/tpp/common_source/fmtr/decal/middle_africa/cm_mafr_dc_grss003/sourceimages/cm_mafr_dc_grss003_nrm.ftex</containerEntry>
        </property>
        <property name="materialMapTexture" type="Path" container="StaticArray" arraySize="1">
          <containerEntry hash="0xB8A0BF169F98"></containerEntry>
        </property>
        <property name="materialIndex" type="UInt8" container="StaticArray" arraySize="1">
          <containerEntry>42</containerEntry>
        </property>
        <property name="diffuseColor" type="Color" container="StaticArray" arraySize="1">
          <containerEntry r="1" g="1" b="1" a="1"></containerEntry>
        </property>
        <property name="specularColor" type="Color" container="StaticArray" arraySize="1">
          <containerEntry r="0" g="0" b="0" a="0"></containerEntry>
        </property>
        <property name="fmtrPath" type="Path" container="StaticArray" arraySize="1">
          <containerEntry hash="0xB8A0BF169F98"></containerEntry>
        </property>
        <property name="residentFlag" type="Bool" container="StaticArray" arraySize="1">
          <containerEntry>false</containerEntry>
        </property>
      </staticProperties>
      <dynamicProperties></dynamicProperties>
    </entity>
    <entity class="Material" classVersion="6" classID="0xB0" addr="0x2D7D2F0" id="0x19D16C">
      <staticProperties>
        <property name="name" type="String" container="StaticArray" arraySize="1">
          <containerEntry>cm_mafr_rock002_vrtn001_</containerEntry>
        </property>
        <property name="dataSet" type="EntityHandle" container="StaticArray" arraySize="1">
          <containerEntry>0x2F04AE0</containerEntry>
        </property>
        <property name="materialName" type="String" container="StaticArray" arraySize="1">
          <containerEntry hash="0xB8A0BF169F98"></containerEntry>
        </property>
        <property name="shader" type="Path" container="StaticArray" arraySize="1">
          <containerEntry hash="0xB8A0BF169F98"></containerEntry>
        </property>
        <property name="diffuseTexture" type="Path" container="StaticArray" arraySize="1">
          <containerEntry>/Assets/tpp/common_source/environ/middle_africa/cm_mafr_rock002/sourceimages/cm_mafr_rock002_v1_bsm_alp.ftex</containerEntry>
        </property>
        <property name="srmTexture" type="Path" container="StaticArray" arraySize="1">
          <containerEntry>/Assets/tpp/common_source/environ/middle_africa/cm_mafr_rock002/sourceimages/cm_mafr_rock002_srm.ftex</containerEntry>
        </property>
        <property name="normalTexture" type="Path" container="StaticArray" arraySize="1">
          <containerEntry>/Assets/tpp/common_source/environ/middle_africa/cm_mafr_rock002/sourceimages/cm_mafr_rock002_nrm.ftex</containerEntry>
        </property>
        <property name="materialMapTexture" type="Path" container="StaticArray" arraySize="1">
          <containerEntry hash="0xB8A0BF169F98"></containerEntry>
        </property>
        <property name="materialIndex" type="UInt8" container="StaticArray" arraySize="1">
          <containerEntry>42</containerEntry>
        </property>
        <property name="diffuseColor" type="Color" container="StaticArray" arraySize="1">
          <containerEntry r="1" g="1" b="1" a="1"></containerEntry>
        </property>
        <property name="specularColor" type="Color" container="StaticArray" arraySize="1">
          <containerEntry r="0" g="0" b="0" a="0"></containerEntry>
        </property>
        <property name="fmtrPath" type="Path" container="StaticArray" arraySize="1">
          <containerEntry hash="0xB8A0BF169F98"></containerEntry>
        </property>
        <property name="residentFlag" type="Bool" container="StaticArray" arraySize="1">
          <containerEntry>false</containerEntry>
        </property>
      </staticProperties>
      <dynamicProperties></dynamicProperties>
    </entity>
    <entity class="StaticModelArray" classVersion="4" classID="0xD0" addr="0x2F06280" id="0x0">
      <staticProperties>
        <property name="name" type="String" container="StaticArray" arraySize="1">
          <containerEntry>StaticModelArray0000</containerEntry>
        </property>
        <property name="dataSet" type="EntityHandle" container="StaticArray" arraySize="1">
          <containerEntry>0x2F04AE0</containerEntry>
        </property>
        <property name="modelFile" type="FilePtr" container="StaticArray" arraySize="1">
          <containerEntry>/Assets/tpp/environ/object/middle_africa/clod/mafr_clod001/scenes/mafr_clod001.fmdl</containerEntry>
        </property>
        <property name="geomFile" type="FilePtr" container="StaticArray" arraySize="1">
          <containerEntry>/Assets/tpp/environ/object/middle_africa/clod/mafr_clod001/scenes/mafr_clod001.geom</containerEntry>
        </property>
        <property name="isVisibleGeom" type="Bool" container="StaticArray" arraySize="1">
          <containerEntry>false</containerEntry>
        </property>
        <property name="lodFarSize" type="Float" container="StaticArray" arraySize="1">
          <containerEntry>-1</containerEntry>
        </property>
        <property name="lodNearSize" type="Float" container="StaticArray" arraySize="1">
          <containerEntry>-1</containerEntry>
        </property>
        <property name="lodPolygonSize" type="Float" container="StaticArray" arraySize="1">
          <containerEntry>-1</containerEntry>
        </property>
        <property name="drawRejectionLevel" type="Int32" container="StaticArray" arraySize="1">
          <containerEntry>8</containerEntry>
        </property>
        <property name="drawMode" type="Int32" container="StaticArray" arraySize="1">
          <containerEntry>0</containerEntry>
        </property>
        <property name="rejectFarRangeShadowCast" type="Int32" container="StaticArray" arraySize="1">
          <containerEntry>2</containerEntry>
        </property>
        <property name="parentLocator" type="EntityLink" container="StaticArray" arraySize="1">
          <containerEntry packagePathHash="0xB8A0BF169F98" archivePathHash="0xB8A0BF169F98" nameInArchiveHash="0xB8A0BF169F98">0x0</containerEntry>
        </property>
        <property name="transforms" type="Matrix4" container="DynamicArray" arraySize="9">
          <containerEntry r11="0.7166285" r12="0.0012836717" r13="0.6974538" r14="0" r21="0.047585227" r22="0.99757814" r23="-0.050729495" r24="0" r31="-0.6958298" r32="0.069542706" r33="0.7148318" r34="0" r41="1659.265" r42="146.28397" r43="-1854.2394" r44="1"></containerEntry>
          <containerEntry r11="0.9978389" r12="-0.0004479416" r13="-0.06570644" r14="0" r21="-0.0026781047" r22="0.99886864" r23="-0.047480185" r24="0" r31="0.06565336" r32="0.047553543" r33="0.99670875" r34="0" r41="1657.9922" r42="146.54538" r43="-1864.5233" r44="1"></containerEntry>
          <containerEntry r11="-0.91077685" r12="0.011636101" r13="0.41273075" r14="0" r21="0.0345867" r22="0.99823964" r23="0.04817957" r24="0" r31="-0.4114436" r32="0.058155928" r33="-0.90957606" r34="0" r41="1662.5082" r42="146.71718" r43="-1843.284" r44="1"></containerEntry>
          <containerEntry r11="-0.5268386" r12="0.014934322" r13="0.8498315" r14="0" r21="0.0026797936" r22="0.9998699" r23="-0.015909662" r24="0" r31="-0.8499585" r32="-0.0061044837" r33="-0.52681005" r34="0" r41="1656.9238" r42="147.19672" r43="-1838.4529" r44="1"></containerEntry>
          <containerEntry r11="-0.9999907" r12="0.0026489522" r13="-0.0019011309" r14="0" r21="0.0026788667" r22="0.9998698" r23="-0.015908957" r24="0" r31="0.0018587413" r32="-0.015913963" r33="-0.9998677" r34="0" r41="1649.1835" r42="146.07954" r43="-1838.6361" r44="1"></containerEntry>
          <containerEntry r11="-0.12654313" r12="0.016119793" r13="0.99182767" r14="0" r21="0.0026786546" r22="0.9998698" r23="-0.015908701" r24="0" r31="-0.991955" r32="0.0006435937" r33="-0.12656987" r34="0" r41="1647.3407" r42="145.24666" r43="-1821.0116" r44="1"></containerEntry>
          <containerEntry r11="-0.7011727" r12="-0.017870633" r13="0.7127629" r14="0" r21="-0.019127233" r22="0.9997975" r23="0.0062509575" r24="0" r31="-0.7127302" r32="-0.009250186" r33="-0.70137256" r34="0" r41="1623.9904" r42="141.43323" r43="-1831.564" r44="1"></containerEntry>
          <containerEntry r11="0.34395263" r12="0.031316206" r13="0.93846494" r14="0" r21="0.047585182" r22="0.9975782" r23="-0.050729062" r24="0" r31="-0.9377808" r32="0.062105414" r33="0.34162945" r34="0" r41="1646.7646" r42="144.73608" r43="-1870.9144" r44="1"></containerEntry>
          <containerEntry r11="-0.54864717" r12="-0.061347537" r13="0.83379906" r14="0" r21="-0.0133334305" r22="0.9978194" r23="0.06464192" r24="0" r31="-0.8359465" r32="0.024348263" r33="-0.5482688" r34="0" r41="1637.2169" r42="142.89996" r43="-1881.1171" r44="1"></containerEntry>
        </property>
        <property name="colors" type="UInt32" container="DynamicArray" arraySize="9">
          <containerEntry>4294967295</containerEntry>
          <containerEntry>4294967295</containerEntry>
          <containerEntry>4294967295</containerEntry>
          <containerEntry>4294967295</containerEntry>
          <containerEntry>4294967295</containerEntry>
          <containerEntry>4294967295</containerEntry>
          <containerEntry>4294967295</containerEntry>
          <containerEntry>4294967295</containerEntry>
          <containerEntry>4294967295</containerEntry>
        </property>
      </staticProperties>
      <dynamicProperties></dynamicProperties>
    </entity>
    <entity class="StaticModelArrayLinkTarget" classVersion="0" classID="0x48" addr="0x2F062F0" id="0x0">
      <staticProperties>
        <property name="name" type="String" container="StaticArray" arraySize="1">
          <containerEntry>mafr_clod001_0000</containerEntry>
        </property>
        <property name="dataSet" type="EntityHandle" container="StaticArray" arraySize="1">
          <containerEntry>0x2F04AE0</containerEntry>
        </property>
        <property name="staticModelArray" type="EntityHandle" container="StaticArray" arraySize="1">
          <containerEntry>0x2F06280</containerEntry>
        </property>
        <property name="arrayIndex" type="UInt32" container="StaticArray" arraySize="1">
          <containerEntry>0</containerEntry>
        </property>
      </staticProperties>
      <dynamicProperties></dynamicProperties>
    </entity>
    <entity class="StaticModelArray" classVersion="4" classID="0xD0" addr="0x2F06360" id="0x0">
      <staticProperties>
        <property name="name" type="String" container="StaticArray" arraySize="1">
          <containerEntry>StaticModelArray0001</containerEntry>
        </property>
        <property name="dataSet" type="EntityHandle" container="StaticArray" arraySize="1">
          <containerEntry>0x2F04AE0</containerEntry>
        </property>
        <property name="modelFile" type="FilePtr" container="StaticArray" arraySize="1">
          <containerEntry>/Assets/tpp/environ/object/middle_africa/rock/mafr_rock011/scenes/mafr_rock011.fmdl</containerEntry>
        </property>
        <property name="geomFile" type="FilePtr" container="StaticArray" arraySize="1">
          <containerEntry>/Assets/tpp/environ/object/middle_africa/rock/mafr_rock011/scenes/mafr_rock011.geom</containerEntry>
        </property>
        <property name="isVisibleGeom" type="Bool" container="StaticArray" arraySize="1">
          <containerEntry>false</containerEntry>
        </property>
        <property name="lodFarSize" type="Float" container="StaticArray" arraySize="1">
          <containerEntry>50</containerEntry>
        </property>
        <property name="lodNearSize" type="Float" container="StaticArray" arraySize="1">
          <containerEntry>600</containerEntry>
        </property>
        <property name="lodPolygonSize" type="Float" container="StaticArray" arraySize="1">
          <containerEntry>-1</containerEntry>
        </property>
        <property name="drawRejectionLevel" type="Int32" container="StaticArray" arraySize="1">
          <containerEntry>8</containerEntry>
        </property>
        <property name="drawMode" type="Int32" container="StaticArray" arraySize="1">
          <containerEntry>0</containerEntry>
        </property>
        <property name="rejectFarRangeShadowCast" type="Int32" container="StaticArray" arraySize="1">
          <containerEntry>2</containerEntry>
        </property>
        <property name="parentLocator" type="EntityLink" container="StaticArray" arraySize="1">
          <containerEntry packagePathHash="0xB8A0BF169F98" archivePathHash="0xB8A0BF169F98" nameInArchiveHash="0xB8A0BF169F98">0x0</containerEntry>
        </property>
        <property name="transforms" type="Matrix4" container="DynamicArray" arraySize="18">
          <containerEntry r11="0.029536232" r12="0.06188172" r13="0.99764574" r14="0" r21="-0.78540146" r22="0.6188014" r23="-0.015129761" r24="0" r31="-0.61828065" r32="-0.783106" r33="0.06687927" r34="0" r41="1594.4478" r42="138.50107" r43="-1888.8206" r44="1"></containerEntry>
          <containerEntry r11="0.3617446" r12="-0.013265505" r13="-0.9321833" r14="0" r21="0.41778123" r22="0.89618486" r23="0.1493709" r24="0" r31="0.83342725" r32="-0.4434826" r33="0.32973206" r34="0" r41="1594.3646" r42="138.14682" r43="-1898.1517" r44="1"></containerEntry>
          <containerEntry r11="0.029536232" r12="0.06188172" r13="0.99764574" r14="0" r21="-0.78540146" r22="0.6188014" r23="-0.015129761" r24="0" r31="-0.61828065" r32="-0.783106" r33="0.06687927" r34="0" r41="1590.393" r42="138.67107" r43="-1912.1361" r44="1"></containerEntry>
          <containerEntry r11="-0.6960819" r12="0.033916123" r13="0.7171602" r14="0" r21="-0.26446828" r22="0.91653323" r23="-0.30003878" r24="0" r31="-0.66747737" r32="-0.39851788" r33="-0.6290124" r34="0" r41="1571.2665" r42="137.25763" r43="-1887.8951" r44="1"></containerEntry>
          <containerEntry r11="-0.052305933" r12="0.03391643" r13="0.9980551" r14="0" r21="-0.39657336" r22="0.9165332" r23="-0.05192867" r24="0" r31="-0.9165118" r32="-0.3985182" r33="-0.03448975" r34="0" r41="1576.7377" r42="137.25763" r43="-1897.4119" r44="1"></containerEntry>
          <containerEntry r11="0.14023224" r12="0.01267013" r13="-0.9900373" r14="0" r21="0.3989567" r22="0.9144292" r23="0.06821097" r24="0" r31="0.90618324" r32="-0.40454745" r33="0.12317765" r34="0" r41="1593.643" r42="137.5502" r43="-1871.6257" r44="1"></containerEntry>
          <containerEntry r11="0.7153442" r12="-0.0021440387" r13="0.6987691" r14="0" r21="-0.38195813" r22="0.8361809" r23="0.3935855" r24="0" r31="-0.5851413" r32="-0.54844964" r33="0.5973382" r34="0" r41="1581.3032" r42="138.10873" r43="-1857.1252" r44="1"></containerEntry>
          <containerEntry r11="-0.8194766" r12="0.04835485" r13="-0.5710677" r14="0" r21="0.4136125" r22="0.73963904" r23="-0.5309036" r24="0" r31="0.39671212" r32="-0.6712643" r33="-0.6261168" r34="0" r41="1571.9048" r42="138.2758" r43="-1859.4237" r44="1"></containerEntry>
          <containerEntry r11="0.029537544" r12="0.061882168" r13="0.99764544" r14="0" r21="-0.71455884" r22="0.69922215" r23="-0.022214964" r24="0" r31="-0.69895023" r32="-0.71222085" r33="0.06487203" r34="0" r41="1598.7535" r42="137.92175" r43="-1844.1296" r44="1"></containerEntry>
          <containerEntry r11="-0.53336954" r12="0.037672147" r13="-0.84504384" r14="0" r21="0.4526618" r22="0.85663944" r23="-0.24752016" r24="0" r31="0.7145733" r32="-0.51453847" r33="-0.47395825" r34="0" r41="1596.7643" r42="137.35118" r43="-1834.1039" r44="1"></containerEntry>
          <containerEntry r11="0.7513292" r12="0.005852565" r13="0.6599014" r14="0" r21="-0.36027142" r22="0.8414363" r23="0.40272462" r24="0" r31="-0.5529084" r32="-0.540323" r33="0.6343048" r34="0" r41="1593.6028" r42="137.73935" r43="-1814.4252" r44="1"></containerEntry>
          <containerEntry r11="-0.7144206" r12="0.1289815" r13="-0.6877249" r14="0" r21="0.54237187" r22="0.72305053" r23="-0.42782053" r24="0" r31="0.4420788" r32="-0.6786469" r33="-0.58651793" r34="0" r41="1593.3318" r42="138.40915" r43="-1800.0533" r44="1"></containerEntry>
          <containerEntry r11="0.038411736" r12="0.056800157" r13="0.9976455" r14="0" r21="-0.68461865" r22="0.728744" r23="-0.015130536" r24="0" r31="-0.7278873" r32="-0.6824262" r33="0.066879034" r34="0" r41="1616.3572" r42="138.13083" r43="-1801.5178" r44="1"></containerEntry>
          <containerEntry r11="-0.5548532" r12="-0.013265908" r13="-0.8318433" r14="0" r21="0.36237428" r22="0.89618504" r23="-0.25600266" r24="0" r31="0.74888164" r32="-0.44348222" r33="-0.49244392" r34="0" r41="1609.3433" r42="137.41168" r43="-1807.8376" r44="1"></containerEntry>
          <containerEntry r11="0.13638842" r12="0.002295345" r13="0.9906531" r14="0" r21="-0.5193079" r22="0.8517534" r23="0.06952354" r24="0" r31="-0.8436335" r32="-0.52393657" r33="0.11736137" r34="0" r41="1596.2675" r42="138.76381" r43="-1787.2284" r44="1"></containerEntry>
          <containerEntry r11="-0.11317614" r12="-0.013266116" r13="-0.9934866" r14="0" r21="0.43932495" r22="0.8961851" r23="-0.0620148" r24="0" r31="0.8911707" r32="-0.44348192" r33="-0.0955987" r34="0" r41="1614.8911" r42="137.61295" r43="-1781.181" r44="1"></containerEntry>
          <containerEntry r11="-0.9611833" r12="0.24178487" r13="0.13290243" r14="0" r21="0.23950522" r22="0.97033006" r23="-0.033116404" r24="0" r31="-0.13696627" r32="-1.4156103e-07" r33="-0.9905738" r34="0" r41="1546.212" r42="143.66132" r43="-1911.5663" r44="1"></containerEntry>
          <containerEntry r11="-0.9147196" r12="0.1385297" r13="0.37959287" r14="0" r21="0.14206165" r22="0.98967844" r23="-0.018840685" r24="0" r31="-0.3782849" r32="0.036691673" r33="-0.92495805" r34="0" r41="1555.1974" r42="142.02834" r43="-1913.046" r44="1"></containerEntry>
        </property>
        <property name="colors" type="UInt32" container="DynamicArray" arraySize="18">
          <containerEntry>4294967295</containerEntry>
          <containerEntry>4294967295</containerEntry>
          <containerEntry>4294967295</containerEntry>
          <containerEntry>4294967295</containerEntry>
          <containerEntry>4294967295</containerEntry>
          <containerEntry>4294967295</containerEntry>
          <containerEntry>4294967295</containerEntry>
          <containerEntry>4294967295</containerEntry>
          <containerEntry>4294967295</containerEntry>
          <containerEntry>4294967295</containerEntry>
          <containerEntry>4294967295</containerEntry>
          <containerEntry>4294967295</containerEntry>
          <containerEntry>4294967295</containerEntry>
          <containerEntry>4294967295</containerEntry>
          <containerEntry>4294967295</containerEntry>
          <containerEntry>4294967295</containerEntry>
          <containerEntry>4294967295</containerEntry>
          <containerEntry>4294967295</containerEntry>
        </property>
      </staticProperties>
      <dynamicProperties></dynamicProperties>
    </entity>
    <entity class="StaticModelArrayLinkTarget" classVersion="0" classID="0x48" addr="0x2F063D0" id="0x0">
      <staticProperties>
        <property name="name" type="String" container="StaticArray" arraySize="1">
          <containerEntry>mafr_rock011_0013</containerEntry>
        </property>
        <property name="dataSet" type="EntityHandle" container="StaticArray" arraySize="1">
          <containerEntry>0x2F04AE0</containerEntry>
        </property>
        <property name="staticModelArray" type="EntityHandle" container="StaticArray" arraySize="1">
          <containerEntry>0x2F06360</containerEntry>
        </property>
        <property name="arrayIndex" type="UInt32" container="StaticArray" arraySize="1">
          <containerEntry>13</containerEntry>
        </property>
      </staticProperties>
      <dynamicProperties></dynamicProperties>
    </entity>
    <entity class="StaticModelArray" classVersion="4" classID="0xD0" addr="0x2F06440" id="0x0">
      <staticProperties>
        <property name="name" type="String" container="StaticArray" arraySize="1">
          <containerEntry>StaticModelArray0002</containerEntry>
        </property>
        <property name="dataSet" type="EntityHandle" container="StaticArray" arraySize="1">
          <containerEntry>0x2F04AE0</containerEntry>
        </property>
        <property name="modelFile" type="FilePtr" container="StaticArray" arraySize="1">
          <containerEntry>/Assets/tpp/environ/object/middle_africa/tree/mafr_tree016/scenes/mafr_tree016_vrtn004.fmdl</containerEntry>
        </property>
        <property name="geomFile" type="FilePtr" container="StaticArray" arraySize="1">
          <containerEntry>/Assets/tpp/environ/object/middle_africa/tree/mafr_tree016/scenes/mafr_tree016_vrtn004.geom</containerEntry>
        </property>
        <property name="isVisibleGeom" type="Bool" container="StaticArray" arraySize="1">
          <containerEntry>false</containerEntry>
        </property>
        <property name="lodFarSize" type="Float" container="StaticArray" arraySize="1">
          <containerEntry>-1</containerEntry>
        </property>
        <property name="lodNearSize" type="Float" container="StaticArray" arraySize="1">
          <containerEntry>-1</containerEntry>
        </property>
        <property name="lodPolygonSize" type="Float" container="StaticArray" arraySize="1">
          <containerEntry>-1</containerEntry>
        </property>
        <property name="drawRejectionLevel" type="Int32" container="StaticArray" arraySize="1">
          <containerEntry>8</containerEntry>
        </property>
        <property name="drawMode" type="Int32" container="StaticArray" arraySize="1">
          <containerEntry>0</containerEntry>
        </property>
        <property name="rejectFarRangeShadowCast" type="Int32" container="StaticArray" arraySize="1">
          <containerEntry>2</containerEntry>
        </property>
        <property name="parentLocator" type="EntityLink" container="StaticArray" arraySize="1">
          <containerEntry packagePathHash="0xB8A0BF169F98" archivePathHash="0xB8A0BF169F98" nameInArchiveHash="0xB8A0BF169F98">0x0</containerEntry>
        </property>
        <property name="transforms" type="Matrix4" container="DynamicArray" arraySize="7">
          <containerEntry r11="0.66410005" r12="0" r13="0.7476431" r14="0" r21="0" r22="1" r23="0" r24="0" r31="-0.7476431" r32="0" r33="0.66410005" r34="0" r41="1607.2915" r42="141.93234" r43="-1842.0126" r44="1"></containerEntry>
          <containerEntry r11="-0.9776149" r12="0" r13="0.21038665" r14="0" r21="0" r22="1" r23="0" r24="0" r31="-0.21038665" r32="0" r33="-0.9776149" r34="0" r41="1616.5999" r42="141.53217" r43="-1813.1381" r44="1"></containerEntry>
          <containerEntry r11="0.109597564" r12="0" r13="0.9939745" r14="0" r21="0" r22="1" r23="0" r24="0" r31="-0.9939745" r32="0" r33="0.109597564" r34="0" r41="1629.741" r42="143.99358" r43="-1809.2949" r44="1"></containerEntry>
          <containerEntry r11="0.33974546" r12="0" r13="0.94051564" r14="0" r21="0" r22="1" r23="0" r24="0" r31="-0.94051564" r32="0" r33="0.33974546" r34="0" r41="1638.5686" r42="145.42052" r43="-1868.3297" r44="1"></containerEntry>
          <containerEntry r11="-0.8787128" r12="0" r13="0.47733685" r14="0" r21="0" r22="1" r23="0" r24="0" r31="-0.47733685" r32="0" r33="-0.8787128" r34="0" r41="1612.556" r42="143.11595" r43="-1870.7637" r44="1"></containerEntry>
          <containerEntry r11="0.43385625" r12="0" r13="0.90097994" r14="0" r21="0" r22="1" r23="0" r24="0" r31="-0.90097994" r32="0" r33="0.43385625" r34="0" r41="1616.613" r42="142.69739" r43="-1881.6248" r44="1"></containerEntry>
          <containerEntry r11="0.43385625" r12="0" r13="0.90097994" r14="0" r21="0" r22="1" r23="0" r24="0" r31="-0.90097994" r32="0" r33="0.43385625" r34="0" r41="1604.0692" r42="142.49405" r43="-1907.6329" r44="1"></containerEntry>
        </property>
        <property name="colors" type="UInt32" container="DynamicArray" arraySize="7">
          <containerEntry>4294967295</containerEntry>
          <containerEntry>4294967295</containerEntry>
          <containerEntry>4294967295</containerEntry>
          <containerEntry>4294967295</containerEntry>
          <containerEntry>4294967295</containerEntry>
          <containerEntry>4294967295</containerEntry>
          <containerEntry>4294967295</containerEntry>
        </property>
      </staticProperties>
      <dynamicProperties></dynamicProperties>
    </entity>
    <entity class="StaticModelArray" classVersion="4" classID="0xD0" addr="0x2F039D0" id="0x0">
      <staticProperties>
        <property name="name" type="String" container="StaticArray" arraySize="1">
          <containerEntry>StaticModelArray0003</containerEntry>
        </property>
        <property name="dataSet" type="EntityHandle" container="StaticArray" arraySize="1">
          <containerEntry>0x2F04AE0</containerEntry>
        </property>
        <property name="modelFile" type="FilePtr" container="StaticArray" arraySize="1">
          <containerEntry>/Assets/tpp/environ/object/middle_africa/rock/mafr_rock002/scenes/mafr_rock002.fmdl</containerEntry>
        </property>
        <property name="geomFile" type="FilePtr" container="StaticArray" arraySize="1">
          <containerEntry>/Assets/tpp/environ/object/middle_africa/rock/mafr_rock002/scenes/mafr_rock002.geom</containerEntry>
        </property>
        <property name="isVisibleGeom" type="Bool" container="StaticArray" arraySize="1">
          <containerEntry>false</containerEntry>
        </property>
        <property name="lodFarSize" type="Float" container="StaticArray" arraySize="1">
          <containerEntry>-1</containerEntry>
        </property>
        <property name="lodNearSize" type="Float" container="StaticArray" arraySize="1">
          <containerEntry>-1</containerEntry>
        </property>
        <property name="lodPolygonSize" type="Float" container="StaticArray" arraySize="1">
          <containerEntry>-1</containerEntry>
        </property>
        <property name="drawRejectionLevel" type="Int32" container="StaticArray" arraySize="1">
          <containerEntry>8</containerEntry>
        </property>
        <property name="drawMode" type="Int32" container="StaticArray" arraySize="1">
          <containerEntry>0</containerEntry>
        </property>
        <property name="rejectFarRangeShadowCast" type="Int32" container="StaticArray" arraySize="1">
          <containerEntry>2</containerEntry>
        </property>
        <property name="parentLocator" type="EntityLink" container="StaticArray" arraySize="1">
          <containerEntry packagePathHash="0xB8A0BF169F98" archivePathHash="0xB8A0BF169F98" nameInArchiveHash="0xB8A0BF169F98">0x0</containerEntry>
        </property>
        <property name="transforms" type="Matrix4" container="DynamicArray" arraySize="14">
          <containerEntry r11="-0.9502954" r12="-0.18658508" r13="-0.24924809" r14="0" r21="-0.18334277" r22="0.98237574" r23="-0.03637685" r24="0" r31="0.25164264" r32="0.011129087" r33="-0.9677562" r34="0" r41="1651.652" r42="148.35605" r43="-1831.287" r44="1"></containerEntry>
          <containerEntry r11="-0.49323598" r12="-0.1951093" r13="-0.84773356" r14="0" r21="-0.21860917" r22="0.9710493" r23="-0.096298" r24="0" r31="0.8419797" r32="0.13782467" r33="-0.5216091" r34="0" r41="1640.1293" r42="146.46484" r43="-1813.5007" r44="1"></containerEntry>
          <containerEntry r11="0.588449" r12="0.008425847" r13="0.8084892" r14="0" r21="-0.049251474" r22="0.9984623" r23="0.025441276" r24="0" r31="-0.80703163" r32="-0.05479025" r33="0.5879592" r34="0" r41="1635.7036" r42="144.72527" r43="-1865.9095" r44="1"></containerEntry>
          <containerEntry r11="-0.11976229" r12="-0.1091207" r13="-0.98678523" r14="0" r21="-0.06513703" r22="0.9926634" r23="-0.101864934" r24="0" r31="0.9906612" r32="0.052076582" r33="-0.12599146" r34="0" r41="1634.0654" r42="144.72527" r43="-1874.3462" r44="1"></containerEntry>
          <containerEntry r11="-0.6764372" r12="0.039757386" r13="-0.73542035" r14="0" r21="0.022652784" r22="0.99919266" r23="0.03318093" r24="0" r31="0.73614573" r32="0.005785602" r33="-0.67679167" r34="0" r41="1610.4346" r42="142.2722" r43="-1887.9598" r44="1"></containerEntry>
          <containerEntry r11="0.54364604" r12="0.031122584" r13="-0.83873624" r14="0" r21="-0.061294693" r22="0.9981161" r23="-0.0026928633" r24="0" r31="0.8370723" r32="0.05287415" r33="0.54452956" r34="0" r41="1620.0526" r42="143.11516" r43="-1900.8489" r44="1"></containerEntry>
          <containerEntry r11="-0.41512597" r12="-0.02794626" r13="-0.90933055" r14="0" r21="-0.06129333" r22="0.99811614" r23="-0.0026931092" r24="0" r31="0.90769273" r32="0.054618053" r33="-0.41605687" r34="0" r41="1620.2144" r42="143.11516" r43="-1903.7916" r44="1"></containerEntry>
          <containerEntry r11="-0.35352182" r12="-0.19044612" r13="0.9158308" r14="0" r21="-0.12352212" r22="0.97998637" r23="0.15610534" r24="0" r31="-0.9272314" r32="-0.057938483" r33="-0.36997086" r34="0" r41="1600.4851" r42="141.05608" r43="-1911.3082" r44="1"></containerEntry>
          <containerEntry r11="0.73816967" r12="-0.04052239" r13="0.6733961" r14="0" r21="-0.0055089947" r22="0.9977989" r23="0.06608246" r24="0" r31="-0.6745918" r32="-0.05248978" r33="0.7363217" r34="0" r41="1562.055" r42="140.56471" r43="-1891.4385" r44="1"></containerEntry>
          <containerEntry r11="-0.92821515" r12="-0.07883149" r13="-0.36358142" r14="0" r21="-0.1027536" r22="0.99360067" r23="0.046897158" r24="0" r31="0.35755777" r32="0.08089031" r33="-0.9303754" r34="0" r41="1630.7571" r42="144.23146" r43="-1839.6449" r44="1"></containerEntry>
          <containerEntry r11="2.330958" r12="0" r13="2.644287" r14="0" r21="0" r22="3.525" r23="0" r24="0" r31="-2.644287" r32="0" r33="2.330958" r34="0" r41="1551.0311" r42="154.34973" r43="-1827.7036" r44="1"></containerEntry>
          <containerEntry r11="-3.612234" r12="0.24875802" r13="-1.6999316" r14="0" r21="0.40912986" r22="3.9685385" r23="-0.28864232" r24="0" r31="1.6686103" r32="-0.43453547" r33="-3.609266" r34="0" r41="1534.4305" r42="155.62093" r43="-1862.7516" r44="1"></containerEntry>
          <containerEntry r11="-5.397581" r12="0.7801641" r13="2.5014553" r14="0" r21="0.8974471" r22="5.931873" r23="0.08643882" r24="0" r31="-2.461813" r32="0.4519148" r33="-5.4529862" r34="0" r41="1503.4515" r42="163.18439" r43="-1852.6978" r44="1"></containerEntry>
          <containerEntry r11="-0.08571099" r12="-0.9203689" r13="-0.38154322" r14="0" r21="-0.9987796" r22="0.68620545" r23="-1.4309163" r24="0" r31="0.84198004" r32="0.13782421" r33="-0.5216078" r34="0" r41="1647.635" r42="157.6634" r43="-1789.7311" r44="1"></containerEntry>
        </property>
        <property name="colors" type="UInt32" container="DynamicArray" arraySize="14">
          <containerEntry>4294967295</containerEntry>
          <containerEntry>4294967295</containerEntry>
          <containerEntry>4294967295</containerEntry>
          <containerEntry>4294967295</containerEntry>
