<fox formatVersion="2" fileVersion="0">
  <entities>
    <entity class="DataSet" classVersion="0" classID="0xE8" addr="0x2F53960" id="0x2AF706">
      <staticProperties>
        <property name="name" type="String" container="StaticArray" arraySize="1">
          <containerEntry hash="0xB8A0BF169F98"></containerEntry>
        </property>
        <property name="dataSet" type="EntityHandle" container="StaticArray" arraySize="1">
          <containerEntry>0x0</containerEntry>
        </property>
        <property name="dataList" type="EntityPtr" container="StringMap" arraySize="13">
          <containerEntry key="afgh_clff037_vrtn005_0006">
            <data>0x2F53AB0</data>
          </containerEntry>
          <containerEntry key="afgh_rock010_0004">
            <data>0x2F55410</data>
          </containerEntry>
          <containerEntry key="StaticModelArray0000">
            <data>0x2F56DE0</data>
          </containerEntry>
          <containerEntry key="StaticModelArray0001">
            <data>0x2F56E50</data>
          </containerEntry>
          <containerEntry key="StaticModelArray0002">
            <data>0x2F56EC0</data>
          </containerEntry>
          <containerEntry key="StaticModelArray0003">
            <data>0x2F56FA0</data>
          </containerEntry>
          <containerEntry key="StaticModelArray0004">
            <data>0x2F56F30</data>
          </containerEntry>
          <containerEntry key="StaticModelArray0005">
            <data>0x2F56B40</data>
          </containerEntry>
          <containerEntry key="StaticModelArray0006">
            <data>0x2F56980</data>
          </containerEntry>
          <containerEntry key="StaticModelArray0007">
            <data>0x2F56830</data>
          </containerEntry>
          <containerEntry key="StaticModelArray0008">
            <data>0x2F561A0</data>
          </containerEntry>
          <containerEntry key="StaticModelArray0009">
            <data>0x2F56D70</data>
          </containerEntry>
          <containerEntry key="TexturePackLoadConditioner0000">
            <data>0x2F572B0</data>
          </containerEntry>
        </property>
      </staticProperties>
      <dynamicProperties></dynamicProperties>
    </entity>
    <entity class="StaticModel" classVersion="9" classID="0x160" addr="0x2F53AB0" id="0x2AF70F">
      <staticProperties>
        <property name="name" type="String" container="StaticArray" arraySize="1">
          <containerEntry>afgh_clff037_vrtn005_0006</containerEntry>
        </property>
        <property name="dataSet" type="EntityHandle" container="StaticArray" arraySize="1">
          <containerEntry>0x2F53960</containerEntry>
        </property>
        <property name="parent" type="EntityHandle" container="StaticArray" arraySize="1">
          <containerEntry>0x0</containerEntry>
        </property>
        <property name="transform" type="EntityPtr" container="StaticArray" arraySize="1">
          <containerEntry>0x2F53B20</containerEntry>
        </property>
        <property name="shearTransform" type="EntityPtr" container="StaticArray" arraySize="1">
          <containerEntry>0x0</containerEntry>
        </property>
        <property name="pivotTransform" type="EntityPtr" container="StaticArray" arraySize="1">
          <containerEntry>0x0</containerEntry>
        </property>
        <property name="children" type="EntityHandle" container="List"></property>
        <property name="flags" type="UInt32" container="StaticArray" arraySize="1">
          <containerEntry>3221225479</containerEntry>
        </property>
        <property name="modelFile" type="FilePtr" container="StaticArray" arraySize="1">
          <containerEntry>/Assets/tpp/environ/object/afghanistan/cliff/afgh_clff037/scenes/afgh_clff037_vrtn005_gen8.fmdl</containerEntry>
        </property>
        <property name="geomFile" type="FilePtr" container="StaticArray" arraySize="1">
          <containerEntry>/Assets/tpp/environ/object/afghanistan/cliff/afgh_clff037/scenes/afgh_clff037_vrtn005_gen8.geom</containerEntry>
        </property>
        <property name="isVisibleGeom" type="Bool" container="StaticArray" arraySize="1">
          <containerEntry>false</containerEntry>
        </property>
        <property name="isIsolated" type="Bool" container="StaticArray" arraySize="1">
          <containerEntry>false</containerEntry>
        </property>
        <property name="lodFarSize" type="Float" container="StaticArray" arraySize="1">
          <containerEntry>-1</containerEntry>
        </property>
        <property name="lodNearSize" type="Float" container="StaticArray" arraySize="1">
          <containerEntry>-1</containerEntry>
        </property>
        <property name="lodPolygonSize" type="Float" container="StaticArray" arraySize="1">
          <containerEntry>-1</containerEntry>
        </property>
        <property name="color" type="Color" container="StaticArray" arraySize="1">
          <containerEntry r="1" g="1" b="1" a="1"></containerEntry>
        </property>
        <property name="drawRejectionLevel" type="Int32" container="StaticArray" arraySize="1">
          <containerEntry>8</containerEntry>
        </property>
        <property name="drawMode" type="Int32" container="StaticArray" arraySize="1">
          <containerEntry>0</containerEntry>
        </property>
        <property name="rejectFarRangeShadowCast" type="Int32" container="StaticArray" arraySize="1">
          <containerEntry>2</containerEntry>
        </property>
      </staticProperties>
      <dynamicProperties></dynamicProperties>
    </entity>
    <entity class="TransformEntity" classVersion="0" classID="0x50" addr="0x2F53B20" id="0x2AF712">
      <staticProperties>
        <property name="owner" type="EntityHandle" container="StaticArray" arraySize="1">
          <containerEntry>0x2F53AB0</containerEntry>
        </property>
        <property name="transform_scale" type="Vector3" container="StaticArray" arraySize="1">
          <containerEntry x="1" y="1" z="1" w="0"></containerEntry>
        </property>
        <property name="transform_rotation_quat" type="Quat" container="StaticArray" arraySize="1">
          <containerEntry x="-0.056216" y="0.952285" z="0.218184" w="0.205885"></containerEntry>
        </property>
        <property name="transform_translation" type="Vector3" container="StaticArray" arraySize="1">
          <containerEntry x="2075.046" y="469.23083" z="-1203.485" w="0"></containerEntry>
        </property>
      </staticProperties>
      <dynamicProperties></dynamicProperties>
    </entity>
    <entity class="StaticModel" classVersion="9" classID="0x160" addr="0x2F55410" id="0x2AF75E">
      <staticProperties>
        <property name="name" type="String" container="StaticArray" arraySize="1">
          <containerEntry>afgh_rock010_0004</containerEntry>
        </property>
        <property name="dataSet" type="EntityHandle" container="StaticArray" arraySize="1">
          <containerEntry>0x2F53960</containerEntry>
        </property>
        <property name="parent" type="EntityHandle" container="StaticArray" arraySize="1">
          <containerEntry>0x0</containerEntry>
        </property>
        <property name="transform" type="EntityPtr" container="StaticArray" arraySize="1">
          <containerEntry>0x2F553A0</containerEntry>
        </property>
        <property name="shearTransform" type="EntityPtr" container="StaticArray" arraySize="1">
          <containerEntry>0x0</containerEntry>
        </property>
        <property name="pivotTransform" type="EntityPtr" container="StaticArray" arraySize="1">
          <containerEntry>0x0</containerEntry>
        </property>
        <property name="children" type="EntityHandle" container="List"></property>
        <property name="flags" type="UInt32" container="StaticArray" arraySize="1">
          <containerEntry>3221225479</containerEntry>
        </property>
        <property name="modelFile" type="FilePtr" container="StaticArray" arraySize="1">
          <containerEntry>/Assets/tpp/environ/object/afghanistan/rock/afgh_rock010/scenes/afgh_rock010.fmdl</containerEntry>
        </property>
        <property name="geomFile" type="FilePtr" container="StaticArray" arraySize="1">
          <containerEntry>/Assets/tpp/environ/object/afghanistan/rock/afgh_rock010/scenes/afgh_rock010.geom</containerEntry>
        </property>
        <property name="isVisibleGeom" type="Bool" container="StaticArray" arraySize="1">
          <containerEntry>false</containerEntry>
        </property>
        <property name="isIsolated" type="Bool" container="StaticArray" arraySize="1">
          <containerEntry>false</containerEntry>
        </property>
        <property name="lodFarSize" type="Float" container="StaticArray" arraySize="1">
          <containerEntry>-1</containerEntry>
        </property>
        <property name="lodNearSize" type="Float" container="StaticArray" arraySize="1">
          <containerEntry>-1</containerEntry>
        </property>
        <property name="lodPolygonSize" type="Float" container="StaticArray" arraySize="1">
          <containerEntry>-1</containerEntry>
        </property>
        <property name="color" type="Color" container="StaticArray" arraySize="1">
          <containerEntry r="1" g="1" b="1" a="1"></containerEntry>
        </property>
        <property name="drawRejectionLevel" type="Int32" container="StaticArray" arraySize="1">
          <containerEntry>8</containerEntry>
        </property>
        <property name="drawMode" type="Int32" container="StaticArray" arraySize="1">
          <containerEntry>0</containerEntry>
        </property>
        <property name="rejectFarRangeShadowCast" type="Int32" container="StaticArray" arraySize="1">
          <containerEntry>2</containerEntry>
        </property>
      </staticProperties>
      <dynamicProperties></dynamicProperties>
    </entity>
    <entity class="TransformEntity" classVersion="0" classID="0x50" addr="0x2F553A0" id="0x2AF761">
      <staticProperties>
        <property name="owner" type="EntityHandle" container="StaticArray" arraySize="1">
          <containerEntry>0x2F55410</containerEntry>
        </property>
        <property name="transform_scale" type="Vector3" container="StaticArray" arraySize="1">
          <containerEntry x="1" y="1" z="1" w="0"></containerEntry>
        </property>
        <property name="transform_rotation_quat" type="Quat" container="StaticArray" arraySize="1">
          <containerEntry x="0.111449" y="0.939547" z="-0.249842" w="0.205937"></containerEntry>
        </property>
        <property name="transform_translation" type="Vector3" container="StaticArray" arraySize="1">
          <containerEntry x="2094.477" y="434.6746" z="-1248.86" w="0"></containerEntry>
        </property>
      </staticProperties>
      <dynamicProperties></dynamicProperties>
    </entity>
    <entity class="StaticModelArray" classVersion="4" classID="0xD0" addr="0x2F56DE0" id="0x0">
      <staticProperties>
        <property name="name" type="String" container="StaticArray" arraySize="1">
          <containerEntry>StaticModelArray0000</containerEntry>
        </property>
        <property name="dataSet" type="EntityHandle" container="StaticArray" arraySize="1">
          <containerEntry>0x2F53960</containerEntry>
        </property>
        <property name="modelFile" type="FilePtr" container="StaticArray" arraySize="1">
          <containerEntry>/Assets/tpp/environ/object/afghanistan/cliff/afgh_clff035/scenes/afgh_clff035_vrtn002_gen8.fmdl</containerEntry>
        </property>
        <property name="geomFile" type="FilePtr" container="StaticArray" arraySize="1">
          <containerEntry>/Assets/tpp/environ/object/afghanistan/cliff/afgh_clff035/scenes/afgh_clff035_vrtn002_gen8.geom</containerEntry>
        </property>
        <property name="isVisibleGeom" type="Bool" container="StaticArray" arraySize="1">
          <containerEntry>false</containerEntry>
        </property>
        <property name="lodFarSize" type="Float" container="StaticArray" arraySize="1">
          <containerEntry>-1</containerEntry>
        </property>
        <property name="lodNearSize" type="Float" container="StaticArray" arraySize="1">
          <containerEntry>-1</containerEntry>
        </property>
        <property name="lodPolygonSize" type="Float" container="StaticArray" arraySize="1">
          <containerEntry>-1</containerEntry>
        </property>
        <property name="drawRejectionLevel" type="Int32" container="StaticArray" arraySize="1">
          <containerEntry>8</containerEntry>
        </property>
        <property name="drawMode" type="Int32" container="StaticArray" arraySize="1">
          <containerEntry>0</containerEntry>
        </property>
        <property name="rejectFarRangeShadowCast" type="Int32" container="StaticArray" arraySize="1">
          <containerEntry>2</containerEntry>
        </property>
        <property name="parentLocator" type="EntityLink" container="StaticArray" arraySize="1">
          <containerEntry packagePathHash="0xB8A0BF169F98" archivePathHash="0xB8A0BF169F98" nameInArchiveHash="0xB8A0BF169F98">0x0</containerEntry>
        </property>
        <property name="transforms" type="Matrix4" container="DynamicArray" arraySize="6">
          <containerEntry r11="0.008029319" r12="-0.03177918" r13="-0.99946266" r14="0" r21="-0.076711714" r22="0.99652994" r23="-0.03230221" r24="0" r31="0.997021" r32="0.07692986" r33="0.0055636168" r34="0" r41="2160.6284" r42="431.70242" r43="-1204.4222" r44="1"></containerEntry>
          <containerEntry r11="-0.887824" r12="-0.109253004" r13="-0.44701687" r14="0" r21="-0.21085326" r22="0.960016" r23="0.18414664" r24="0" r31="0.4090247" r32="0.25774574" r33="-0.8753615" r34="0" r41="2137.7778" r42="431.96463" r43="-1235.0327" r44="1"></containerEntry>
          <containerEntry r11="-0.09894546" r12="0.00062994566" r13="-0.99509007" r14="0" r21="0.017388068" r22="0.99984825" r23="-0.0010960456" r24="0" r31="0.9949383" r32="-0.017411185" r33="-0.098941386" r34="0" r41="2151.4895" r42="440.3049" r43="-1186.2399" r44="1"></containerEntry>
          <containerEntry r11="-0.91330445" r12="0" r13="-0.40727893" r14="0" r21="0" r22="1" r23="0" r24="0" r31="0.40727893" r32="0" r33="-0.91330445" r34="0" r41="2116.329" r42="431.81775" r43="-1252.9088" r44="1"></containerEntry>
          <containerEntry r11="-0.87196934" r12="0" r13="-0.48955753" r14="0" r21="0" r22="1" r23="0" r24="0" r31="0.48955753" r32="0" r33="-0.87196934" r34="0" r41="2085.9612" r42="446.2468" r43="-1242.0724" r44="1"></containerEntry>
          <containerEntry r11="-0.7983751" r12="0" r13="-0.60215896" r14="0" r21="0" r22="1" r23="0" r24="0" r31="0.60215896" r32="0" r33="-0.7983751" r34="0" r41="2125.503" r42="443.33646" r43="-1224.8574" r44="1"></containerEntry>
        </property>
        <property name="colors" type="UInt32" container="DynamicArray" arraySize="6">
          <containerEntry>4294967295</containerEntry>
          <containerEntry>4294967295</containerEntry>
          <containerEntry>4294967295</containerEntry>
          <containerEntry>4294967295</containerEntry>
          <containerEntry>4294967295</containerEntry>
          <containerEntry>4294967295</containerEntry>
        </property>
      </staticProperties>
      <dynamicProperties></dynamicProperties>
    </entity>
    <entity class="StaticModelArray" classVersion="4" classID="0xD0" addr="0x2F56E50" id="0x0">
      <staticProperties>
        <property name="name" type="String" container="StaticArray" arraySize="1">
          <containerEntry>StaticModelArray0001</containerEntry>
        </property>
        <property name="dataSet" type="EntityHandle" container="StaticArray" arraySize="1">
          <containerEntry>0x2F53960</containerEntry>
        </property>
        <property name="modelFile" type="FilePtr" container="StaticArray" arraySize="1">
          <containerEntry>/Assets/tpp/environ/object/afghanistan/rock/afgh_rock009/scenes/afgh_rock009_rock002.fmdl</containerEntry>
        </property>
        <property name="geomFile" type="FilePtr" container="StaticArray" arraySize="1">
          <containerEntry>/Assets/tpp/environ/object/afghanistan/rock/afgh_rock009/scenes/afgh_rock009_rock002.geom</containerEntry>
        </property>
        <property name="isVisibleGeom" type="Bool" container="StaticArray" arraySize="1">
          <containerEntry>false</containerEntry>
        </property>
        <property name="lodFarSize" type="Float" container="StaticArray" arraySize="1">
          <containerEntry>-1</containerEntry>
        </property>
        <property name="lodNearSize" type="Float" container="StaticArray" arraySize="1">
          <containerEntry>-1</containerEntry>
        </property>
        <property name="lodPolygonSize" type="Float" container="StaticArray" arraySize="1">
          <containerEntry>-1</containerEntry>
        </property>
        <property name="drawRejectionLevel" type="Int32" container="StaticArray" arraySize="1">
          <containerEntry>8</containerEntry>
        </property>
        <property name="drawMode" type="Int32" container="StaticArray" arraySize="1">
          <containerEntry>0</containerEntry>
        </property>
        <property name="rejectFarRangeShadowCast" type="Int32" container="StaticArray" arraySize="1">
          <containerEntry>2</containerEntry>
        </property>
        <property name="parentLocator" type="EntityLink" container="StaticArray" arraySize="1">
          <containerEntry packagePathHash="0xB8A0BF169F98" archivePathHash="0xB8A0BF169F98" nameInArchiveHash="0xB8A0BF169F98">0x0</containerEntry>
        </property>
        <property name="transforms" type="Matrix4" container="DynamicArray" arraySize="2">
          <containerEntry r11="0.013218693" r12="0.21735749" r13="-0.97600067" r14="0" r21="-0.1861099" r22="0.95956624" r23="0.21117683" r24="0" r31="0.9824381" r32="0.17885263" r33="0.053136766" r34="0" r41="2154.945" r42="417.53845" r43="-1262.0925" r44="1"></containerEntry>
          <containerEntry r11="-0.606712" r12="0.29899868" r13="0.73654264" r14="0" r21="0.107071005" r22="0.9488587" r23="-0.29698968" r24="0" r31="-0.7876745" r32="-0.101325504" r33="-0.6076979" r34="0" r41="2153.1543" r42="417.58957" r43="-1257.6945" r44="1"></containerEntry>
        </property>
        <property name="colors" type="UInt32" container="DynamicArray" arraySize="2">
          <containerEntry>4294967295</containerEntry>
          <containerEntry>4294967295</containerEntry>
        </property>
      </staticProperties>
      <dynamicProperties></dynamicProperties>
    </entity>
    <entity class="StaticModelArray" classVersion="4" classID="0xD0" addr="0x2F56EC0" id="0x0">
      <staticProperties>
        <property name="name" type="String" container="StaticArray" arraySize="1">
          <containerEntry>StaticModelArray0002</containerEntry>
        </property>
        <property name="dataSet" type="EntityHandle" container="StaticArray" arraySize="1">
          <containerEntry>0x2F53960</containerEntry>
        </property>
        <property name="modelFile" type="FilePtr" container="StaticArray" arraySize="1">
          <containerEntry>/Assets/tpp/environ/object/afghanistan/rock/afgh_rock011/scenes/afgh_rock011.fmdl</containerEntry>
        </property>
        <property name="geomFile" type="FilePtr" container="StaticArray" arraySize="1">
          <containerEntry>/Assets/tpp/environ/object/afghanistan/rock/afgh_rock011/scenes/afgh_rock011.geom</containerEntry>
        </property>
        <property name="isVisibleGeom" type="Bool" container="StaticArray" arraySize="1">
          <containerEntry>false</containerEntry>
        </property>
        <property name="lodFarSize" type="Float" container="StaticArray" arraySize="1">
          <containerEntry>-1</containerEntry>
        </property>
        <property name="lodNearSize" type="Float" container="StaticArray" arraySize="1">
          <containerEntry>-1</containerEntry>
        </property>
        <property name="lodPolygonSize" type="Float" container="StaticArray" arraySize="1">
          <containerEntry>-1</containerEntry>
        </property>
        <property name="drawRejectionLevel" type="Int32" container="StaticArray" arraySize="1">
          <containerEntry>8</containerEntry>
        </property>
        <property name="drawMode" type="Int32" container="StaticArray" arraySize="1">
          <containerEntry>0</containerEntry>
        </property>
        <property name="rejectFarRangeShadowCast" type="Int32" container="StaticArray" arraySize="1">
          <containerEntry>2</containerEntry>
        </property>
        <property name="parentLocator" type="EntityLink" container="StaticArray" arraySize="1">
          <containerEntry packagePathHash="0xB8A0BF169F98" archivePathHash="0xB8A0BF169F98" nameInArchiveHash="0xB8A0BF169F98">0x0</containerEntry>
        </property>
        <property name="transforms" type="Matrix4" container="DynamicArray" arraySize="2">
          <containerEntry r11="-0.22507131" r12="-0.33991548" r13="0.9131262" r14="0" r21="-0.16929075" r22="0.93656075" r23="0.30691138" r24="0" r31="-0.95952207" r32="-0.0855068" r33="-0.2683375" r34="0" r41="2157.952" r42="418.54074" r43="-1269.792" r44="1"></containerEntry>
          <containerEntry r11="-0.016888918" r12="-0.22212899" r13="0.9748704" r14="0" r21="-0.03314352" r22="0.9745986" r23="0.22149271" r24="0" r31="-0.99930733" r32="-0.02856975" r33="-0.02382207" r34="0" r41="2184.3225" r42="413.75262" r43="-1253.8553" r44="1"></containerEntry>
        </property>
        <property name="colors" type="UInt32" container="DynamicArray" arraySize="2">
          <containerEntry>4294967295</containerEntry>
          <containerEntry>4294967295</containerEntry>
        </property>
      </staticProperties>
      <dynamicProperties></dynamicProperties>
    </entity>
    <entity class="StaticModelArray" classVersion="4" classID="0xD0" addr="0x2F56FA0" id="0x0">
      <staticProperties>
        <property name="name" type="String" container="StaticArray" arraySize="1">
          <containerEntry>StaticModelArray0003</containerEntry>
        </property>
        <property name="dataSet" type="EntityHandle" container="StaticArray" arraySize="1">
          <containerEntry>0x2F53960</containerEntry>
        </property>
        <property name="modelFile" type="FilePtr" container="StaticArray" arraySize="1">
          <containerEntry>/Assets/tpp/environ/object/afghanistan/rock/afgh_rock009/scenes/afgh_rock009_rock001.fmdl</containerEntry>
        </property>
        <property name="geomFile" type="FilePtr" container="StaticArray" arraySize="1">
          <containerEntry>/Assets/tpp/environ/object/afghanistan/rock/afgh_rock009/scenes/afgh_rock009_rock001.geom</containerEntry>
        </property>
        <property name="isVisibleGeom" type="Bool" container="StaticArray" arraySize="1">
          <containerEntry>false</containerEntry>
        </property>
        <property name="lodFarSize" type="Float" container="StaticArray" arraySize="1">
          <containerEntry>-1</containerEntry>
        </property>
        <property name="lodNearSize" type="Float" container="StaticArray" arraySize="1">
          <containerEntry>-1</containerEntry>
        </property>
        <property name="lodPolygonSize" type="Float" container="StaticArray" arraySize="1">
          <containerEntry>-1</containerEntry>
        </property>
        <property name="drawRejectionLevel" type="Int32" container="StaticArray" arraySize="1">
          <containerEntry>8</containerEntry>
        </property>
        <property name="drawMode" type="Int32" container="StaticArray" arraySize="1">
          <containerEntry>0</containerEntry>
        </property>
        <property name="rejectFarRangeShadowCast" type="Int32" container="StaticArray" arraySize="1">
          <containerEntry>2</containerEntry>
        </property>
        <property name="parentLocator" type="EntityLink" container="StaticArray" arraySize="1">
          <containerEntry packagePathHash="0xB8A0BF169F98" archivePathHash="0xB8A0BF169F98" nameInArchiveHash="0xB8A0BF169F98">0x0</containerEntry>
        </property>
        <property name="transforms" type="Matrix4" container="DynamicArray" arraySize="7">
          <containerEntry r11="-0.061448038" r12="-0.99656886" r13="0.05542463" r14="0" r21="0.63305753" r22="-0.08184439" r23="-0.76976407" r24="0" r31="0.7716602" r32="-0.012214512" r33="0.63591695" r34="0" r41="2139.1147" r42="426.60986" r43="-1246.7249" r44="1"></containerEntry>
          <containerEntry r11="0.0031853318" r12="-0.98610824" r13="-0.1660639" r14="0" r21="0.9367463" r22="-0.05517882" r23="0.34562737" r24="0" r31="-0.34999" r32="-0.1566604" r33="0.9235606" r34="0" r41="2151.2405" r42="436.6181" r43="-1189.9115" r44="1"></containerEntry>
          <containerEntry r11="0.8915853" r12="0.2620197" r13="-0.3693524" r14="0" r21="-0.32652867" r22="0.9370926" r23="-0.12343609" r24="0" r31="0.31377465" r32="0.23065802" r33="0.92105496" r34="0" r41="2159.5227" r42="417.30515" r43="-1253.4222" r44="1"></containerEntry>
          <containerEntry r11="0.4797588" r12="0.6903881" r13="0.54147524" r14="0" r21="-0.08066347" r22="0.649228" r23="-0.7563043" r24="0" r31="-0.87368447" r32="0.31916624" r33="0.36716202" r34="0" r41="2109.1492" r42="432.7306" r43="-1248.7075" r44="1"></containerEntry>
          <containerEntry r11="0.11165106" r12="-0.986454" r13="-0.120171696" r14="0" r21="0.58871984" r22="0.16308229" r23="-0.7917145" r24="0" r31="0.80058825" r32="0.017647743" r33="0.5989544" r34="0" r41="2116.1633" r42="443.60648" r43="-1221.601" r44="1"></containerEntry>
          <containerEntry r11="0.8204323" r12="0.10579969" r13="-0.56186956" r14="0" r21="-0.07741207" r22="0.9942359" r23="0.07417825" r24="0" r31="0.5664789" r32="-0.017362783" r33="0.8238934" r34="0" r41="2170.6206" r42="421.5598" r43="-1176.4917" r44="1"></containerEntry>
          <containerEntry r11="0.6359135" r12="0.3963145" r13="0.6622294" r14="0" r21="-0.26550466" r22="-0.6933552" r23="0.6698961" r24="0" r31="0.7246518" r32="-0.6018208" r33="-0.3356895" r34="0" r41="2054.2385" r42="453.15842" r43="-1241.4363" r44="1"></containerEntry>
        </property>
        <property name="colors" type="UInt32" container="DynamicArray" arraySize="7">
          <containerEntry>4294967295</containerEntry>
          <containerEntry>4294967295</containerEntry>
          <containerEntry>4294967295</containerEntry>
          <containerEntry>4294967295</containerEntry>
          <containerEntry>4294967295</containerEntry>
          <containerEntry>4294967295</containerEntry>
          <containerEntry>4294967295</containerEntry>
        </property>
      </staticProperties>
      <dynamicProperties></dynamicProperties>
    </entity>
    <entity class="StaticModelArray" classVersion="4" classID="0xD0" addr="0x2F56F30" id="0x0">
      <staticProperties>
        <property name="name" type="String" container="StaticArray" arraySize="1">
          <containerEntry>StaticModelArray0004</containerEntry>
        </property>
        <property name="dataSet" type="EntityHandle" container="StaticArray" arraySize="1">
          <containerEntry>0x2F53960</containerEntry>
        </property>
        <property name="modelFile" type="FilePtr" container="StaticArray" arraySize="1">
          <containerEntry>/Assets/tpp/environ/object/afghanistan/rock/afgh_rock006/scenes/afgh_rock006.fmdl</containerEntry>
        </property>
        <property name="geomFile" type="FilePtr" container="StaticArray" arraySize="1">
          <containerEntry>/Assets/tpp/environ/object/afghanistan/rock/afgh_rock006/scenes/afgh_rock006.geom</containerEntry>
        </property>
        <property name="isVisibleGeom" type="Bool" container="StaticArray" arraySize="1">
          <containerEntry>false</containerEntry>
        </property>
        <property name="lodFarSize" type="Float" container="StaticArray" arraySize="1">
          <containerEntry>-1</containerEntry>
        </property>
        <property name="lodNearSize" type="Float" container="StaticArray" arraySize="1">
          <containerEntry>-1</containerEntry>
        </property>
        <property name="lodPolygonSize" type="Float" container="StaticArray" arraySize="1">
          <containerEntry>-1</containerEntry>
        </property>
        <property name="drawRejectionLevel" type="Int32" container="StaticArray" arraySize="1">
          <containerEntry>8</containerEntry>
        </property>
        <property name="drawMode" type="Int32" container="StaticArray" arraySize="1">
          <containerEntry>0</containerEntry>
        </property>
        <property name="rejectFarRangeShadowCast" type="Int32" container="StaticArray" arraySize="1">
          <containerEntry>2</containerEntry>
        </property>
        <property name="parentLocator" type="EntityLink" container="StaticArray" arraySize="1">
          <containerEntry packagePathHash="0xB8A0BF169F98" archivePathHash="0xB8A0BF169F98" nameInArchiveHash="0xB8A0BF169F98">0x0</containerEntry>
        </property>
        <property name="transforms" type="Matrix4" container="DynamicArray" arraySize="2">
          <containerEntry r11="-0.23350286" r12="0.21005261" r13="-0.94939643" r14="0" r21="0.1902464" r22="-0.9476472" r23="-0.25645658" r24="0" r31="-0.9535628" r32="-0.24050276" r33="0.18131723" r34="0" r41="2089.568" r42="426.25476" r43="-1276.2443" r44="1"></containerEntry>
          <containerEntry r11="0.49639615" r12="-0.27344" r13="0.82390636" r14="0" r21="0.04708129" r22="-0.9392191" r23="-0.34007627" r24="0" r31="0.8668186" r32="0.20760316" r33="-0.45335108" r34="0" r41="2155.3508" r42="426.60852" r43="-1235.5758" r44="1"></containerEntry>
        </property>
        <property name="colors" type="UInt32" container="DynamicArray" arraySize="2">
          <containerEntry>4294967295</containerEntry>
          <containerEntry>4294967295</containerEntry>
        </property>
      </staticProperties>
      <dynamicProperties></dynamicProperties>
    </entity>
    <entity class="StaticModelArray" classVersion="4" classID="0xD0" addr="0x2F56B40" id="0x0">
      <staticProperties>
        <property name="name" type="String" container="StaticArray" arraySize="1">
          <containerEntry>StaticModelArray0005</containerEntry>
        </property>
        <property name="dataSet" type="EntityHandle" container="StaticArray" arraySize="1">
          <containerEntry>0x2F53960</containerEntry>
        </property>
        <property name="modelFile" type="FilePtr" container="StaticArray" arraySize="1">
          <containerEntry>/Assets/tpp/environ/object/afghanistan/cliff/afgh_clff035/scenes/afgh_clff035_vrtn001_gen8.fmdl</containerEntry>
        </property>
        <property name="geomFile" type="FilePtr" container="StaticArray" arraySize="1">
          <containerEntry>/Assets/tpp/environ/object/afghanistan/cliff/afgh_clff035/scenes/afgh_clff035_vrtn001_gen8.geom</containerEntry>
        </property>
        <property name="isVisibleGeom" type="Bool" container="StaticArray" arraySize="1">
          <containerEntry>false</containerEntry>
        </property>
        <property name="lodFarSize" type="Float" container="StaticArray" arraySize="1">
          <containerEntry>-1</containerEntry>
        </property>
        <property name="lodNearSize" type="Float" container="StaticArray" arraySize="1">
          <containerEntry>-1</containerEntry>
        </property>
        <property name="lodPolygonSize" type="Float" container="StaticArray" arraySize="1">
          <containerEntry>-1</containerEntry>
        </property>
        <property name="drawRejectionLevel" type="Int32" container="StaticArray" arraySize="1">
          <containerEntry>8</containerEntry>
        </property>
        <property name="drawMode" type="Int32" container="StaticArray" arraySize="1">
          <containerEntry>0</containerEntry>
        </property>
        <property name="rejectFarRangeShadowCast" type="Int32" container="StaticArray" arraySize="1">
          <containerEntry>2</containerEntry>
        </property>
        <property name="parentLocator" type="EntityLink" container="StaticArray" arraySize="1">
          <containerEntry packagePathHash="0xB8A0BF169F98" archivePathHash="0xB8A0BF169F98" nameInArchiveHash="0xB8A0BF169F98">0x0</containerEntry>
        </property>
        <property name="transforms" type="Matrix4" container="DynamicArray" arraySize="7">
          <containerEntry r11="-0.94514525" r12="0" r13="-0.3266442" r14="0" r21="0" r22="1" r23="0" r24="0" r31="0.3266442" r32="0" r33="-0.94514525" r34="0" r41="2087.6755" r42="433.72467" r43="-1265.3477" r44="1"></containerEntry>
          <containerEntry r11="-0.9982523" r12="0" r13="0.059048183" r14="0" r21="0" r22="1" r23="0" r24="0" r31="-0.059048183" r32="0" r33="-0.9982523" r34="0" r41="2054.6113" r42="450.9047" r43="-1251.8118" r44="1"></containerEntry>
          <containerEntry r11="-0.412195" r12="0.017204132" r13="-0.91093206" r14="0" r21="-0.105315566" r22="0.9922199" r23="0.06639452" r24="0" r31="0.9049872" r32="0.12330295" r33="-0.4071762" r34="0" r41="2168.9473" r42="426.56165" r43="-1224.4674" r44="1"></containerEntry>
          <containerEntry r11="0.8529606" r12="-0.07722362" r13="0.51623124" r14="0" r21="0.058387123" r22="0.9969044" r23="0.052655943" r24="0" r31="-0.51869947" r32="-0.014772177" r33="0.85482895" r34="0" r41="2175.3284" r42="426.53516" r43="-1260.5604" r44="1"></containerEntry>
          <containerEntry r11="-0.7376878" r12="-0.041239664" r13="-0.67387915" r14="0" r21="-0.320392" r22="0.89996517" r23="0.2956544" r24="0" r31="0.594275" r32="0.43400672" r33="-0.677106" r34="0" r41="2102.0684" r42="451.30444" r43="-1217.6246" r44="1"></containerEntry>
          <containerEntry r11="0.061409328" r12="0.042372756" r13="-0.9972134" r14="0" r21="-0.100662775" r22="0.99426734" r23="0.036048625" r24="0" r31="0.9930242" r32="0.09816846" r33="0.06532264" r34="0" r41="2125.0522" r42="452.6857" r43="-1170.1796" r44="1"></containerEntry>
          <containerEntry r11="0.05672391" r12="-0.0020803995" r13="-0.9983879" r14="0" r21="0.079342306" r22="0.9968445" r23="0.0024307035" r24="0" r31="0.9952324" r32="-0.079352275" r33="0.056710005" r34="0" r41="2160.2456" r42="434.89697" r43="-1162.5712" r44="1"></containerEntry>
        </property>
        <property name="colors" type="UInt32" container="DynamicArray" arraySize="7">
          <containerEntry>4294967295</containerEntry>
          <containerEntry>4294967295</containerEntry>
          <containerEntry>4294967295</containerEntry>
          <containerEntry>4294967295</containerEntry>
          <containerEntry>4294967295</containerEntry>
          <containerEntry>4294967295</containerEntry>
          <containerEntry>4294967295</containerEntry>
        </property>
      </staticProperties>
      <dynamicProperties></dynamicProperties>
    </entity>
    <entity class="StaticModelArray" classVersion="4" classID="0xD0" addr="0x2F56980" id="0x0">
      <staticProperties>
        <property name="name" type="String" container="StaticArray" arraySize="1">
          <containerEntry>StaticModelArray0006</containerEntry>
        </property>
        <property name="dataSet" type="EntityHandle" container="StaticArray" arraySize="1">
          <containerEntry>0x2F53960</containerEntry>
        </property>
        <property name="modelFile" type="FilePtr" container="StaticArray" arraySize="1">
          <containerEntry>/Assets/tpp/environ/object/afghanistan/cliff/afgh_clff037/scenes/afgh_clff037_vrtn002_gen8.fmdl</containerEntry>
        </property>
        <property name="geomFile" type="FilePtr" container="StaticArray" arraySize="1">
          <containerEntry>/Assets/tpp/environ/object/afghanistan/cliff/afgh_clff037/scenes/afgh_clff037_vrtn002_gen8.geom</containerEntry>
        </property>
        <property name="isVisibleGeom" type="Bool" container="StaticArray" arraySize="1">
          <containerEntry>false</containerEntry>
        </property>
        <property name="lodFarSize" type="Float" container="StaticArray" arraySize="1">
          <containerEntry>-1</containerEntry>
        </property>
        <property name="lodNearSize" type="Float" container="StaticArray" arraySize="1">
          <containerEntry>-1</containerEntry>
        </property>
        <property name="lodPolygonSize" type="Float" container="StaticArray" arraySize="1">
          <containerEntry>-1</containerEntry>
        </property>
        <property name="drawRejectionLevel" type="Int32" container="StaticArray" arraySize="1">
          <containerEntry>8</containerEntry>
        </property>
        <property name="drawMode" type="Int32" container="StaticArray" arraySize="1">
          <containerEntry>0</containerEntry>
        </property>
        <property name="rejectFarRangeShadowCast" type="Int32" container="StaticArray" arraySize="1">
          <containerEntry>2</containerEntry>
        </property>
        <property name="parentLocator" type="EntityLink" container="StaticArray" arraySize="1">
          <containerEntry packagePathHash="0xB8A0BF169F98" archivePathHash="0xB8A0BF169F98" nameInArchiveHash="0xB8A0BF169F98">0x0</containerEntry>
        </property>
        <property name="transforms" type="Matrix4" container="DynamicArray" arraySize="5">
          <containerEntry r11="0.8160212" r12="-0.06781682" r13="0.5740298" r14="0" r21="0.10290359" r22="0.9942738" r23="-0.02881909" r24="0" r31="-0.5687884" r32="0.08258673" r33="0.81832707" r34="0" r41="2099.761" r42="456.46548" r43="-1172.6555" r44="1"></containerEntry>
          <containerEntry r11="0.4382726" r12="-0.14690039" r13="-0.8867571" r14="0" r21="0.3055144" r22="0.95216364" r23="-0.0067374706" r24="0" r31="0.8453277" r32="-0.26796404" r33="0.46218735" r34="0" r41="2104.5195" r42="452.13528" r43="-1163.6302" r44="1"></containerEntry>
          <containerEntry r11="-0.44989404" r12="0.13811052" r13="-0.8823388" r14="0" r21="0.30551466" r22="0.9521635" r23="-0.0067380965" r24="0" r31="0.8392003" r32="-0.2725988" r33="-0.47056752" r34="0" r41="2115.993" r42="445.36893" r43="-1196.3109" r44="1"></containerEntry>
          <containerEntry r11="0.180387" r12="-0.15656172" r13="-0.9710554" r14="0" r21="0.10267876" r22="0.98485404" r23="-0.13971244" r24="0" r31="0.9782214" r32="-0.07450451" r33="0.19373041" r34="0" r41="2162.4683" r42="424.66907" r43="-1153.2373" r44="1"></containerEntry>
          <containerEntry r11="-0.9539637" r12="0.08211343" r13="0.288463" r14="0" r21="-0.008613426" r22="0.9538943" r23="-0.30001917" r24="0" r31="-0.2997988" r32="-0.28869203" r33="-0.90927327" r34="0" r41="2057.6353" r42="477.53394" r43="-1170.7539" r44="1"></containerEntry>
        </property>
        <property name="colors" type="UInt32" container="DynamicArray" arraySize="5">
          <containerEntry>4294967295</containerEntry>
          <containerEntry>4294967295</containerEntry>
          <containerEntry>4294967295</containerEntry>
          <containerEntry>4294967295</containerEntry>
          <containerEntry>4294967295</containerEntry>
        </property>
      </staticProperties>
      <dynamicProperties></dynamicProperties>
    </entity>
    <entity class="StaticModelArray" classVersion="4" classID="0xD0" addr="0x2F56830" id="0x0">
      <staticProperties>
        <property name="name" type="String" container="StaticArray" arraySize="1">
          <containerEntry>StaticModelArray0007</containerEntry>
        </property>
        <property name="dataSet" type="EntityHandle" container="StaticArray" arraySize="1">
          <containerEntry>0x2F53960</containerEntry>
        </property>
        <property name="modelFile" type="FilePtr" container="StaticArray" arraySize="1">
          <containerEntry>/Assets/tpp/environ/object/afghanistan/cliff/afgh_clff007/scenes/afgh_clff007.fmdl</containerEntry>
        </property>
