<fox formatVersion="2" fileVersion="0">
  <entities>
    <entity class="DataSet" classVersion="0" classID="0xE8" addr="0x2EF41B0" id="0x498B3">
      <staticProperties>
        <property name="name" type="String" container="StaticArray" arraySize="1">
          <containerEntry hash="0xB8A0BF169F98"></containerEntry>
        </property>
        <property name="dataSet" type="EntityHandle" container="StaticArray" arraySize="1">
          <containerEntry>0x0</containerEntry>
        </property>
        <property name="dataList" type="EntityPtr" container="StringMap" arraySize="2">
          <containerEntry key="StaticModelArray0000">
            <data>0x2D74F40</data>
          </containerEntry>
          <containerEntry key="TexturePackLoadConditioner0000">
            <data>0x2D78120</data>
          </containerEntry>
        </property>
      </staticProperties>
      <dynamicProperties></dynamicProperties>
    </entity>
    <entity class="StaticModelArray" classVersion="4" classID="0xD0" addr="0x2D74F40" id="0x0">
      <staticProperties>
        <property name="name" type="String" container="StaticArray" arraySize="1">
          <containerEntry>StaticModelArray0000</containerEntry>
        </property>
        <property name="dataSet" type="EntityHandle" container="StaticArray" arraySize="1">
          <containerEntry>0x2EF41B0</containerEntry>
        </property>
        <property name="modelFile" type="FilePtr" container="StaticArray" arraySize="1">
          <containerEntry>/Assets/tpp/environ/object/middle_africa/tree/mafr_tree031/scenes/mafr_tree031_vrtn008.fmdl</containerEntry>
        </property>
        <property name="geomFile" type="FilePtr" container="StaticArray" arraySize="1">
          <containerEntry>/Assets/tpp/environ/object/middle_africa/tree/mafr_tree031/scenes/mafr_tree031_vrtn008.geom</containerEntry>
        </property>
        <property name="isVisibleGeom" type="Bool" container="StaticArray" arraySize="1">
          <containerEntry>false</containerEntry>
        </property>
        <property name="lodFarSize" type="Float" container="StaticArray" arraySize="1">
          <containerEntry>-1</containerEntry>
        </property>
        <property name="lodNearSize" type="Float" container="StaticArray" arraySize="1">
          <containerEntry>-1</containerEntry>
        </property>
        <property name="lodPolygonSize" type="Float" container="StaticArray" arraySize="1">
          <containerEntry>-1</containerEntry>
        </property>
        <property name="drawRejectionLevel" type="Int32" container="StaticArray" arraySize="1">
          <containerEntry>7</containerEntry>
        </property>
        <property name="drawMode" type="Int32" container="StaticArray" arraySize="1">
          <containerEntry>0</containerEntry>
        </property>
        <property name="rejectFarRangeShadowCast" type="Int32" container="StaticArray" arraySize="1">
          <containerEntry>2</containerEntry>
        </property>
        <property name="parentLocator" type="EntityLink" container="StaticArray" arraySize="1">
          <containerEntry packagePathHash="0xB8A0BF169F98" archivePathHash="0xB8A0BF169F98" nameInArchiveHash="0xB8A0BF169F98">0x0</containerEntry>
        </property>
        <property name="transforms" type="Matrix4" container="DynamicArray" arraySize="7">
          <containerEntry r11="-0.747996" r12="0.06706008" r13="-0.6603028" r14="0" r21="0.050272513" r22="0.9977489" r23="0.044382032" r24="0" r31="0.6617927" r32="2.462407e-06" r33="-0.74968344" r34="0" r41="2255.1865" r42="-11.309131" r43="3012.8171" r44="1"></containerEntry>
          <containerEntry r11="0.4792482" r12="0.06706101" r13="-0.875107" r14="0" r21="-0.032212853" r22="0.99774885" r23="0.05881806" r24="0" r31="0.8770814" r32="1.2293384e-06" r33="0.48032954" r34="0" r41="2231.129" r42="-11.30904" r43="2965.652" r44="1"></containerEntry>
          <containerEntry r11="-0.92807794" r12="0.06705908" r13="0.3662702" r14="0" r21="0.06237786" r22="0.997749" r23="-0.024617134" r24="0" r31="-0.3670965" r32="5.1594805e-07" r33="-0.93017185" r34="0" r41="2192.7483" r42="-11.30906" r43="2998.4556" r44="1"></containerEntry>
          <containerEntry r11="0.6847362" r12="0.067059256" r13="0.72568953" r14="0" r21="-0.04602062" r22="0.997749" r23="-0.048776112" r24="0" r31="-0.72732687" r32="2.0637965e-06" r33="0.6862809" r34="0" r41="2252.675" r42="-11.309149" r43="2983.1765" r44="1"></containerEntry>
          <containerEntry r11="-0.24194248" r12="0.067061074" r13="-0.96796685" r14="0" r21="0.016260238" r22="0.99774885" r23="0.06506019" r24="0" r31="0.9701509" r32="1.4156046e-06" r33="-0.24248825" r34="0" r41="2189.6838" r42="-11.309138" r43="2972.6545" r44="1"></containerEntry>
          <containerEntry r11="-0.55696833" r12="0.067057624" r13="0.8278103" r14="0" r21="0.03743399" r22="0.99774903" r23="-0.05563724" r24="0" r31="-0.8296778" r32="3.5389938e-08" r33="-0.55822486" r34="0" r41="2272.3362" r42="-11.309023" r43="3032.3357" r44="1"></containerEntry>
          <containerEntry r11="0.15276247" r12="0.06705907" r13="0.9859789" r14="0" r21="-0.010264743" r22="0.997749" r23="-0.066269204" r24="0" r31="-0.98820347" r32="2.6225887e-06" r33="0.15310696" r34="0" r41="2204.4158" r42="-11.309132" r43="2946.8118" r44="1"></containerEntry>
        </property>
        <property name="colors" type="UInt32" container="DynamicArray" arraySize="7">
          <containerEntry>4294967295</containerEntry>
          <containerEntry>4294967295</containerEntry>
          <containerEntry>4294967295</containerEntry>
          <containerEntry>4294967295</containerEntry>
          <containerEntry>4294967295</containerEntry>
          <containerEntry>4294967295</containerEntry>
          <containerEntry>4294967295</containerEntry>
        </property>
      </staticProperties>
      <dynamicProperties></dynamicProperties>
    </entity>
    <entity class="TexturePackLoadConditioner" classVersion="0" classID="0x48" addr="0x2D78120" id="0x0">
      <staticProperties>
        <property name="name" type="String" container="StaticArray" arraySize="1">
          <containerEntry>TexturePackLoadConditioner0000</containerEntry>
        </property>
        <property name="dataSet" type="EntityHandle" container="StaticArray" arraySize="1">
          <containerEntry>0x2EF41B0</containerEntry>
        </property>
        <property name="texturePackPath" type="Path" container="StaticArray" arraySize="1">
          <containerEntry hash="0xB8A0BF169F98"></containerEntry>
        </property>
      </staticProperties>
      <dynamicProperties></dynamicProperties>
    </entity>
  </entities>
</fox>