<fox formatVersion="2" fileVersion="0">
  <entities>
    <entity class="DataSet" classVersion="0" classID="0xE8" addr="0x2EE2B60" id="0x10FD79C">
      <staticProperties>
        <property name="name" type="String" container="StaticArray" arraySize="1">
          <containerEntry hash="0xB8A0BF169F98"></containerEntry>
        </property>
        <property name="dataSet" type="EntityHandle" container="StaticArray" arraySize="1">
          <containerEntry>0x0</containerEntry>
        </property>
        <property name="dataList" type="EntityPtr" container="StringMap" arraySize="10">
          <containerEntry key="afgh_grnd003_0002">
            <data>0x2EE3880</data>
          </containerEntry>
          <containerEntry key="StaticModelArray0000">
            <data>0x2D7C640</data>
          </containerEntry>
          <containerEntry key="StaticModelArray0001">
            <data>0x2D7C6B0</data>
          </containerEntry>
          <containerEntry key="StaticModelArray0002">
            <data>0x2D7C720</data>
          </containerEntry>
          <containerEntry key="StaticModelArray0003">
            <data>0x2D7C800</data>
          </containerEntry>
          <containerEntry key="StaticModelArray0004">
            <data>0x2D7C790</data>
          </containerEntry>
          <containerEntry key="StaticModelArray0005">
            <data>0x2D797E0</data>
          </containerEntry>
          <containerEntry key="StaticModelArray0006">
            <data>0x2EE2620</data>
          </containerEntry>
          <containerEntry key="StaticModelArray0007">
            <data>0x2D7C410</data>
          </containerEntry>
          <containerEntry key="TexturePackLoadConditioner0000">
            <data>0x2D7CE20</data>
          </containerEntry>
        </property>
      </staticProperties>
      <dynamicProperties></dynamicProperties>
    </entity>
    <entity class="StaticModel" classVersion="9" classID="0x160" addr="0x2EE3880" id="0x10FD7EC">
      <staticProperties>
        <property name="name" type="String" container="StaticArray" arraySize="1">
          <containerEntry>afgh_grnd003_0002</containerEntry>
        </property>
        <property name="dataSet" type="EntityHandle" container="StaticArray" arraySize="1">
          <containerEntry>0x2EE2B60</containerEntry>
        </property>
        <property name="parent" type="EntityHandle" container="StaticArray" arraySize="1">
          <containerEntry>0x0</containerEntry>
        </property>
        <property name="transform" type="EntityPtr" container="StaticArray" arraySize="1">
          <containerEntry>0x2EE38F0</containerEntry>
        </property>
        <property name="shearTransform" type="EntityPtr" container="StaticArray" arraySize="1">
          <containerEntry>0x0</containerEntry>
        </property>
        <property name="pivotTransform" type="EntityPtr" container="StaticArray" arraySize="1">
          <containerEntry>0x0</containerEntry>
        </property>
        <property name="children" type="EntityHandle" container="List"></property>
        <property name="flags" type="UInt32" container="StaticArray" arraySize="1">
          <containerEntry>3221225479</containerEntry>
        </property>
        <property name="modelFile" type="FilePtr" container="StaticArray" arraySize="1">
          <containerEntry>/Assets/tpp/environ/object/afghanistan/ground/afgh_grnd003/scenes/afgh_grnd003.fmdl</containerEntry>
        </property>
        <property name="geomFile" type="FilePtr" container="StaticArray" arraySize="1">
          <containerEntry>/Assets/tpp/environ/object/afghanistan/ground/afgh_grnd003/scenes/afgh_grnd003.geom</containerEntry>
        </property>
        <property name="isVisibleGeom" type="Bool" container="StaticArray" arraySize="1">
          <containerEntry>false</containerEntry>
        </property>
        <property name="isIsolated" type="Bool" container="StaticArray" arraySize="1">
          <containerEntry>false</containerEntry>
        </property>
        <property name="lodFarSize" type="Float" container="StaticArray" arraySize="1">
          <containerEntry>-1</containerEntry>
        </property>
        <property name="lodNearSize" type="Float" container="StaticArray" arraySize="1">
          <containerEntry>-1</containerEntry>
        </property>
        <property name="lodPolygonSize" type="Float" container="StaticArray" arraySize="1">
          <containerEntry>-1</containerEntry>
        </property>
        <property name="color" type="Color" container="StaticArray" arraySize="1">
          <containerEntry r="1" g="1" b="1" a="1"></containerEntry>
        </property>
        <property name="drawRejectionLevel" type="Int32" container="StaticArray" arraySize="1">
          <containerEntry>8</containerEntry>
        </property>
        <property name="drawMode" type="Int32" container="StaticArray" arraySize="1">
          <containerEntry>0</containerEntry>
        </property>
        <property name="rejectFarRangeShadowCast" type="Int32" container="StaticArray" arraySize="1">
          <containerEntry>2</containerEntry>
        </property>
      </staticProperties>
      <dynamicProperties></dynamicProperties>
    </entity>
    <entity class="TransformEntity" classVersion="0" classID="0x50" addr="0x2EE38F0" id="0x10FD7EF">
      <staticProperties>
        <property name="owner" type="EntityHandle" container="StaticArray" arraySize="1">
          <containerEntry>0x2EE3880</containerEntry>
        </property>
        <property name="transform_scale" type="Vector3" container="StaticArray" arraySize="1">
          <containerEntry x="1" y="1" z="1" w="0"></containerEntry>
        </property>
        <property name="transform_rotation_quat" type="Quat" container="StaticArray" arraySize="1">
          <containerEntry x="0" y="-0.951778" z="0" w="0.306789"></containerEntry>
        </property>
        <property name="transform_translation" type="Vector3" container="StaticArray" arraySize="1">
          <containerEntry x="518.9542" y="273.35626" z="2244.147" w="0"></containerEntry>
        </property>
      </staticProperties>
      <dynamicProperties></dynamicProperties>
    </entity>
    <entity class="StaticModelArray" classVersion="4" classID="0xD0" addr="0x2D7C640" id="0x0">
      <staticProperties>
        <property name="name" type="String" container="StaticArray" arraySize="1">
          <containerEntry>StaticModelArray0000</containerEntry>
        </property>
        <property name="dataSet" type="EntityHandle" container="StaticArray" arraySize="1">
          <containerEntry>0x2EE2B60</containerEntry>
        </property>
        <property name="modelFile" type="FilePtr" container="StaticArray" arraySize="1">
          <containerEntry>/Assets/tpp/environ/object/afghanistan/clod/afgh_clod002/scenes/afgh_clod002.fmdl</containerEntry>
        </property>
        <property name="geomFile" type="FilePtr" container="StaticArray" arraySize="1">
          <containerEntry>/Assets/tpp/environ/object/afghanistan/clod/afgh_clod002/scenes/afgh_clod002.geom</containerEntry>
        </property>
        <property name="isVisibleGeom" type="Bool" container="StaticArray" arraySize="1">
          <containerEntry>false</containerEntry>
        </property>
        <property name="lodFarSize" type="Float" container="StaticArray" arraySize="1">
          <containerEntry>-1</containerEntry>
        </property>
        <property name="lodNearSize" type="Float" container="StaticArray" arraySize="1">
          <containerEntry>-1</containerEntry>
        </property>
        <property name="lodPolygonSize" type="Float" container="StaticArray" arraySize="1">
          <containerEntry>-1</containerEntry>
        </property>
        <property name="drawRejectionLevel" type="Int32" container="StaticArray" arraySize="1">
          <containerEntry>8</containerEntry>
        </property>
        <property name="drawMode" type="Int32" container="StaticArray" arraySize="1">
          <containerEntry>0</containerEntry>
        </property>
        <property name="rejectFarRangeShadowCast" type="Int32" container="StaticArray" arraySize="1">
          <containerEntry>2</containerEntry>
        </property>
        <property name="parentLocator" type="EntityLink" container="StaticArray" arraySize="1">
          <containerEntry packagePathHash="0xB8A0BF169F98" archivePathHash="0xB8A0BF169F98" nameInArchiveHash="0xB8A0BF169F98">0x0</containerEntry>
        </property>
        <property name="transforms" type="Matrix4" container="DynamicArray" arraySize="5">
          <containerEntry r11="0.47810102" r12="0.06916799" r13="0.8755766" r14="0" r21="-0.054284494" r22="0.99731547" r23="-0.049143407" r24="0" r31="-0.8766253" r32="-0.02403478" r33="0.48057228" r34="0" r41="551.6189" r42="274.82394" r43="2239.5208" r44="1"></containerEntry>
          <containerEntry r11="-0.94635147" r12="-0.035685338" r13="0.32116073" r14="0" r21="-0.054284602" r22="0.99731547" r23="-0.049142994" r24="0" r31="-0.31854486" r32="-0.06394066" r33="-0.9457481" r34="0" r41="567.218" r42="276.18146" r43="2231.2966" r44="1"></containerEntry>
          <containerEntry r11="-0.31334135" r12="-0.2945706" r13="0.9027973" r14="0" r21="-0.17238866" r22="0.9525229" r23="0.25096256" r24="0" r31="-0.9338613" r32="-0.07699493" r33="-0.34924543" r34="0" r41="615.05634" r42="279.6356" r43="2220.9556" r44="1"></containerEntry>
          <containerEntry r11="0.9940211" r12="0.05864352" r13="0.09210321" r14="0" r21="-0.05428447" r22="0.9973155" r23="-0.04914245" r24="0" r31="-0.09473786" r32="0.04384885" r33="0.9945361" r34="0" r41="584.38513" r42="278.03674" r43="2245.6177" r44="1"></containerEntry>
          <containerEntry r11="-0.7030782" r12="-0.0032298174" r13="0.7111022" r14="0" r21="-0.05428552" r22="0.9973154" r23="-0.049143277" r24="0" r31="-0.7090344" r32="-0.07315427" r33="-0.701366" r34="0" r41="532.3461" r42="273.89624" r43="2251.1604" r44="1"></containerEntry>
        </property>
        <property name="colors" type="UInt32" container="DynamicArray" arraySize="5">
          <containerEntry>4294967295</containerEntry>
          <containerEntry>4294967295</containerEntry>
          <containerEntry>4294967295</containerEntry>
          <containerEntry>4294967295</containerEntry>
          <containerEntry>4294967295</containerEntry>
        </property>
      </staticProperties>
      <dynamicProperties></dynamicProperties>
    </entity>
    <entity class="StaticModelArray" classVersion="4" classID="0xD0" addr="0x2D7C6B0" id="0x0">
      <staticProperties>
        <property name="name" type="String" container="StaticArray" arraySize="1">
          <containerEntry>StaticModelArray0001</containerEntry>
        </property>
        <property name="dataSet" type="EntityHandle" container="StaticArray" arraySize="1">
          <containerEntry>0x2EE2B60</containerEntry>
        </property>
        <property name="modelFile" type="FilePtr" container="StaticArray" arraySize="1">
          <containerEntry>/Assets/tpp/environ/object/afghanistan/ground/afgh_grnd003/scenes/afgh_grnd003.fmdl</containerEntry>
        </property>
        <property name="geomFile" type="FilePtr" container="StaticArray" arraySize="1">
          <containerEntry>/Assets/tpp/environ/object/afghanistan/ground/afgh_grnd003/scenes/afgh_grnd003.geom</containerEntry>
        </property>
        <property name="isVisibleGeom" type="Bool" container="StaticArray" arraySize="1">
          <containerEntry>false</containerEntry>
        </property>
        <property name="lodFarSize" type="Float" container="StaticArray" arraySize="1">
          <containerEntry>-1</containerEntry>
        </property>
        <property name="lodNearSize" type="Float" container="StaticArray" arraySize="1">
          <containerEntry>-1</containerEntry>
        </property>
        <property name="lodPolygonSize" type="Float" container="StaticArray" arraySize="1">
          <containerEntry>-1</containerEntry>
        </property>
        <property name="drawRejectionLevel" type="Int32" container="StaticArray" arraySize="1">
          <containerEntry>4</containerEntry>
        </property>
        <property name="drawMode" type="Int32" container="StaticArray" arraySize="1">
          <containerEntry>0</containerEntry>
        </property>
        <property name="rejectFarRangeShadowCast" type="Int32" container="StaticArray" arraySize="1">
          <containerEntry>2</containerEntry>
        </property>
        <property name="parentLocator" type="EntityLink" container="StaticArray" arraySize="1">
          <containerEntry packagePathHash="0xB8A0BF169F98" archivePathHash="0xB8A0BF169F98" nameInArchiveHash="0xB8A0BF169F98">0x0</containerEntry>
        </property>
        <property name="transforms" type="Matrix4" container="DynamicArray" arraySize="4">
          <containerEntry r11="-0.60304534" r12="0" r13="0.79770875" r14="0" r21="0" r22="1" r23="0" r24="0" r31="-0.79770875" r32="0" r33="-0.60304534" r34="0" r41="529.59607" r42="273.29672" r43="2237.451" r44="1"></containerEntry>
          <containerEntry r11="-0.3196919" r12="0" r13="0.9475211" r14="0" r21="0" r22="1" r23="0" r24="0" r31="-0.9475211" r32="0" r33="-0.3196919" r34="0" r41="542.4123" r42="273.07172" r43="2225.5718" r44="1"></containerEntry>
          <containerEntry r11="-0.13566923" r12="0" r13="0.99075294" r14="0" r21="0" r22="1" r23="0" r24="0" r31="-0.99075294" r32="0" r33="-0.13566923" r34="0" r41="533.6698" r42="269.74625" r43="2210.592" r44="1"></containerEntry>
          <containerEntry r11="0.8554673" r12="0" r13="0.51785666" r14="0" r21="0" r22="1" r23="0" r24="0" r31="-0.51785666" r32="0" r33="0.8554673" r34="0" r41="529.1139" r42="268.31485" r43="2193.108" r44="1"></containerEntry>
        </property>
        <property name="colors" type="UInt32" container="DynamicArray" arraySize="4">
          <containerEntry>4294967295</containerEntry>
          <containerEntry>4294967295</containerEntry>
          <containerEntry>4294967295</containerEntry>
          <containerEntry>4294967295</containerEntry>
        </property>
      </staticProperties>
      <dynamicProperties></dynamicProperties>
    </entity>
    <entity class="StaticModelArray" classVersion="4" classID="0xD0" addr="0x2D7C720" id="0x0">
      <staticProperties>
        <property name="name" type="String" container="StaticArray" arraySize="1">
          <containerEntry>StaticModelArray0002</containerEntry>
        </property>
        <property name="dataSet" type="EntityHandle" container="StaticArray" arraySize="1">
          <containerEntry>0x2EE2B60</containerEntry>
        </property>
        <property name="modelFile" type="FilePtr" container="StaticArray" arraySize="1">
          <containerEntry>/Assets/tpp/environ/object/middle_africa/rock/mafr_rock010/scenes/mafr_rock010_vrtn001.fmdl</containerEntry>
        </property>
        <property name="geomFile" type="FilePtr" container="StaticArray" arraySize="1">
          <containerEntry>/Assets/tpp/environ/object/middle_africa/rock/mafr_rock010/scenes/mafr_rock010_vrtn001.geom</containerEntry>
        </property>
        <property name="isVisibleGeom" type="Bool" container="StaticArray" arraySize="1">
          <containerEntry>false</containerEntry>
        </property>
        <property name="lodFarSize" type="Float" container="StaticArray" arraySize="1">
          <containerEntry>-1</containerEntry>
        </property>
        <property name="lodNearSize" type="Float" container="StaticArray" arraySize="1">
          <containerEntry>-1</containerEntry>
        </property>
        <property name="lodPolygonSize" type="Float" container="StaticArray" arraySize="1">
          <containerEntry>-1</containerEntry>
        </property>
        <property name="drawRejectionLevel" type="Int32" container="StaticArray" arraySize="1">
          <containerEntry>8</containerEntry>
        </property>
        <property name="drawMode" type="Int32" container="StaticArray" arraySize="1">
          <containerEntry>0</containerEntry>
        </property>
        <property name="rejectFarRangeShadowCast" type="Int32" container="StaticArray" arraySize="1">
          <containerEntry>2</containerEntry>
        </property>
        <property name="parentLocator" type="EntityLink" container="StaticArray" arraySize="1">
          <containerEntry packagePathHash="0xB8A0BF169F98" archivePathHash="0xB8A0BF169F98" nameInArchiveHash="0xB8A0BF169F98">0x0</containerEntry>
        </property>
        <property name="transforms" type="Matrix4" container="DynamicArray" arraySize="4">
          <containerEntry r11="1" r12="0" r13="0" r14="0" r21="0" r22="1" r23="0" r24="0" r31="0" r32="0" r33="1" r34="0" r41="593.8821" r42="279.32257" r43="2212.5193" r44="1"></containerEntry>
          <containerEntry r11="1" r12="0" r13="0" r14="0" r21="0" r22="1" r23="0" r24="0" r31="0" r32="0" r33="1" r34="0" r41="537.3595" r42="276.95016" r43="2290.1184" r44="1"></containerEntry>
          <containerEntry r11="0.75092036" r12="0" r13="-0.6603926" r14="0" r21="0" r22="1" r23="0" r24="0" r31="0.6603926" r32="0" r33="0.75092036" r34="0" r41="584.99945" r42="278.06418" r43="2273.4668" r44="1"></containerEntry>
          <containerEntry r11="0.76862454" r12="0" r13="0.63970035" r14="0" r21="0" r22="1" r23="0" r24="0" r31="-0.63970035" r32="0" r33="0.76862454" r34="0" r41="583.65314" r42="278.48734" r43="2269.5854" r44="1"></containerEntry>
        </property>
        <property name="colors" type="UInt32" container="DynamicArray" arraySize="4">
          <containerEntry>4294967295</containerEntry>
          <containerEntry>4294967295</containerEntry>
          <containerEntry>4294967295</containerEntry>
          <containerEntry>4294967295</containerEntry>
        </property>
      </staticProperties>
      <dynamicProperties></dynamicProperties>
    </entity>
    <entity class="StaticModelArray" classVersion="4" classID="0xD0" addr="0x2D7C800" id="0x0">
      <staticProperties>
        <property name="name" type="String" container="StaticArray" arraySize="1">
          <containerEntry>StaticModelArray0003</containerEntry>
        </property>
        <property name="dataSet" type="EntityHandle" container="StaticArray" arraySize="1">
          <containerEntry>0x2EE2B60</containerEntry>
        </property>
        <property name="modelFile" type="FilePtr" container="StaticArray" arraySize="1">
          <containerEntry>/Assets/tpp/environ/object/afghanistan/cliff/afgh_clff027/scenes/afgh_clff027_vrtn003.fmdl</containerEntry>
        </property>
        <property name="geomFile" type="FilePtr" container="StaticArray" arraySize="1">
          <containerEntry>/Assets/tpp/environ/object/afghanistan/cliff/afgh_clff027/scenes/afgh_clff027_vrtn003.geom</containerEntry>
        </property>
        <property name="isVisibleGeom" type="Bool" container="StaticArray" arraySize="1">
          <containerEntry>false</containerEntry>
        </property>
        <property name="lodFarSize" type="Float" container="StaticArray" arraySize="1">
          <containerEntry>-1</containerEntry>
        </property>
        <property name="lodNearSize" type="Float" container="StaticArray" arraySize="1">
          <containerEntry>-1</containerEntry>
        </property>
        <property name="lodPolygonSize" type="Float" container="StaticArray" arraySize="1">
          <containerEntry>-1</containerEntry>
        </property>
        <property name="drawRejectionLevel" type="Int32" container="StaticArray" arraySize="1">
          <containerEntry>8</containerEntry>
        </property>
        <property name="drawMode" type="Int32" container="StaticArray" arraySize="1">
          <containerEntry>0</containerEntry>
        </property>
        <property name="rejectFarRangeShadowCast" type="Int32" container="StaticArray" arraySize="1">
          <containerEntry>2</containerEntry>
        </property>
        <property name="parentLocator" type="EntityLink" container="StaticArray" arraySize="1">
          <containerEntry packagePathHash="0xB8A0BF169F98" archivePathHash="0xB8A0BF169F98" nameInArchiveHash="0xB8A0BF169F98">0x0</containerEntry>
        </property>
        <property name="transforms" type="Matrix4" container="DynamicArray" arraySize="2">
          <containerEntry r11="-0.67026913" r12="0" r13="0.74211764" r14="0" r21="0" r22="1" r23="0" r24="0" r31="-0.74211764" r32="0" r33="-0.67026913" r34="0" r41="638.5274" r42="288.65524" r43="2228.2478" r44="1"></containerEntry>
          <containerEntry r11="0.797248" r12="0" r13="0.60365206" r14="0" r21="0" r22="1" r23="0" r24="0" r31="-0.60365206" r32="0" r33="0.797248" r34="0" r41="638.73816" r42="287.79224" r43="2273.6938" r44="1"></containerEntry>
        </property>
        <property name="colors" type="UInt32" container="DynamicArray" arraySize="2">
          <containerEntry>4294967295</containerEntry>
          <containerEntry>4294967295</containerEntry>
        </property>
      </staticProperties>
      <dynamicProperties></dynamicProperties>
    </entity>
    <entity class="StaticModelArray" classVersion="4" classID="0xD0" addr="0x2D7C790" id="0x0">
      <staticProperties>
        <property name="name" type="String" container="StaticArray" arraySize="1">
          <containerEntry>StaticModelArray0004</containerEntry>
        </property>
        <property name="dataSet" type="EntityHandle" container="StaticArray" arraySize="1">
          <containerEntry>0x2EE2B60</containerEntry>
        </property>
        <property name="modelFile" type="FilePtr" container="StaticArray" arraySize="1">
          <containerEntry>/Assets/tpp/environ/object/afghanistan/rock/afgh_rock006/scenes/afgh_rock006.fmdl</containerEntry>
        </property>
        <property name="geomFile" type="FilePtr" container="StaticArray" arraySize="1">
          <containerEntry>/Assets/tpp/environ/object/afghanistan/rock/afgh_rock006/scenes/afgh_rock006.geom</containerEntry>
        </property>
        <property name="isVisibleGeom" type="Bool" container="StaticArray" arraySize="1">
          <containerEntry>false</containerEntry>
        </property>
        <property name="lodFarSize" type="Float" container="StaticArray" arraySize="1">
          <containerEntry>-1</containerEntry>
        </property>
        <property name="lodNearSize" type="Float" container="StaticArray" arraySize="1">
          <containerEntry>-1</containerEntry>
        </property>
        <property name="lodPolygonSize" type="Float" container="StaticArray" arraySize="1">
          <containerEntry>-1</containerEntry>
        </property>
        <property name="drawRejectionLevel" type="Int32" container="StaticArray" arraySize="1">
          <containerEntry>8</containerEntry>
        </property>
        <property name="drawMode" type="Int32" container="StaticArray" arraySize="1">
          <containerEntry>0</containerEntry>
        </property>
        <property name="rejectFarRangeShadowCast" type="Int32" container="StaticArray" arraySize="1">
          <containerEntry>2</containerEntry>
        </property>
        <property name="parentLocator" type="EntityLink" container="StaticArray" arraySize="1">
          <containerEntry packagePathHash="0xB8A0BF169F98" archivePathHash="0xB8A0BF169F98" nameInArchiveHash="0xB8A0BF169F98">0x0</containerEntry>
        </property>
        <property name="transforms" type="Matrix4" container="DynamicArray" arraySize="6">
          <containerEntry r11="0.9993017" r12="-0.037361387" r13="-0.0005481711" r14="0" r21="0.03705657" r22="0.99281776" r23="-0.11375307" r24="0" r31="0.0047942055" r32="0.113653325" r33="0.99350893" r34="0" r41="550" r42="273.46744" r43="2220" r44="1"></containerEntry>
          <containerEntry r11="-0.013772607" r12="-0.9819906" r13="-0.18842188" r14="0" r21="0.999761" r22="-0.010335106" r23="-0.019214138" r24="0" r31="0.016920581" r32="-0.18864167" r33="0.9819002" r34="0" r41="544" r42="276.4716" r43="2252" r44="1"></containerEntry>
          <containerEntry r11="0.7896148" r12="-0.37258407" r13="-0.4875335" r14="0" r21="-0.4566836" r22="0.17381698" r23="-0.87248224" r24="0" r31="0.40981448" r32="0.91157347" r33="-0.032904565" r34="0" r41="553.31433" r42="276.4716" r43="2248.416" r44="1"></containerEntry>
          <containerEntry r11="0.99152756" r12="-0.12989226" r13="-0.0010770895" r14="0" r21="0.1290183" r22="0.9857513" r23="-0.10792913" r24="0" r31="0.015080906" r32="0.10687574" r33="0.994158" r34="0" r41="537.8803" r42="269.60886" r43="2195.4534" r44="1"></containerEntry>
          <containerEntry r11="-0.824147" r12="-0.2691189" r13="-0.4983458" r14="0" r21="-0.30489343" r22="0.9523333" r23="-0.010058396" r24="0" r31="0.47729814" r32="0.14365306" r33="-0.86691517" r34="0" r41="617.7241" r42="279.70508" r43="2248.416" r44="1"></containerEntry>
          <containerEntry r11="-0.9940579" r12="-0.10877851" r13="-0.0037675377" r14="0" r21="0.1087611" r22="-0.9940565" r23="0.0045539434" r24="0" r31="-0.0042405203" r32="0.004117126" r33="0.99998254" r34="0" r41="529.2709" r42="273.91626" r43="2244.5198" r44="1"></containerEntry>
        </property>
        <property name="colors" type="UInt32" container="DynamicArray" arraySize="6">
          <containerEntry>4294967295</containerEntry>
          <containerEntry>4294967295</containerEntry>
          <containerEntry>4294967295</containerEntry>
          <containerEntry>4294967295</containerEntry>
          <containerEntry>4294967295</containerEntry>
          <containerEntry>4294967295</containerEntry>
        </property>
      </staticProperties>
      <dynamicProperties></dynamicProperties>
    </entity>
    <entity class="StaticModelArray" classVersion="4" classID="0xD0" addr="0x2D797E0" id="0x0">
      <staticProperties>
        <property name="name" type="String" container="StaticArray" arraySize="1">
          <containerEntry>StaticModelArray0005</containerEntry>
        </property>
        <property name="dataSet" type="EntityHandle" container="StaticArray" arraySize="1">
          <containerEntry>0x2EE2B60</containerEntry>
        </property>
        <property name="modelFile" type="FilePtr" container="StaticArray" arraySize="1">
          <containerEntry>/Assets/tpp/environ/object/afghanistan/ground/afgh_grnd003/scenes/afgh_grnd003.fmdl</containerEntry>
        </property>
        <property name="geomFile" type="FilePtr" container="StaticArray" arraySize="1">
          <containerEntry>/Assets/tpp/environ/object/afghanistan/ground/afgh_grnd003/scenes/afgh_grnd003.geom</containerEntry>
        </property>
        <property name="isVisibleGeom" type="Bool" container="StaticArray" arraySize="1">
          <containerEntry>false</containerEntry>
        </property>
        <property name="lodFarSize" type="Float" container="StaticArray" arraySize="1">
          <containerEntry>-1</containerEntry>
        </property>
        <property name="lodNearSize" type="Float" container="StaticArray" arraySize="1">
          <containerEntry>-1</containerEntry>
        </property>
        <property name="lodPolygonSize" type="Float" container="StaticArray" arraySize="1">
          <containerEntry>-1</containerEntry>
        </property>
        <property name="drawRejectionLevel" type="Int32" container="StaticArray" arraySize="1">
          <containerEntry>5</containerEntry>
        </property>
        <property name="drawMode" type="Int32" container="StaticArray" arraySize="1">
          <containerEntry>0</containerEntry>
        </property>
        <property name="rejectFarRangeShadowCast" type="Int32" container="StaticArray" arraySize="1">
          <containerEntry>2</containerEntry>
        </property>
        <property name="parentLocator" type="EntityLink" container="StaticArray" arraySize="1">
          <containerEntry packagePathHash="0xB8A0BF169F98" archivePathHash="0xB8A0BF169F98" nameInArchiveHash="0xB8A0BF169F98">0x0</containerEntry>
        </property>
        <property name="transforms" type="Matrix4" container="DynamicArray" arraySize="2">
          <containerEntry r11="-0.4520465" r12="0" r13="0.89199287" r14="0" r21="0" r22="1" r23="0" r24="0" r31="-0.89199287" r32="0" r33="-0.4520465" r34="0" r41="541.518" r42="266.73297" r43="2146.4546" r44="1"></containerEntry>
          <containerEntry r11="-0.4520465" r12="0" r13="0.89199287" r14="0" r21="0" r22="1" r23="0" r24="0" r31="-0.89199287" r32="0" r33="-0.4520465" r34="0" r41="534.8644" r42="266.73297" r43="2153.6377" r44="1"></containerEntry>
        </property>
        <property name="colors" type="UInt32" container="DynamicArray" arraySize="2">
          <containerEntry>4294967295</containerEntry>
          <containerEntry>4294967295</containerEntry>
        </property>
      </staticProperties>
      <dynamicProperties></dynamicProperties>
    </entity>
    <entity class="StaticModelArray" classVersion="4" classID="0xD0" addr="0x2EE2620" id="0x0">
      <staticProperties>
        <property name="name" type="String" container="StaticArray" arraySize="1">
          <containerEntry>StaticModelArray0006</containerEntry>
        </property>
        <property name="dataSet" type="EntityHandle" container="StaticArray" arraySize="1">
          <containerEntry>0x2EE2B60</containerEntry>
        </property>
        <property name="modelFile" type="FilePtr" container="StaticArray" arraySize="1">
          <containerEntry>/Assets/tpp/environ/object/afghanistan/rock/afgh_rock001/scenes/afgh_rock001_vrtn001.fmdl</containerEntry>
        </property>
        <property name="geomFile" type="FilePtr" container="StaticArray" arraySize="1">
          <containerEntry>/Assets/tpp/environ/object/afghanistan/rock/afgh_rock001/scenes/afgh_rock001_vrtn001.geom</containerEntry>
        </property>
        <property name="isVisibleGeom" type="Bool" container="StaticArray" arraySize="1">
          <containerEntry>false</containerEntry>
        </property>
        <property name="lodFarSize" type="Float" container="StaticArray" arraySize="1">
          <containerEntry>-1</containerEntry>
        </property>
        <property name="lodNearSize" type="Float" container="StaticArray" arraySize="1">
          <containerEntry>-1</containerEntry>
        </property>
        <property name="lodPolygonSize" type="Float" container="StaticArray" arraySize="1">
          <containerEntry>-1</containerEntry>
        </property>
        <property name="drawRejectionLevel" type="Int32" container="StaticArray" arraySize="1">
          <containerEntry>8</containerEntry>
        </property>
        <property name="drawMode" type="Int32" container="StaticArray" arraySize="1">
          <containerEntry>0</containerEntry>
        </property>
        <property name="rejectFarRangeShadowCast" type="Int32" container="StaticArray" arraySize="1">
          <containerEntry>2</containerEntry>
        </property>
        <property name="parentLocator" type="EntityLink" container="StaticArray" arraySize="1">
          <containerEntry packagePathHash="0xB8A0BF169F98" archivePathHash="0xB8A0BF169F98" nameInArchiveHash="0xB8A0BF169F98">0x0</containerEntry>
        </property>
        <property name="transforms" type="Matrix4" container="DynamicArray" arraySize="21">
          <containerEntry r11="1" r12="0" r13="0" r14="0" r21="0" r22="1" r23="0" r24="0" r31="0" r32="0" r33="1" r34="0" r41="541.76654" r42="270.93295" r43="2210.001" r44="1"></containerEntry>
          <containerEntry r11="-0.47073257" r12="0" r13="-0.8822783" r14="0" r21="0" r22="1" r23="0" r24="0" r31="0.8822783" r32="0" r33="-0.47073257" r34="0" r41="535.1578" r42="269.136" r43="2195.9885" r44="1"></containerEntry>
          <containerEntry r11="-0.39762485" r12="0" r13="0.9175488" r14="0" r21="0" r22="1" r23="0" r24="0" r31="-0.9175488" r32="0" r33="-0.39762485" r34="0" r41="549.3455" r42="272.55402" r43="2208.4016" r44="1"></containerEntry>
          <containerEntry r11="-0.39762485" r12="0" r13="0.9175488" r14="0" r21="0" r22="1" r23="0" r24="0" r31="-0.9175488" r32="0" r33="-0.39762485" r34="0" r41="564" r42="275.99136" r43="2222" r44="1"></containerEntry>
          <containerEntry r11="0.22302747" r12="-0.82788336" r13="-0.5146532" r14="0" r21="-0.32918707" r22="-0.56090045" r23="0.7596227" r24="0" r31="-0.9175482" r32="4.4703484e-07" r33="-0.39762473" r34="0" r41="555.07855" r42="274.08853" r43="2222.6045" r44="1"></containerEntry>
          <containerEntry r11="-0.39762485" r12="0" r13="0.9175488" r14="0" r21="0" r22="1" r23="0" r24="0" r31="-0.9175488" r32="0" r33="-0.39762485" r34="0" r41="602" r42="281.85376" r43="2208" r44="1"></containerEntry>
          <containerEntry r11="0.9986307" r12="0" r13="0.052314103" r14="0" r21="0" r22="1" r23="0" r24="0" r31="-0.052314103" r32="0" r33="0.9986307" r34="0" r41="597.2863" r42="282.08618" r43="2198.9783" r44="1"></containerEntry>
          <containerEntry r11="-0.39762485" r12="0" r13="0.9175488" r14="0" r21="0" r22="1" r23="0" r24="0" r31="-0.9175488" r32="0" r33="-0.39762485" r34="0" r41="578" r42="278.78644" r43="2256" r44="1"></containerEntry>
          <containerEntry r11="0.89083767" r12="-0.033714756" r13="0.45306924" r14="0" r21="-0.032675207" r22="0.98990566" r23="0.13791" r24="0" r31="-0.4531454" r32="-0.13765953" r33="0.88074356" r34="0" r41="578" r42="280.2342" r43="2278.8066" r44="1"></containerEntry>
          <containerEntry r11="0.89083767" r12="-0.033714756" r13="0.45306924" r14="0" r21="-0.032675207" r22="0.98990566" r23="0.13791" r24="0" r31="-0.4531454" r32="-0.13765953" r33="0.88074356" r34="0" r41="618.96375" r42="278.4828" r43="2267.5754" r44="1"></containerEntry>
          <containerEntry r11="-0.9694432" r12="0.0021739556" r13="-0.24530129" r14="0" r21="-0.032676093" r22="0.9899055" r23="0.13791059" r24="0" r31="0.24312492" r32="0.14171214" r33="-0.95958614" r34="0" r41="619.8854" r42="279.64294" r43="2261.636" r44="1"></containerEntry>
          <containerEntry r11="0.89083767" r12="-0.033714756" r13="0.45306924" r14="0" r21="-0.032675207" r22="0.98990566" r23="0.13791" r24="0" r31="-0.4531454" r32="-0.13765953" r33="0.88074356" r34="0" r41="542" r42="277.11423" r43="2288" r44="1"></containerEntry>
          <containerEntry r11="0.84453905" r12="0.10113724" r13="-0.5258564" r14="0" r21="-0.03267566" r22="0.9899057" r23="0.1379092" r24="0" r31="0.53449595" r32="-0.09928699" r33="0.83931875" r34="0" r41="535.6726" r42="278.39487" r43="2281.1978" r44="1"></containerEntry>
          <containerEntry r11="0.9986307" r12="0" r13="0.052314103" r14="0" r21="0" r22="1" r23="0" r24="0" r31="-0.052314103" r32="0" r33="0.9986307" r34="0" r41="636.5338" r42="285.2309" r43="2186" r44="1"></containerEntry>
          <containerEntry r11="0.20441471" r12="0.14269444" r13="-0.9684274" r14="0" r21="0.85998225" r22="0.44639996" r23="0.24729893" r24="0" r31="0.46759376" r32="-0.88338244" r33="-0.031463742" r34="0" r41="632" r42="280.97128" r43="2204.4807" r44="1"></containerEntry>
          <containerEntry r11="0.8964017" r12="-0.112652615" r13="0.42868823" r14="0" r21="0.13453756" r22="0.99068624" r23="-0.020985747" r24="0" r31="-0.42233145" r32="0.07648625" r33="0.90320885" r34="0" r41="588.8117" r42="281.0957" r43="2189.7942" r44="1"></containerEntry>
          <containerEntry r11="0.84453905" r12="0.10113724" r13="-0.5258564" r14="0" r21="-0.03267566" r22="0.9899057" r23="0.1379092" r24="0" r31="0.53449595" r32="-0.09928699" r33="0.83931875" r34="0" r41="544" r42="277.66946" r43="2258" r44="1"></containerEntry>
          <containerEntry r11="0.48865068" r12="-0.21935469" r13="-0.8444549" r14="0" r21="-0.36440283" r22="0.8281051" r23="-0.4259724" r24="0" r31="0.79273653" r32="0.51587343" r33="0.32472062" r34="0" r41="523.4378" r42="274.52167" r43="2245.915" r44="1"></containerEntry>
          <containerEntry r11="-0.80999345" r12="-0.50755084" r13="-0.29377747" r14="0" r21="-0.36440393" r22="0.82810485" r23="-0.42597234" r24="0" r31="0.459481" r32="-0.23798072" r33="-0.85571307" r34="0" r41="538" r42="275.83234" r43="2252" r44="1"></containerEntry>
          <containerEntry r11="0.9798201" r12="8.130446e-07" r13="0.19988146" r14="0" r21="0.025953494" r22="0.9915339" r23="-0.12722816" r24="0" r31="-0.19818935" r32="0.12984832" r33="0.9715248" r34="0" r41="568" r42="276.93384" r43="2244" r44="1"></containerEntry>
          <containerEntry r11="-0.4591486" r12="-0.049908012" r13="-0.8869557" r14="0" r21="-0.46594617" r22="0.86359394" r23="0.19261225" r24="0" r31="0.75635666" r32="0.5017116" r33="-0.41977233" r34="0" r41="546" r42="274.96924" r43="2243.6802" r44="1"></containerEntry>
        </property>
        <property name="colors" type="UInt32" container="DynamicArray" arraySize="21">
          <containerEntry>4294967295</containerEntry>
          <containerEntry>4294967295</containerEntry>
          <containerEntry>4294967295</containerEntry>
          <containerEntry>4294967295</containerEntry>
          <containerEntry>4294967295</containerEntry>
          <containerEntry>4294967295</containerEntry>
          <containerEntry>4294967295</containerEntry>
          <containerEntry>4294967295</containerEntry>
          <containerEntry>4294967295</containerEntry>
          <containerEntry>4294967295</containerEntry>
          <containerEntry>4294967295</containerEntry>
          <containerEntry>4294967295</containerEntry>
          <containerEntry>4294967295</containerEntry>
          <containerEntry>4294967295</containerEntry>
          <containerEntry>4294967295</containerEntry>
          <containerEntry>4294967295</containerEntry>
          <containerEntry>4294967295</containerEntry>
          <containerEntry>4294967295</containerEntry>
          <containerEntry>4294967295</containerEntry>
          <containerEntry>4294967295</containerEntry>
          <containerEntry>4294967295</containerEntry>
        </property>
      </staticProperties>
      <dynamicProperties></dynamicProperties>
    </entity>
    <entity class="StaticModelArray" classVersion="4" classID="0xD0" addr="0x2D7C410" id="0x0">
      <staticProperties>
        <property name="name" type="String" container="StaticArray" arraySize="1">
          <containerEntry>StaticModelArray0007</containerEntry>
        </property>
        <property name="dataSet" type="EntityHandle" container="StaticArray" arraySize="1">
          <containerEntry>0x2EE2B60</containerEntry>
        </property>
        <property name="modelFile" type="FilePtr" container="StaticArray" arraySize="1">
          <containerEntry>/Assets/tpp/environ/object/afghanistan/cliff/afgh_clff027/scenes/afgh_clff027_vrtn007.fmdl</containerEntry>
        </property>
        <property name="geomFile" type="FilePtr" container="StaticArray" arraySize="1">
          <containerEntry>/Assets/tpp/environ/object/afghanistan/cliff/afgh_clff027/scenes/afgh_clff027_vrtn007.geom</containerEntry>
        </property>
        <property name="isVisibleGeom" type="Bool" container="StaticArray" arraySize="1">
          <containerEntry>false</containerEntry>
        </property>
        <property name="lodFarSize" type="Float" container="StaticArray" arraySize="1">
          <containerEntry>-1</containerEntry>
        </property>
        <property name="lodNearSize" type="Float" container="StaticArray" arraySize="1">
          <containerEntry>-1</containerEntry>
        </property>
        <property name="lodPolygonSize" type="Float" container="StaticArray" arraySize="1">
          <containerEntry>-1</containerEntry>
        </property>
        <property name="drawRejectionLevel" type="Int32" container="StaticArray" arraySize="1">
          <containerEntry>8</containerEntry>
        </property>
        <property name="drawMode" type="Int32" container="StaticArray" arraySize="1">
          <containerEntry>0</containerEntry>
        </property>
        <property name="rejectFarRangeShadowCast" type="Int32" container="StaticArray" arraySize="1">
          <containerEntry>2</containerEntry>
        </property>
