<fox formatVersion="2" fileVersion="0">
  <entities>
    <entity class="DataSet" classVersion="0" classID="0xE8" addr="0x2F55E90" id="0x357F95">
      <staticProperties>
        <property name="name" type="String" container="StaticArray" arraySize="1">
          <containerEntry hash="0xB8A0BF169F98"></containerEntry>
        </property>
        <property name="dataSet" type="EntityHandle" container="StaticArray" arraySize="1">
          <containerEntry>0x0</containerEntry>
        </property>
        <property name="dataList" type="EntityPtr" container="StringMap" arraySize="12">
          <containerEntry key="afgh_clff025_0006">
            <data>0x2D77240</data>
          </containerEntry>
          <containerEntry key="afgh_clff039_0052">
            <data>0x2D78A50</data>
          </containerEntry>
          <containerEntry key="afgh_clff035_vrtn001_0011">
            <data>0x2D78E40</data>
          </containerEntry>
          <containerEntry key="afgh_rock010_vrtn001_0000">
            <data>0x2D7AEA0</data>
          </containerEntry>
          <containerEntry key="StaticModelArray0000">
            <data>0x2EA1C80</data>
          </containerEntry>
          <containerEntry key="StaticModelArray0001">
            <data>0x2EA1CF0</data>
          </containerEntry>
          <containerEntry key="StaticModelArray0002">
            <data>0x2EA1E40</data>
          </containerEntry>
          <containerEntry key="StaticModelArray0003">
            <data>0x2EA1EB0</data>
          </containerEntry>
          <containerEntry key="StaticModelArray0004">
            <data>0x2EA1900</data>
          </containerEntry>
          <containerEntry key="StaticModelArray0005">
            <data>0x2EA17B0</data>
          </containerEntry>
          <containerEntry key="StaticModelArray0006">
            <data>0x2EA1270</data>
          </containerEntry>
          <containerEntry key="TexturePackLoadConditioner0000">
            <data>0x2EA2380</data>
          </containerEntry>
        </property>
      </staticProperties>
      <dynamicProperties></dynamicProperties>
    </entity>
    <entity class="StaticModel" classVersion="9" classID="0x160" addr="0x2D77240" id="0x3580BF">
      <staticProperties>
        <property name="name" type="String" container="StaticArray" arraySize="1">
          <containerEntry>afgh_clff025_0006</containerEntry>
        </property>
        <property name="dataSet" type="EntityHandle" container="StaticArray" arraySize="1">
          <containerEntry>0x2F55E90</containerEntry>
        </property>
        <property name="parent" type="EntityHandle" container="StaticArray" arraySize="1">
          <containerEntry>0x0</containerEntry>
        </property>
        <property name="transform" type="EntityPtr" container="StaticArray" arraySize="1">
          <containerEntry>0x2D772B0</containerEntry>
        </property>
        <property name="shearTransform" type="EntityPtr" container="StaticArray" arraySize="1">
          <containerEntry>0x0</containerEntry>
        </property>
        <property name="pivotTransform" type="EntityPtr" container="StaticArray" arraySize="1">
          <containerEntry>0x0</containerEntry>
        </property>
        <property name="children" type="EntityHandle" container="List"></property>
        <property name="flags" type="UInt32" container="StaticArray" arraySize="1">
          <containerEntry>3221225479</containerEntry>
        </property>
        <property name="modelFile" type="FilePtr" container="StaticArray" arraySize="1">
          <containerEntry>/Assets/tpp/environ/object/afghanistan/cliff/afgh_clff025/scenes/afgh_clff025.fmdl</containerEntry>
        </property>
        <property name="geomFile" type="FilePtr" container="StaticArray" arraySize="1">
          <containerEntry>/Assets/tpp/environ/object/afghanistan/cliff/afgh_clff025/scenes/afgh_clff025.geom</containerEntry>
        </property>
        <property name="isVisibleGeom" type="Bool" container="StaticArray" arraySize="1">
          <containerEntry>false</containerEntry>
        </property>
        <property name="isIsolated" type="Bool" container="StaticArray" arraySize="1">
          <containerEntry>false</containerEntry>
        </property>
        <property name="lodFarSize" type="Float" container="StaticArray" arraySize="1">
          <containerEntry>-1</containerEntry>
        </property>
        <property name="lodNearSize" type="Float" container="StaticArray" arraySize="1">
          <containerEntry>-1</containerEntry>
        </property>
        <property name="lodPolygonSize" type="Float" container="StaticArray" arraySize="1">
          <containerEntry>-1</containerEntry>
        </property>
        <property name="color" type="Color" container="StaticArray" arraySize="1">
          <containerEntry r="1" g="1" b="1" a="1"></containerEntry>
        </property>
        <property name="drawRejectionLevel" type="Int32" container="StaticArray" arraySize="1">
          <containerEntry>8</containerEntry>
        </property>
        <property name="drawMode" type="Int32" container="StaticArray" arraySize="1">
          <containerEntry>0</containerEntry>
        </property>
        <property name="rejectFarRangeShadowCast" type="Int32" container="StaticArray" arraySize="1">
          <containerEntry>2</containerEntry>
        </property>
      </staticProperties>
      <dynamicProperties></dynamicProperties>
    </entity>
    <entity class="TransformEntity" classVersion="0" classID="0x50" addr="0x2D772B0" id="0x3580C2">
      <staticProperties>
        <property name="owner" type="EntityHandle" container="StaticArray" arraySize="1">
          <containerEntry>0x2D77240</containerEntry>
        </property>
        <property name="transform_scale" type="Vector3" container="StaticArray" arraySize="1">
          <containerEntry x="1" y="1" z="1" w="0"></containerEntry>
        </property>
        <property name="transform_rotation_quat" type="Quat" container="StaticArray" arraySize="1">
          <containerEntry x="0.03821" y="-0.512753" z="-0.071882" w="0.854668"></containerEntry>
        </property>
        <property name="transform_translation" type="Vector3" container="StaticArray" arraySize="1">
          <containerEntry x="1990.7747" y="326.8929" z="-561.20984" w="0"></containerEntry>
        </property>
      </staticProperties>
      <dynamicProperties></dynamicProperties>
    </entity>
    <entity class="StaticModel" classVersion="9" classID="0x160" addr="0x2D78A50" id="0x35813B">
      <staticProperties>
        <property name="name" type="String" container="StaticArray" arraySize="1">
          <containerEntry>afgh_clff039_0052</containerEntry>
        </property>
        <property name="dataSet" type="EntityHandle" container="StaticArray" arraySize="1">
          <containerEntry>0x2F55E90</containerEntry>
        </property>
        <property name="parent" type="EntityHandle" container="StaticArray" arraySize="1">
          <containerEntry>0x0</containerEntry>
        </property>
        <property name="transform" type="EntityPtr" container="StaticArray" arraySize="1">
          <containerEntry>0x2D78AC0</containerEntry>
        </property>
        <property name="shearTransform" type="EntityPtr" container="StaticArray" arraySize="1">
          <containerEntry>0x0</containerEntry>
        </property>
        <property name="pivotTransform" type="EntityPtr" container="StaticArray" arraySize="1">
          <containerEntry>0x0</containerEntry>
        </property>
        <property name="children" type="EntityHandle" container="List"></property>
        <property name="flags" type="UInt32" container="StaticArray" arraySize="1">
          <containerEntry>3221225479</containerEntry>
        </property>
        <property name="modelFile" type="FilePtr" container="StaticArray" arraySize="1">
          <containerEntry>/Assets/tpp/environ/object/afghanistan/cliff/afgh_clff039/scenes/afgh_clff039_gen8.fmdl</containerEntry>
        </property>
        <property name="geomFile" type="FilePtr" container="StaticArray" arraySize="1">
          <containerEntry>/Assets/tpp/environ/object/afghanistan/cliff/afgh_clff039/scenes/afgh_clff039_gen8.geom</containerEntry>
        </property>
        <property name="isVisibleGeom" type="Bool" container="StaticArray" arraySize="1">
          <containerEntry>false</containerEntry>
        </property>
        <property name="isIsolated" type="Bool" container="StaticArray" arraySize="1">
          <containerEntry>false</containerEntry>
        </property>
        <property name="lodFarSize" type="Float" container="StaticArray" arraySize="1">
          <containerEntry>-1</containerEntry>
        </property>
        <property name="lodNearSize" type="Float" container="StaticArray" arraySize="1">
          <containerEntry>-1</containerEntry>
        </property>
        <property name="lodPolygonSize" type="Float" container="StaticArray" arraySize="1">
          <containerEntry>-1</containerEntry>
        </property>
        <property name="color" type="Color" container="StaticArray" arraySize="1">
          <containerEntry r="1" g="1" b="1" a="1"></containerEntry>
        </property>
        <property name="drawRejectionLevel" type="Int32" container="StaticArray" arraySize="1">
          <containerEntry>3</containerEntry>
        </property>
        <property name="drawMode" type="Int32" container="StaticArray" arraySize="1">
          <containerEntry>0</containerEntry>
        </property>
        <property name="rejectFarRangeShadowCast" type="Int32" container="StaticArray" arraySize="1">
          <containerEntry>2</containerEntry>
        </property>
      </staticProperties>
      <dynamicProperties></dynamicProperties>
    </entity>
    <entity class="TransformEntity" classVersion="0" classID="0x50" addr="0x2D78AC0" id="0x35813E">
      <staticProperties>
        <property name="owner" type="EntityHandle" container="StaticArray" arraySize="1">
          <containerEntry>0x2D78A50</containerEntry>
        </property>
        <property name="transform_scale" type="Vector3" container="StaticArray" arraySize="1">
          <containerEntry x="1" y="1" z="1" w="0"></containerEntry>
        </property>
        <property name="transform_rotation_quat" type="Quat" container="StaticArray" arraySize="1">
          <containerEntry x="0" y="0" z="0" w="1"></containerEntry>
        </property>
        <property name="transform_translation" type="Vector3" container="StaticArray" arraySize="1">
          <containerEntry x="1928.1001" y="299.05566" z="-516.1343" w="0"></containerEntry>
        </property>
      </staticProperties>
      <dynamicProperties></dynamicProperties>
    </entity>
    <entity class="StaticModel" classVersion="9" classID="0x160" addr="0x2D78E40" id="0x358150">
      <staticProperties>
        <property name="name" type="String" container="StaticArray" arraySize="1">
          <containerEntry>afgh_clff035_vrtn001_0011</containerEntry>
        </property>
        <property name="dataSet" type="EntityHandle" container="StaticArray" arraySize="1">
          <containerEntry>0x2F55E90</containerEntry>
        </property>
        <property name="parent" type="EntityHandle" container="StaticArray" arraySize="1">
          <containerEntry>0x0</containerEntry>
        </property>
        <property name="transform" type="EntityPtr" container="StaticArray" arraySize="1">
          <containerEntry>0x2D78EB0</containerEntry>
        </property>
        <property name="shearTransform" type="EntityPtr" container="StaticArray" arraySize="1">
          <containerEntry>0x0</containerEntry>
        </property>
        <property name="pivotTransform" type="EntityPtr" container="StaticArray" arraySize="1">
          <containerEntry>0x0</containerEntry>
        </property>
        <property name="children" type="EntityHandle" container="List"></property>
        <property name="flags" type="UInt32" container="StaticArray" arraySize="1">
          <containerEntry>7</containerEntry>
        </property>
        <property name="modelFile" type="FilePtr" container="StaticArray" arraySize="1">
          <containerEntry>/Assets/tpp/environ/object/afghanistan/cliff/afgh_clff035/scenes/afgh_clff035_vrtn001_gen8.fmdl</containerEntry>
        </property>
        <property name="geomFile" type="FilePtr" container="StaticArray" arraySize="1">
          <containerEntry>/Assets/tpp/environ/object/afghanistan/cliff/afgh_clff035/scenes/afgh_clff035_vrtn001_gen8.geom</containerEntry>
        </property>
        <property name="isVisibleGeom" type="Bool" container="StaticArray" arraySize="1">
          <containerEntry>false</containerEntry>
        </property>
        <property name="isIsolated" type="Bool" container="StaticArray" arraySize="1">
          <containerEntry>false</containerEntry>
        </property>
        <property name="lodFarSize" type="Float" container="StaticArray" arraySize="1">
          <containerEntry>-1</containerEntry>
        </property>
        <property name="lodNearSize" type="Float" container="StaticArray" arraySize="1">
          <containerEntry>-1</containerEntry>
        </property>
        <property name="lodPolygonSize" type="Float" container="StaticArray" arraySize="1">
          <containerEntry>-1</containerEntry>
        </property>
        <property name="color" type="Color" container="StaticArray" arraySize="1">
          <containerEntry r="1" g="1" b="1" a="1"></containerEntry>
        </property>
        <property name="drawRejectionLevel" type="Int32" container="StaticArray" arraySize="1">
          <containerEntry>8</containerEntry>
        </property>
        <property name="drawMode" type="Int32" container="StaticArray" arraySize="1">
          <containerEntry>0</containerEntry>
        </property>
        <property name="rejectFarRangeShadowCast" type="Int32" container="StaticArray" arraySize="1">
          <containerEntry>2</containerEntry>
        </property>
      </staticProperties>
      <dynamicProperties></dynamicProperties>
    </entity>
    <entity class="TransformEntity" classVersion="0" classID="0x50" addr="0x2D78EB0" id="0x358153">
      <staticProperties>
        <property name="owner" type="EntityHandle" container="StaticArray" arraySize="1">
          <containerEntry>0x2D78E40</containerEntry>
        </property>
        <property name="transform_scale" type="Vector3" container="StaticArray" arraySize="1">
          <containerEntry x="1.3" y="1.3" z="1.3" w="0"></containerEntry>
        </property>
        <property name="transform_rotation_quat" type="Quat" container="StaticArray" arraySize="1">
          <containerEntry x="0.006918" y="-0.4936" z="-0.025386" w="0.86929"></containerEntry>
        </property>
        <property name="transform_translation" type="Vector3" container="StaticArray" arraySize="1">
          <containerEntry x="2030.9491" y="338.73215" z="-550.3109" w="0"></containerEntry>
        </property>
      </staticProperties>
      <dynamicProperties></dynamicProperties>
    </entity>
    <entity class="StaticModel" classVersion="9" classID="0x160" addr="0x2D7AEA0" id="0x3581FC">
      <staticProperties>
        <property name="name" type="String" container="StaticArray" arraySize="1">
          <containerEntry>afgh_rock010_vrtn001_0000</containerEntry>
        </property>
        <property name="dataSet" type="EntityHandle" container="StaticArray" arraySize="1">
          <containerEntry>0x2F55E90</containerEntry>
        </property>
        <property name="parent" type="EntityHandle" container="StaticArray" arraySize="1">
          <containerEntry>0x0</containerEntry>
        </property>
        <property name="transform" type="EntityPtr" container="StaticArray" arraySize="1">
          <containerEntry>0x2D7AF10</containerEntry>
        </property>
        <property name="shearTransform" type="EntityPtr" container="StaticArray" arraySize="1">
          <containerEntry>0x0</containerEntry>
        </property>
        <property name="pivotTransform" type="EntityPtr" container="StaticArray" arraySize="1">
          <containerEntry>0x0</containerEntry>
        </property>
        <property name="children" type="EntityHandle" container="List"></property>
        <property name="flags" type="UInt32" container="StaticArray" arraySize="1">
          <containerEntry>7</containerEntry>
        </property>
        <property name="modelFile" type="FilePtr" container="StaticArray" arraySize="1">
          <containerEntry>/Assets/tpp/environ/object/afghanistan/rock/afgh_rock010/scenes/afgh_rock010_vrtn001.fmdl</containerEntry>
        </property>
        <property name="geomFile" type="FilePtr" container="StaticArray" arraySize="1">
          <containerEntry>/Assets/tpp/environ/object/afghanistan/rock/afgh_rock010/scenes/afgh_rock010_vrtn001.geom</containerEntry>
        </property>
        <property name="isVisibleGeom" type="Bool" container="StaticArray" arraySize="1">
          <containerEntry>false</containerEntry>
        </property>
        <property name="isIsolated" type="Bool" container="StaticArray" arraySize="1">
          <containerEntry>false</containerEntry>
        </property>
        <property name="lodFarSize" type="Float" container="StaticArray" arraySize="1">
          <containerEntry>-1</containerEntry>
        </property>
        <property name="lodNearSize" type="Float" container="StaticArray" arraySize="1">
          <containerEntry>-1</containerEntry>
        </property>
        <property name="lodPolygonSize" type="Float" container="StaticArray" arraySize="1">
          <containerEntry>-1</containerEntry>
        </property>
        <property name="color" type="Color" container="StaticArray" arraySize="1">
          <containerEntry r="1" g="1" b="1" a="1"></containerEntry>
        </property>
        <property name="drawRejectionLevel" type="Int32" container="StaticArray" arraySize="1">
          <containerEntry>6</containerEntry>
        </property>
        <property name="drawMode" type="Int32" container="StaticArray" arraySize="1">
          <containerEntry>0</containerEntry>
        </property>
        <property name="rejectFarRangeShadowCast" type="Int32" container="StaticArray" arraySize="1">
          <containerEntry>2</containerEntry>
        </property>
      </staticProperties>
      <dynamicProperties></dynamicProperties>
    </entity>
    <entity class="TransformEntity" classVersion="0" classID="0x50" addr="0x2D7AF10" id="0x3581FF">
      <staticProperties>
        <property name="owner" type="EntityHandle" container="StaticArray" arraySize="1">
          <containerEntry>0x2D7AEA0</containerEntry>
        </property>
        <property name="transform_scale" type="Vector3" container="StaticArray" arraySize="1">
          <containerEntry x="1" y="1" z="1" w="0"></containerEntry>
        </property>
        <property name="transform_rotation_quat" type="Quat" container="StaticArray" arraySize="1">
          <containerEntry x="0.172544" y="-0.077276" z="0.981951" w="-0.005086"></containerEntry>
        </property>
        <property name="transform_translation" type="Vector3" container="StaticArray" arraySize="1">
          <containerEntry x="1994.3456" y="325.34274" z="-554.97345" w="0"></containerEntry>
        </property>
      </staticProperties>
      <dynamicProperties></dynamicProperties>
    </entity>
    <entity class="StaticModelArray" classVersion="4" classID="0xD0" addr="0x2EA1C80" id="0x0">
      <staticProperties>
        <property name="name" type="String" container="StaticArray" arraySize="1">
          <containerEntry>StaticModelArray0000</containerEntry>
        </property>
        <property name="dataSet" type="EntityHandle" container="StaticArray" arraySize="1">
          <containerEntry>0x2F55E90</containerEntry>
        </property>
        <property name="modelFile" type="FilePtr" container="StaticArray" arraySize="1">
          <containerEntry>/Assets/tpp/environ/object/afghanistan/cliff/afgh_clff013/scenes/afgh_clff013.fmdl</containerEntry>
        </property>
        <property name="geomFile" type="FilePtr" container="StaticArray" arraySize="1">
          <containerEntry>/Assets/tpp/environ/object/afghanistan/cliff/afgh_clff013/scenes/afgh_clff013.geom</containerEntry>
        </property>
        <property name="isVisibleGeom" type="Bool" container="StaticArray" arraySize="1">
          <containerEntry>false</containerEntry>
        </property>
        <property name="lodFarSize" type="Float" container="StaticArray" arraySize="1">
          <containerEntry>-1</containerEntry>
        </property>
        <property name="lodNearSize" type="Float" container="StaticArray" arraySize="1">
          <containerEntry>-1</containerEntry>
        </property>
        <property name="lodPolygonSize" type="Float" container="StaticArray" arraySize="1">
          <containerEntry>-1</containerEntry>
        </property>
        <property name="drawRejectionLevel" type="Int32" container="StaticArray" arraySize="1">
          <containerEntry>5</containerEntry>
        </property>
        <property name="drawMode" type="Int32" container="StaticArray" arraySize="1">
          <containerEntry>0</containerEntry>
        </property>
        <property name="rejectFarRangeShadowCast" type="Int32" container="StaticArray" arraySize="1">
          <containerEntry>2</containerEntry>
        </property>
        <property name="parentLocator" type="EntityLink" container="StaticArray" arraySize="1">
          <containerEntry packagePathHash="0xB8A0BF169F98" archivePathHash="0xB8A0BF169F98" nameInArchiveHash="0xB8A0BF169F98">0x0</containerEntry>
        </property>
        <property name="transforms" type="Matrix4" container="DynamicArray" arraySize="2">
          <containerEntry r11="0.9911611" r12="0" r13="0.13266376" r14="0" r21="0" r22="1" r23="0" r24="0" r31="-0.13266376" r32="0" r33="0.9911611" r34="0" r41="1927.815" r42="322.29636" r43="-544.82526" r44="1"></containerEntry>
          <containerEntry r11="0.8347186" r12="0" r13="-0.55067694" r14="0" r21="0" r22="1" r23="0" r24="0" r31="0.55067694" r32="0" r33="0.8347186" r34="0" r41="1946.5306" r42="322.07504" r43="-549.19556" r44="1"></containerEntry>
        </property>
        <property name="colors" type="UInt32" container="DynamicArray" arraySize="2">
          <containerEntry>4294967295</containerEntry>
          <containerEntry>4294967295</containerEntry>
        </property>
      </staticProperties>
      <dynamicProperties></dynamicProperties>
    </entity>
    <entity class="StaticModelArray" classVersion="4" classID="0xD0" addr="0x2EA1CF0" id="0x0">
      <staticProperties>
        <property name="name" type="String" container="StaticArray" arraySize="1">
          <containerEntry>StaticModelArray0001</containerEntry>
        </property>
        <property name="dataSet" type="EntityHandle" container="StaticArray" arraySize="1">
          <containerEntry>0x2F55E90</containerEntry>
        </property>
        <property name="modelFile" type="FilePtr" container="StaticArray" arraySize="1">
          <containerEntry>/Assets/tpp/environ/object/afghanistan/rock/afgh_rock009/scenes/afgh_rock009_rock002.fmdl</containerEntry>
        </property>
        <property name="geomFile" type="FilePtr" container="StaticArray" arraySize="1">
          <containerEntry>/Assets/tpp/environ/object/afghanistan/rock/afgh_rock009/scenes/afgh_rock009_rock002.geom</containerEntry>
        </property>
        <property name="isVisibleGeom" type="Bool" container="StaticArray" arraySize="1">
          <containerEntry>false</containerEntry>
        </property>
        <property name="lodFarSize" type="Float" container="StaticArray" arraySize="1">
          <containerEntry>-1</containerEntry>
        </property>
        <property name="lodNearSize" type="Float" container="StaticArray" arraySize="1">
          <containerEntry>-1</containerEntry>
        </property>
        <property name="lodPolygonSize" type="Float" container="StaticArray" arraySize="1">
          <containerEntry>-1</containerEntry>
        </property>
        <property name="drawRejectionLevel" type="Int32" container="StaticArray" arraySize="1">
          <containerEntry>8</containerEntry>
        </property>
        <property name="drawMode" type="Int32" container="StaticArray" arraySize="1">
          <containerEntry>0</containerEntry>
        </property>
        <property name="rejectFarRangeShadowCast" type="Int32" container="StaticArray" arraySize="1">
          <containerEntry>2</containerEntry>
        </property>
        <property name="parentLocator" type="EntityLink" container="StaticArray" arraySize="1">
          <containerEntry packagePathHash="0xB8A0BF169F98" archivePathHash="0xB8A0BF169F98" nameInArchiveHash="0xB8A0BF169F98">0x0</containerEntry>
        </property>
        <property name="transforms" type="Matrix4" container="DynamicArray" arraySize="26">
          <containerEntry r11="-0.9987325" r12="-0.046331067" r13="-0.019729925" r14="0" r21="-0.045312542" r22="0.9977571" r23="-0.049270235" r24="0" r31="0.021968415" r32="-0.048313715" r33="-0.99859184" r34="0" r41="2017.1382" r42="322.4781" r43="-548.2702" r44="1"></containerEntry>
          <containerEntry r11="-0.7734454" r12="-0.18127984" r13="-0.60738605" r14="0" r21="-0.09270918" r22="0.9802799" r23="-0.17451723" r24="0" r31="0.62704486" r32="-0.078669414" r33="-0.7749993" r34="0" r41="2012.1383" r42="323.83194" r43="-555.164" r44="1"></containerEntry>
          <containerEntry r11="0.24890856" r12="0.17326252" r13="-0.95290244" r14="0" r21="0.054973993" r22="0.979755" r23="0.19250455" r24="0" r31="0.9669647" r32="-0.10030079" r33="0.23434448" r34="0" r41="1998.8135" r42="322.30008" r43="-545.1008" r44="1"></containerEntry>
          <containerEntry r11="0.9969323" r12="-0.033738457" r13="-0.07062319" r14="0" r21="0.038942397" r22="0.99652314" r23="0.07365542" r24="0" r31="0.067892626" r32="-0.076179706" r33="0.99478" r34="0" r41="1995.4154" r42="322.67563" r43="-543.8122" r44="1"></containerEntry>
          <containerEntry r11="0.26382294" r12="-0.029684763" r13="-0.964114" r14="0" r21="0.114194974" r22="0.99345815" r23="0.0006603636" r24="0" r31="0.95778733" r32="-0.11027123" r33="0.2654869" r34="0" r41="1979.41" r42="325.58002" r43="-549.42426" r44="1"></containerEntry>
          <containerEntry r11="0.6170569" r12="-0.20984656" r13="0.7584225" r14="0" r21="0.018157281" r22="0.9673285" r23="0.25287536" r24="0" r31="-0.7867087" r32="-0.14226753" r33="0.60070693" r34="0" r41="1970.0585" r42="323.64923" r43="-549.8144" r44="1"></containerEntry>
          <containerEntry r11="0.86909944" r12="0.15852797" r13="-0.46854573" r14="0" r21="-0.20998192" r22="0.975905" r23="-0.05930466" r24="0" r31="0.4478547" r32="0.14992777" r33="0.8814465" r34="0" r41="1980.8829" r42="322.89536" r43="-542.7999" r44="1"></containerEntry>
          <containerEntry r11="0.92004806" r12="0.047458783" r13="-0.38892046" r14="0" r21="0.014981987" r22="0.98764944" r23="0.15596187" r24="0" r31="0.39151886" r32="-0.14931923" r33="0.90797395" r34="0" r41="2067.8228" r42="328.5142" r43="-506.53223" r44="1"></containerEntry>
          <containerEntry r11="0.9200482" r12="-0.006447828" r13="-0.39175218" r14="0" r21="0.014981264" r22="0.99971235" r23="0.018729977" r24="0" r31="0.3915187" r32="-0.023101427" r33="0.9198801" r34="0" r41="2053.5645" r42="326.094" r43="-505.89975" r44="1"></containerEntry>
          <containerEntry r11="-0.06742129" r12="-0.35611415" r13="0.9320071" r14="0" r21="0.20034955" r22="0.91027284" r23="0.3623029" r24="0" r31="-0.977402" r32="0.21115409" r33="0.009975553" r34="0" r41="2049.335" r42="326.07013" r43="-510.14072" r44="1"></containerEntry>
          <containerEntry r11="0.9777251" r12="0.024696156" r13="0.2084318" r14="0" r21="-0.03461376" r22="0.9984287" r23="0.04406899" r24="0" r31="-0.20701595" r32="-0.050301965" r33="0.97704357" r34="0" r41="2054.7578" r42="326.3071" r43="-500.6686" r44="1"></containerEntry>
          <containerEntry r11="-0.74322" r12="-0.029554205" r13="-0.6683913" r14="0" r21="0.075976975" r22="0.98883295" r23="-0.12820609" r24="0" r31="0.6647164" r32="-0.14606796" r33="-0.73267496" r34="0" r41="2057.7915" r42="326.49484" r43="-500.5483" r44="1"></containerEntry>
          <containerEntry r11="-0.8118457" r12="-0.25680166" r13="0.5243592" r14="0" r21="-0.36400056" r22="0.92480206" r23="-0.110654645" r24="0" r31="-0.4565121" r32="-0.2807023" r33="-0.84427243" r34="0" r41="2059.7468" r42="328.43683" r43="-506.95392" r44="1"></containerEntry>
          <containerEntry r11="0.98199254" r12="-0.0028840816" r13="0.18889765" r14="0" r21="0.017468382" r22="0.9969861" r23="-0.0755882" r24="0" r31="-0.18811034" r32="0.07752678" r33="0.9790833" r34="0" r41="2054.5137" r42="322.06012" r43="-454.25238" r44="1"></containerEntry>
          <containerEntry r11="-0.23668483" r12="-0.119092986" r13="0.9642606" r14="0" r21="0.015554726" r22="0.9918675" r23="0.12632072" r24="0" r31="-0.9714626" r32="0.04489692" r33="-0.23290753" r34="0" r41="2063.6316" r42="322.59442" r43="-454.84024" r44="1"></containerEntry>
          <containerEntry r11="0.040463418" r12="0.06038782" r13="0.9973549" r14="0" r21="0.072153196" r22="0.99538946" r23="-0.06319618" r24="0" r31="-0.9965729" r32="0.074519485" r33="0.035919666" r34="0" r41="2064.0952" r42="321.55182" r43="-450.2723" r44="1"></containerEntry>
          <containerEntry r11="0.5803729" r12="-0.042810895" r13="-0.8132244" r14="0" r21="0.1858784" r22="0.9792196" r23="0.081106074" r24="0" r31="0.79285306" r32="-0.19823271" r33="0.5762702" r34="0" r41="2056.8853" r42="320.33798" r43="-445.9064" r44="1"></containerEntry>
          <containerEntry r11="0.7448662" r12="-0.03427431" r13="0.6663326" r14="0" r21="-0.14125685" r22="0.96794105" r23="0.20769328" r24="0" r31="-0.65208924" r32="-0.24882779" r33="0.7161451" r34="0" r41="2059.041" r42="323.082" r43="-456.29044" r44="1"></containerEntry>
          <containerEntry r11="0.7868532" r12="-0.1540524" r13="-0.5976034" r14="0" r21="-0.27566382" r22="-0.9541058" r23="-0.11700835" r24="0" r31="-0.5521516" r32="0.25680605" r33="-0.7932078" r34="0" r41="2068.2283" r42="320.49255" r43="-443.68484" r44="1"></containerEntry>
          <containerEntry r11="-0.8521911" r12="-0.3763776" r13="-0.36346826" r14="0" r21="0.11223331" r22="-0.8099849" r23="0.57561016" r24="0" r31="-0.5110508" r32="0.44973692" r33="0.73250496" r34="0" r41="2071.8982" r42="321.0716" r43="-449.7605" r44="1"></containerEntry>
          <containerEntry r11="-0.36904326" r12="-0.9243554" r13="0.09681153" r14="0" r21="-0.60302687" r22="0.1588813" r23="-0.7817379" r24="0" r31="0.70722264" r32="-0.3468758" r33="-0.61604476" r34="0" r41="2071.9983" r42="320.75125" r43="-446.81866" r44="1"></containerEntry>
          <containerEntry r11="-0.62929857" r12="-0.58704674" r13="0.50927246" r14="0" r21="-0.6462039" r22="0.75929564" r23="0.07674962" r24="0" r31="-0.43174395" r32="-0.28079545" r33="-0.8571755" r34="0" r41="1997.2587" r42="329.00897" r43="-558.7498" r44="1"></containerEntry>
          <containerEntry r11="-0.5723832" r12="-0.12397613" r13="-0.8105608" r14="0" r21="-0.039445266" r22="0.9915229" r23="-0.12380001" r24="0" r31="0.8190378" r32="-0.038888186" r33="-0.5724214" r34="0" r41="1992.0342" r42="323.76913" r43="-547.0735" r44="1"></containerEntry>
          <containerEntry r11="0.24827649" r12="0.04088687" r13="0.96782583" r14="0" r21="-0.007673515" r22="0.99916047" r23="-0.040242143" r24="0" r31="-0.96865875" r32="0.0025645494" r33="0.2483818" r34="0" r41="2014.1484" r42="322.5838" r43="-513.8774" r44="1"></containerEntry>
          <containerEntry r11="-0.97573763" r12="-0.21205157" r13="0.054514073" r14="0" r21="-0.2179012" r22="0.9647989" r23="-0.14724833" r24="0" r31="-0.0213709" r32="-0.1555543" r33="-0.9875969" r34="0" r41="2026.1262" r42="323.21414" r43="-521.0804" r44="1"></containerEntry>
          <containerEntry r11="-0.9235403" r12="-0.28132248" r13="-0.26064104" r14="0" r21="-0.31496668" r22="0.9441347" r23="0.096982695" r24="0" r31="0.21879688" r32="0.17166048" r33="-0.9605537" r34="0" r41="2046.4242" r42="328.5181" r43="-525.5335" r44="1"></containerEntry>
        </property>
        <property name="colors" type="UInt32" container="DynamicArray" arraySize="26">
          <containerEntry>4294967295</containerEntry>
          <containerEntry>4294967295</containerEntry>
          <containerEntry>4294967295</containerEntry>
          <containerEntry>4294967295</containerEntry>
          <containerEntry>4294967295</containerEntry>
          <containerEntry>4294967295</containerEntry>
          <containerEntry>4294967295</containerEntry>
          <containerEntry>4294967295</containerEntry>
          <containerEntry>4294967295</containerEntry>
          <containerEntry>4294967295</containerEntry>
          <containerEntry>4294967295</containerEntry>
          <containerEntry>4294967295</containerEntry>
          <containerEntry>4294967295</containerEntry>
          <containerEntry>4294967295</containerEntry>
          <containerEntry>4294967295</containerEntry>
          <containerEntry>4294967295</containerEntry>
          <containerEntry>4294967295</containerEntry>
          <containerEntry>4294967295</containerEntry>
          <containerEntry>4294967295</containerEntry>
          <containerEntry>4294967295</containerEntry>
          <containerEntry>4294967295</containerEntry>
          <containerEntry>4294967295</containerEntry>
          <containerEntry>4294967295</containerEntry>
          <containerEntry>4294967295</containerEntry>
          <containerEntry>4294967295</containerEntry>
          <containerEntry>4294967295</containerEntry>
        </property>
      </staticProperties>
      <dynamicProperties></dynamicProperties>
    </entity>
    <entity class="StaticModelArray" classVersion="4" classID="0xD0" addr="0x2EA1E40" id="0x0">
      <staticProperties>
        <property name="name" type="String" container="StaticArray" arraySize="1">
          <containerEntry>StaticModelArray0002</containerEntry>
        </property>
        <property name="dataSet" type="EntityHandle" container="StaticArray" arraySize="1">
          <containerEntry>0x2F55E90</containerEntry>
        </property>
        <property name="modelFile" type="FilePtr" container="StaticArray" arraySize="1">
          <containerEntry>/Assets/tpp/environ/object/afghanistan/rock/afgh_rock010/scenes/afgh_rock010_vrtn001.fmdl</containerEntry>
        </property>
        <property name="geomFile" type="FilePtr" container="StaticArray" arraySize="1">
          <containerEntry>/Assets/tpp/environ/object/afghanistan/rock/afgh_rock010/scenes/afgh_rock010_vrtn001.geom</containerEntry>
        </property>
        <property name="isVisibleGeom" type="Bool" container="StaticArray" arraySize="1">
          <containerEntry>false</containerEntry>
        </property>
        <property name="lodFarSize" type="Float" container="StaticArray" arraySize="1">
          <containerEntry>-1</containerEntry>
        </property>
        <property name="lodNearSize" type="Float" container="StaticArray" arraySize="1">
          <containerEntry>-1</containerEntry>
        </property>
        <property name="lodPolygonSize" type="Float" container="StaticArray" arraySize="1">
          <containerEntry>-1</containerEntry>
        </property>
        <property name="drawRejectionLevel" type="Int32" container="StaticArray" arraySize="1">
          <containerEntry>8</containerEntry>
        </property>
        <property name="drawMode" type="Int32" container="StaticArray" arraySize="1">
          <containerEntry>0</containerEntry>
        </property>
        <property name="rejectFarRangeShadowCast" type="Int32" container="StaticArray" arraySize="1">
          <containerEntry>2</containerEntry>
        </property>
        <property name="parentLocator" type="EntityLink" container="StaticArray" arraySize="1">
          <containerEntry packagePathHash="0xB8A0BF169F98" archivePathHash="0xB8A0BF169F98" nameInArchiveHash="0xB8A0BF169F98">0x0</containerEntry>
        </property>
        <property name="transforms" type="Matrix4" container="DynamicArray" arraySize="2">
          <containerEntry r11="-0.6337376" r12="0.10192771" r13="0.7667959" r14="0" r21="-0.5069107" r22="-0.8034886" r23="-0.3121457" r24="0" r31="0.58430016" r32="-0.58651865" r33="0.56087977" r34="0" r41="2023.9503" r42="320.58853" r43="-525.1209" r44="1"></containerEntry>
          <containerEntry r11="-0.26985788" r12="-0.29096183" r13="-0.91788256" r14="0" r21="0.17650276" r22="-0.95204145" r23="0.24989852" r24="0" r31="-0.9465802" r32="-0.09457115" r33="0.3082809" r34="0" r41="2025.6697" r42="320.9744" r43="-547.54553" r44="1"></containerEntry>
        </property>
        <property name="colors" type="UInt32" container="DynamicArray" arraySize="2">
          <containerEntry>4294967295</containerEntry>
          <containerEntry>4294967295</containerEntry>
        </property>
      </staticProperties>
      <dynamicProperties></dynamicProperties>
    </entity>
    <entity class="StaticModelArray" classVersion="4" classID="0xD0" addr="0x2EA1EB0" id="0x0">
      <staticProperties>
        <property name="name" type="String" container="StaticArray" arraySize="1">
          <containerEntry>StaticModelArray0003</containerEntry>
        </property>
        <property name="dataSet" type="EntityHandle" container="StaticArray" arraySize="1">
          <containerEntry>0x2F55E90</containerEntry>
        </property>
        <property name="modelFile" type="FilePtr" container="StaticArray" arraySize="1">
          <containerEntry>/Assets/tpp/environ/object/afghanistan/rock/afgh_rock001/scenes/afgh_rock001.fmdl</containerEntry>
        </property>
        <property name="geomFile" type="FilePtr" container="StaticArray" arraySize="1">
          <containerEntry>/Assets/tpp/environ/object/afghanistan/rock/afgh_rock001/scenes/afgh_rock001.geom</containerEntry>
        </property>
        <property name="isVisibleGeom" type="Bool" container="StaticArray" arraySize="1">
          <containerEntry>false</containerEntry>
        </property>
        <property name="lodFarSize" type="Float" container="StaticArray" arraySize="1">
          <containerEntry>-1</containerEntry>
        </property>
        <property name="lodNearSize" type="Float" container="StaticArray" arraySize="1">
          <containerEntry>-1</containerEntry>
        </property>
        <property name="lodPolygonSize" type="Float" container="StaticArray" arraySize="1">
          <containerEntry>-1</containerEntry>
        </property>
        <property name="drawRejectionLevel" type="Int32" container="StaticArray" arraySize="1">
          <containerEntry>8</containerEntry>
        </property>
        <property name="drawMode" type="Int32" container="StaticArray" arraySize="1">
          <containerEntry>0</containerEntry>
        </property>
        <property name="rejectFarRangeShadowCast" type="Int32" container="StaticArray" arraySize="1">
          <containerEntry>2</containerEntry>
        </property>
        <property name="parentLocator" type="EntityLink" container="StaticArray" arraySize="1">
          <containerEntry packagePathHash="0xB8A0BF169F98" archivePathHash="0xB8A0BF169F98" nameInArchiveHash="0xB8A0BF169F98">0x0</containerEntry>
        </property>
        <property name="transforms" type="Matrix4" container="DynamicArray" arraySize="20">
          <containerEntry r11="-0.54017663" r12="-0.044732276" r13="0.8403609" r14="0" r21="-0.03319266" r22="-0.9966762" r23="-0.074388795" r24="0" r31="0.8408969" r32="-0.06807811" r33="0.536897" r34="0" r41="2017.9657" r42="323.6402" r43="-550.0706" r44="1"></containerEntry>
