<fox formatVersion="2" fileVersion="0">
  <entities>
    <entity class="DataSet" classVersion="0" classID="0xE8" addr="0x2D7F580" id="0x19E632">
      <staticProperties>
        <property name="name" type="String" container="StaticArray" arraySize="1">
          <containerEntry hash="0xB8A0BF169F98"></containerEntry>
        </property>
        <property name="dataSet" type="EntityHandle" container="StaticArray" arraySize="1">
          <containerEntry>0x0</containerEntry>
        </property>
        <property name="dataList" type="EntityPtr" container="StringMap" arraySize="12">
          <containerEntry key="GeoxPath20000">
            <data>0x2D75A30</data>
          </containerEntry>
          <containerEntry key="TppObjectBrushPluginBush0000">
            <data>0x2D7C020</data>
          </containerEntry>
          <containerEntry key="StaticModelArray0000">
            <data>0x2F03E30</data>
          </containerEntry>
          <containerEntry key="StaticModelArray0001">
            <data>0x2F03EA0</data>
          </containerEntry>
          <containerEntry key="StaticModelArray0002">
            <data>0x2F038F0</data>
          </containerEntry>
          <containerEntry key="StaticModelArray0003">
            <data>0x2F03B20</data>
          </containerEntry>
          <containerEntry key="StaticModelArray0004">
            <data>0x2D76E50</data>
          </containerEntry>
          <containerEntry key="StaticModelArray0005">
            <data>0x2F035E0</data>
          </containerEntry>
          <containerEntry key="StaticModelArray0006">
            <data>0x2D7FB30</data>
          </containerEntry>
          <containerEntry key="StaticModelArray0007">
            <data>0x2F036C0</data>
          </containerEntry>
          <containerEntry key="StaticModelArray0008">
            <data>0x2F03650</data>
          </containerEntry>
          <containerEntry key="TexturePackLoadConditioner0000">
            <data>0x2F043E0</data>
          </containerEntry>
        </property>
      </staticProperties>
      <dynamicProperties></dynamicProperties>
    </entity>
    <entity class="GeoxPath2" classVersion="1" classID="0x140" addr="0x2D75A30" id="0x19E6BB">
      <staticProperties>
        <property name="name" type="String" container="StaticArray" arraySize="1">
          <containerEntry>GeoxPath20000</containerEntry>
        </property>
        <property name="dataSet" type="EntityHandle" container="StaticArray" arraySize="1">
          <containerEntry>0x2D7F580</containerEntry>
        </property>
        <property name="parent" type="EntityHandle" container="StaticArray" arraySize="1">
          <containerEntry>0x0</containerEntry>
        </property>
        <property name="transform" type="EntityPtr" container="StaticArray" arraySize="1">
          <containerEntry>0x2D75AA0</containerEntry>
        </property>
        <property name="shearTransform" type="EntityPtr" container="StaticArray" arraySize="1">
          <containerEntry>0x0</containerEntry>
        </property>
        <property name="pivotTransform" type="EntityPtr" container="StaticArray" arraySize="1">
          <containerEntry>0x0</containerEntry>
        </property>
        <property name="children" type="EntityHandle" container="List"></property>
        <property name="flags" type="UInt32" container="StaticArray" arraySize="1">
          <containerEntry>2147483655</containerEntry>
        </property>
        <property name="nodes" type="EntityPtr" container="DynamicArray" arraySize="1">
          <containerEntry>0x2D75B10</containerEntry>
        </property>
        <property name="edges" type="EntityPtr" container="DynamicArray"></property>
        <property name="selectIndex" type="Int32" container="StaticArray" arraySize="1">
          <containerEntry>-1</containerEntry>
        </property>
        <property name="enable" type="Bool" container="StaticArray" arraySize="1">
          <containerEntry>true</containerEntry>
        </property>
        <property name="tags" type="String" container="DynamicArray" arraySize="1">
          <containerEntry>Elude</containerEntry>
        </property>
      </staticProperties>
      <dynamicProperties></dynamicProperties>
    </entity>
    <entity class="TransformEntity" classVersion="0" classID="0x50" addr="0x2D75AA0" id="0x19E6BE">
      <staticProperties>
        <property name="owner" type="EntityHandle" container="StaticArray" arraySize="1">
          <containerEntry>0x2D75A30</containerEntry>
        </property>
        <property name="transform_scale" type="Vector3" container="StaticArray" arraySize="1">
          <containerEntry x="1" y="1" z="1" w="0"></containerEntry>
        </property>
        <property name="transform_rotation_quat" type="Quat" container="StaticArray" arraySize="1">
          <containerEntry x="0" y="0" z="0" w="1"></containerEntry>
        </property>
        <property name="transform_translation" type="Vector3" container="StaticArray" arraySize="1">
          <containerEntry x="2608.5457" y="72.470505" z="-1607.5094" w="0"></containerEntry>
        </property>
      </staticProperties>
      <dynamicProperties></dynamicProperties>
    </entity>
    <entity class="GeoxPathNode" classVersion="0" classID="0x60" addr="0x2D75B10" id="0x19E6C0">
      <staticProperties>
        <property name="owner" type="EntityHandle" container="StaticArray" arraySize="1">
          <containerEntry>0x2D75A30</containerEntry>
        </property>
        <property name="position" type="Vector3" container="StaticArray" arraySize="1">
          <containerEntry x="0.000488" y="1.5e-05" z="-0.000244" w="0"></containerEntry>
        </property>
        <property name="inlinks" type="EntityHandle" container="DynamicArray"></property>
        <property name="outlinks" type="EntityHandle" container="DynamicArray"></property>
        <property name="nodeTags" type="String" container="DynamicArray"></property>
      </staticProperties>
      <dynamicProperties></dynamicProperties>
    </entity>
    <entity class="TppObjectBrushPluginBush" classVersion="3" classID="0xA8" addr="0x2D7C020" id="0x19E8D9">
      <staticProperties>
        <property name="name" type="String" container="StaticArray" arraySize="1">
          <containerEntry>TppObjectBrushPluginBush0000</containerEntry>
        </property>
        <property name="dataSet" type="EntityHandle" container="StaticArray" arraySize="1">
          <containerEntry>0x2D7F580</containerEntry>
        </property>
        <property name="parentDataName" type="String" container="StaticArray" arraySize="1">
          <containerEntry hash="0xB8A0BF169F98"></containerEntry>
        </property>
        <property name="visibility" type="Bool" container="StaticArray" arraySize="1">
          <containerEntry>true</containerEntry>
        </property>
        <property name="modelFile" type="FilePtr" container="StaticArray" arraySize="1">
          <containerEntry hash="0xB8A0BF169F98"></containerEntry>
        </property>
        <property name="minSize" type="Float" container="StaticArray" arraySize="1">
          <containerEntry>1</containerEntry>
        </property>
        <property name="maxSize" type="Float" container="StaticArray" arraySize="1">
          <containerEntry>1</containerEntry>
        </property>
        <property name="enableLod" type="Bool" container="StaticArray" arraySize="1">
          <containerEntry>false</containerEntry>
        </property>
        <property name="modelRejectionLevel" type="Int32" container="StaticArray" arraySize="1">
          <containerEntry>10</containerEntry>
        </property>
        <property name="reservedCount" type="UInt32" container="StaticArray" arraySize="1">
          <containerEntry>50</containerEntry>
        </property>
        <property name="upgradeLodRateForHighEnd" type="Float" container="StaticArray" arraySize="1">
          <containerEntry>1</containerEntry>
        </property>
        <property name="gimmickParameter" type="EntityPtr" container="StaticArray" arraySize="1">
          <containerEntry>0x2D7C090</containerEntry>
        </property>
        <property name="externalGimmickParameter" type="EntityLink" container="StaticArray" arraySize="1">
          <containerEntry packagePathHash="0xB8A0BF169F98" archivePathHash="0xB8A0BF169F98" nameInArchiveHash="0xB8A0BF169F98">0x0</containerEntry>
        </property>
      </staticProperties>
      <dynamicProperties></dynamicProperties>
    </entity>
    <entity class="ObjectBrushPluginBushDataElement" classVersion="20" classID="0xE0" addr="0x2D7C090" id="0x19E8DC">
      <staticProperties>
        <property name="owner" type="EntityHandle" container="StaticArray" arraySize="1">
          <containerEntry>0x2D7C020</containerEntry>
        </property>
        <property name="lodMeshName" type="String" container="DynamicArray"></property>
        <property name="lodDistance" type="Float" container="DynamicArray"></property>
        <property name="lodDistanceHighEnd" type="Float" container="DynamicArray"></property>
        <property name="rotationRate" type="Float" container="StaticArray" arraySize="1">
          <containerEntry>1</containerEntry>
        </property>
        <property name="elasticRate" type="Float" container="StaticArray" arraySize="1">
          <containerEntry>0.8</containerEntry>
        </property>
        <property name="alphaMinimizeDist" type="Float" container="StaticArray" arraySize="1">
          <containerEntry>0</containerEntry>
        </property>
        <property name="alphaMaximizeDist" type="Float" container="StaticArray" arraySize="1">
          <containerEntry>3</containerEntry>
        </property>
        <property name="baseDensity" type="Float" container="StaticArray" arraySize="1">
          <containerEntry>25</containerEntry>
        </property>
        <property name="camoufDensity" type="Float" container="StaticArray" arraySize="1">
          <containerEntry>25</containerEntry>
        </property>
        <property name="camofRadius" type="Float" container="StaticArray" arraySize="1">
          <containerEntry>0.5</containerEntry>
        </property>
        <property name="camofHeight" type="Float" container="StaticArray" arraySize="1">
          <containerEntry>0.8</containerEntry>
        </property>
        <property name="modelRadius" type="Float" container="StaticArray" arraySize="1">
          <containerEntry>1</containerEntry>
        </property>
        <property name="stopEyeRadius" type="Float" container="StaticArray" arraySize="1">
          <containerEntry>0.5</containerEntry>
        </property>
        <property name="stopEyeHeight" type="Float" container="StaticArray" arraySize="1">
          <containerEntry>0.8</containerEntry>
        </property>
        <property name="noiseSeType" type="String" container="StaticArray" arraySize="1">
          <containerEntry>Plant</containerEntry>
        </property>
        <property name="bushFlags" type="UInt32" container="StaticArray" arraySize="1">
          <containerEntry>0</containerEntry>
        </property>
        <property name="baseCycleSpeedRate" type="Float" container="StaticArray" arraySize="1">
          <containerEntry>1</containerEntry>
        </property>
        <property name="windAmplitude" type="Float" container="StaticArray" arraySize="1">
          <containerEntry>0.1</containerEntry>
        </property>
        <property name="windDirYAxisFixZero" type="Bool" container="StaticArray" arraySize="1">
          <containerEntry>false</containerEntry>
        </property>
        <property name="windOffsetFactor" type="Float" container="StaticArray" arraySize="1">
          <containerEntry>1</containerEntry>
        </property>
        <property name="bulletEffect" type="FilePtr" container="StaticArray" arraySize="1">
          <containerEntry hash="0xB8A0BF169F98"></containerEntry>
        </property>
        <property name="fairEffect" type="FilePtr" container="StaticArray" arraySize="1">
          <containerEntry hash="0xB8A0BF169F98"></containerEntry>
        </property>
        <property name="rainEffect" type="FilePtr" container="StaticArray" arraySize="1">
          <containerEntry hash="0xB8A0BF169F98"></containerEntry>
        </property>
      </staticProperties>
      <dynamicProperties></dynamicProperties>
    </entity>
    <entity class="StaticModelArray" classVersion="4" classID="0xD0" addr="0x2F03E30" id="0x0">
      <staticProperties>
        <property name="name" type="String" container="StaticArray" arraySize="1">
          <containerEntry>StaticModelArray0000</containerEntry>
        </property>
        <property name="dataSet" type="EntityHandle" container="StaticArray" arraySize="1">
          <containerEntry>0x2D7F580</containerEntry>
        </property>
        <property name="modelFile" type="FilePtr" container="StaticArray" arraySize="1">
          <containerEntry>/Assets/tpp/environ/object/middle_africa/tree/mafr_tree031/scenes/mafr_tree031_vrtn007.fmdl</containerEntry>
        </property>
        <property name="geomFile" type="FilePtr" container="StaticArray" arraySize="1">
          <containerEntry>/Assets/tpp/environ/object/middle_africa/tree/mafr_tree031/scenes/mafr_tree031_vrtn007.geom</containerEntry>
        </property>
        <property name="isVisibleGeom" type="Bool" container="StaticArray" arraySize="1">
          <containerEntry>false</containerEntry>
        </property>
        <property name="lodFarSize" type="Float" container="StaticArray" arraySize="1">
          <containerEntry>-1</containerEntry>
        </property>
        <property name="lodNearSize" type="Float" container="StaticArray" arraySize="1">
          <containerEntry>-1</containerEntry>
        </property>
        <property name="lodPolygonSize" type="Float" container="StaticArray" arraySize="1">
          <containerEntry>-1</containerEntry>
        </property>
        <property name="drawRejectionLevel" type="Int32" container="StaticArray" arraySize="1">
          <containerEntry>8</containerEntry>
        </property>
        <property name="drawMode" type="Int32" container="StaticArray" arraySize="1">
          <containerEntry>0</containerEntry>
        </property>
        <property name="rejectFarRangeShadowCast" type="Int32" container="StaticArray" arraySize="1">
          <containerEntry>2</containerEntry>
        </property>
        <property name="parentLocator" type="EntityLink" container="StaticArray" arraySize="1">
          <containerEntry packagePathHash="0xB8A0BF169F98" archivePathHash="0xB8A0BF169F98" nameInArchiveHash="0xB8A0BF169F98">0x0</containerEntry>
        </property>
        <property name="transforms" type="Matrix4" container="DynamicArray" arraySize="2">
          <containerEntry r11="-0.7614819" r12="0.0010195494" r13="-0.24523667" r14="0" r21="0.0079890955" r22="0.7996716" r23="-0.021482335" r24="0" r31="0.24510863" r32="-0.022897093" r33="-0.7611795" r34="0" r41="2687.3535" r42="88.93214" r43="-1629.03" r44="1"></containerEntry>
          <containerEntry r11="-0.48183355" r12="0.082525484" r13="-0.30463222" r14="0" r21="0.0335385" r22="0.566201" r23="0.10033729" r24="0" r31="0.31382546" r32="0.06619628" r33="-0.4784417" r34="0" r41="2676.6716" r42="86.7656" r43="-1668.389" r44="1"></containerEntry>
        </property>
        <property name="colors" type="UInt32" container="DynamicArray" arraySize="2">
          <containerEntry>4294967295</containerEntry>
          <containerEntry>4294967295</containerEntry>
        </property>
      </staticProperties>
      <dynamicProperties></dynamicProperties>
    </entity>
    <entity class="StaticModelArray" classVersion="4" classID="0xD0" addr="0x2F03EA0" id="0x0">
      <staticProperties>
        <property name="name" type="String" container="StaticArray" arraySize="1">
          <containerEntry>StaticModelArray0001</containerEntry>
        </property>
        <property name="dataSet" type="EntityHandle" container="StaticArray" arraySize="1">
          <containerEntry>0x2D7F580</containerEntry>
        </property>
        <property name="modelFile" type="FilePtr" container="StaticArray" arraySize="1">
          <containerEntry>/Assets/tpp/environ/object/middle_africa/rock/mafr_rock007/scenes/mafr_rock007.fmdl</containerEntry>
        </property>
        <property name="geomFile" type="FilePtr" container="StaticArray" arraySize="1">
          <containerEntry>/Assets/tpp/environ/object/middle_africa/rock/mafr_rock007/scenes/mafr_rock007.geom</containerEntry>
        </property>
        <property name="isVisibleGeom" type="Bool" container="StaticArray" arraySize="1">
          <containerEntry>false</containerEntry>
        </property>
        <property name="lodFarSize" type="Float" container="StaticArray" arraySize="1">
          <containerEntry>-1</containerEntry>
        </property>
        <property name="lodNearSize" type="Float" container="StaticArray" arraySize="1">
          <containerEntry>-1</containerEntry>
        </property>
        <property name="lodPolygonSize" type="Float" container="StaticArray" arraySize="1">
          <containerEntry>-1</containerEntry>
        </property>
        <property name="drawRejectionLevel" type="Int32" container="StaticArray" arraySize="1">
          <containerEntry>8</containerEntry>
        </property>
        <property name="drawMode" type="Int32" container="StaticArray" arraySize="1">
          <containerEntry>0</containerEntry>
        </property>
        <property name="rejectFarRangeShadowCast" type="Int32" container="StaticArray" arraySize="1">
          <containerEntry>2</containerEntry>
        </property>
        <property name="parentLocator" type="EntityLink" container="StaticArray" arraySize="1">
          <containerEntry packagePathHash="0xB8A0BF169F98" archivePathHash="0xB8A0BF169F98" nameInArchiveHash="0xB8A0BF169F98">0x0</containerEntry>
        </property>
        <property name="transforms" type="Matrix4" container="DynamicArray" arraySize="41">
          <containerEntry r11="-0.9421946" r12="0.33505693" r13="-0.0012700371" r14="0" r21="0.31891617" r22="0.89563304" r23="-0.31005433" r24="0" r31="-0.10274848" r32="-0.29253724" r33="-0.9507156" r34="0" r41="2599.684" r42="70.512535" r43="-1654.5172" r44="1"></containerEntry>
          <containerEntry r11="-0.04925514" r12="-0.03535293" r13="-0.9981585" r14="0" r21="0.5119196" r22="0.8572303" r23="-0.055623546" r24="0" r31="0.8576179" r32="-0.5137177" r33="-0.02412486" r34="0" r41="2597.619" r42="71.52974" r43="-1652.3448" r44="1"></containerEntry>
          <containerEntry r11="-0.951609" r12="-0.019461168" r13="0.30668727" r14="0" r21="-0.07746133" r22="0.9809579" r23="-0.17810464" r24="0" r31="-0.2973812" r32="-0.19324282" r33="-0.93499583" r34="0" r41="2608.1428" r42="69.28437" r43="-1645.5319" r44="1"></containerEntry>
          <containerEntry r11="0.74838024" r12="0.11830404" r13="0.1629603" r14="0" r21="-0.14158313" r22="0.75509506" r23="0.10203228" r24="0" r31="-0.1431996" r32="-0.12829857" r33="0.7507718" r34="0" r41="2615.753" r42="69.07938" r43="-1626.4094" r44="1"></containerEntry>
          <containerEntry r11="0.44296902" r12="0.11390095" r13="-0.62564343" r14="0" r21="-0.133253" r22="0.7621656" r23="0.044409394" r24="0" r31="0.62180924" r32="0.08218959" r33="0.4552173" r34="0" r41="2617.2961" r42="69.28964" r43="-1622.7615" r44="1"></containerEntry>
          <containerEntry r11="0.56983703" r12="-0.06602153" r13="0.8191009" r14="0" r21="-0.17188144" r22="0.96514374" r23="0.19736828" r24="0" r31="-0.8035807" r32="-0.25325605" r33="0.5386268" r34="0" r41="2612.1401" r42="68.69909" r43="-1601.2783" r44="1"></containerEntry>
          <containerEntry r11="0.46214297" r12="-0.022475675" r13="-0.8865212" r14="0" r21="-0.006078367" r22="0.999575" r23="-0.028510574" r24="0" r31="0.88678527" r32="0.018564574" r33="0.46180993" r34="0" r41="2612.6824" r42="68.94046" r43="-1595.629" r44="1"></containerEntry>
          <containerEntry r11="0.9916699" r12="0.042423833" r13="-0.12161886" r14="0" r21="-0.06611274" r22="0.9779838" r23="-0.19793154" r24="0" r31="0.11054426" r32="0.2043233" r33="0.97264177" r34="0" r41="2609.2554" r42="69.1938" r43="-1593.8687" r44="1"></containerEntry>
          <containerEntry r11="0.7684696" r12="-0.0646736" r13="0.63660955" r14="0" r21="-0.024337102" r22="0.9912054" r23="0.13007523" r24="0" r31="-0.63942325" r32="-0.11545209" r33="0.76013726" r34="0" r41="2608.5422" r42="69.16777" r43="-1586.4065" r44="1"></containerEntry>
          <containerEntry r11="0.9769424" r12="-0.11333651" r13="0.18093725" r14="0" r21="0.11144131" r22="0.9935566" r23="0.020639747" r24="0" r31="-0.18211065" r32="5.3085387e-08" r33="0.98327804" r34="0" r41="2607.417" r42="69.45703" r43="-1583.7856" r44="1"></containerEntry>
          <containerEntry r11="0.8543102" r12="-0.04793001" r13="-0.51754874" r14="0" r21="-0.25209567" r22="0.83256686" r23="-0.49323428" r24="0" r31="0.45453465" r32="0.55184686" r33="0.6991875" r34="0" r41="2625.1074" r42="67.82616" r43="-1600.754" r44="1"></containerEntry>
          <containerEntry r11="-0.78571564" r12="0.09749122" r13="-0.6108571" r14="0" r21="0.07744895" r22="0.9952361" r23="0.059218325" r24="0" r31="0.6137203" r32="-0.0007814821" r33="-0.7895231" r34="0" r41="2601.379" r42="69.3117" r43="-1568.45" r44="1"></containerEntry>
          <containerEntry r11="0.77106136" r12="-0.11470088" r13="0.6263451" r14="0" r21="0.088679135" r22="0.9933999" r23="0.072750315" r24="0" r31="-0.6305557" r32="-0.0005512461" r33="0.7761439" r34="0" r41="2603.8872" r42="68.6011" r43="-1560.9083" r44="1"></containerEntry>
          <containerEntry r11="0.99604464" r12="-0.08883527" r13="0.0018253567" r14="0" r21="0.08883527" r22="0.99520224" r23="-0.040996745" r24="0" r31="0.0018253567" r32="0.040996745" r33="0.9991576" r34="0" r41="2602.9749" r42="69.079575" r43="-1569.7592" r44="1"></containerEntry>
          <containerEntry r11="0.9947397" r12="-0.10242692" r13="-0.0012856124" r14="0" r21="0.10242692" r22="0.99442554" r23="0.02503303" r24="0" r31="-0.0012856124" r32="-0.02503303" r33="0.9996858" r34="0" r41="2595.4343" r42="68.97646" r43="-1554.0366" r44="1"></containerEntry>
          <containerEntry r11="-0.8634286" r12="-0.2628338" r13="-0.43059272" r14="0" r21="-0.044713594" r22="0.89006484" r23="-0.4536356" r24="0" r31="0.5024862" r32="-0.37242845" r33="-0.7802597" r34="0" r41="2594.647" r42="69.00798" r43="-1557.7036" r44="1"></containerEntry>
          <containerEntry r11="1" r12="0" r13="0" r14="0" r21="0" r22="1" r23="0" r24="0" r31="0" r32="0" r33="1" r34="0" r41="2606.6855" r42="68.974594" r43="-1550.1116" r44="1"></containerEntry>
          <containerEntry r11="0.8930493" r12="-0.17864475" r13="-0.41297573" r14="0" r21="-0.11312467" r22="0.79918736" r23="-0.5903408" r24="0" r31="0.43550628" r32="0.57392114" r33="0.6935046" r34="0" r41="2595.2751" r42="69.25818" r43="-1542.9396" r44="1"></containerEntry>
          <containerEntry r11="0.78474396" r12="0.0057733236" r13="-0.61979294" r14="0" r21="0.025147814" r22="0.99883664" r23="0.041144677" r24="0" r31="0.6193094" r32="-0.04787448" r33="0.7836858" r34="0" r41="2598.5605" r42="69.19288" r43="-1565.6042" r44="1"></containerEntry>
          <containerEntry r11="0.9667277" r12="-0.2555872" r13="0.010623541" r14="0" r21="0.2558044" r22="0.96609706" r23="-0.034937695" r24="0" r31="-0.001333755" r32="0.03649278" r33="0.999333" r34="0" r41="2629.5557" r42="69.06172" r43="-1546.2701" r44="1"></containerEntry>
          <containerEntry r11="0.9403342" r12="0.3402523" r13="0" r14="0" r21="-0.3402523" r22="0.9403342" r23="0" r24="0" r31="0" r32="0" r33="1" r34="0" r41="2626.792" r42="68.974594" r43="-1545.1458" r44="1"></containerEntry>
          <containerEntry r11="-0.8157333" r12="0.018658657" r13="-0.57812506" r14="0" r21="0.14364895" r22="0.97470254" r23="-0.1712306" r24="0" r31="0.56030506" r32="-0.22272582" r33="-0.7977776" r34="0" r41="2628.7515" r42="69.3616" r43="-1543.5651" r44="1"></containerEntry>
          <containerEntry r11="-0.570325" r12="0" r13="0.8214198" r14="0" r21="0" r22="1" r23="0" r24="0" r31="-0.8214198" r32="0" r33="-0.570325" r34="0" r41="2632.6829" r42="68.974594" r43="-1593.5845" r44="1"></containerEntry>
          <containerEntry r11="1" r12="0" r13="0" r14="0" r21="0" r22="1" r23="0" r24="0" r31="0" r32="0" r33="1" r34="0" r41="2634.2205" r42="68.974594" r43="-1591.6863" r44="1"></containerEntry>
          <containerEntry r11="-0.065864325" r12="0" r13="0.99782914" r14="0" r21="0" r22="1" r23="0" r24="0" r31="-0.99782914" r32="0" r33="-0.065864325" r34="0" r41="2632.3474" r42="68.974594" r43="-1604.3037" r44="1"></containerEntry>
          <containerEntry r11="0.16329326" r12="0.012526995" r13="0.91038543" r14="0" r21="-0.22601868" r22="0.8965183" r23="0.028203888" r24="0" r31="-0.8819718" r32="-0.22742686" r33="0.1613262" r34="0" r41="2616.8281" r42="68.98071" r43="-1624.9528" r44="1"></containerEntry>
          <containerEntry r11="0.97799784" r12="-0.03990284" r13="0.20476323" r14="0" r21="0.10544202" r22="0.9414819" r23="-0.32014665" r24="0" r31="-0.18000612" r32="0.3346934" r33="0.9249747" r34="0" r41="2628.7373" r42="68.70635" r43="-1655.6276" r44="1"></containerEntry>
          <containerEntry r11="0.4628185" r12="0.022670016" r13="0.88616306" r14="0" r21="-0.01830538" r22="0.9997042" r23="-0.016014254" r24="0" r31="-0.8862639" r32="-0.008809863" r33="0.46309656" r34="0" r41="2636.756" r42="69.35975" r43="-1657.7126" r44="1"></containerEntry>
          <containerEntry r11="0.97339016" r12="-0.229048" r13="-0.006974341" r14="0" r21="0.229048" r22="0.9715622" r23="0.06003259" r24="0" r31="-0.006974341" r32="-0.06003259" r33="0.99817204" r34="0" r41="2606.0974" r42="69.74875" r43="-1657.703" r44="1"></containerEntry>
          <containerEntry r11="-0.3991884" r12="0.22664937" r13="0.88841295" r14="0" r21="-0.14913139" r22="0.9400108" r23="-0.3068217" r24="0" r31="-0.9046587" r32="-0.25497013" r33="-0.3414408" r34="0" r41="2605.067" r42="70.026436" r43="-1643.8708" r44="1"></containerEntry>
          <containerEntry r11="-0.43237963" r12="-0.003385216" r13="0.9016825" r14="0" r21="-0.31098783" r22="0.9391947" r23="-0.1456011" r24="0" r31="-0.8463625" r32="-0.3433681" r33="-0.40714127" r34="0" r41="2601.4204" r42="70.08134" r43="-1635.9849" r44="1"></containerEntry>
          <containerEntry r11="-0.5121236" r12="-0.214124" r13="-0.83179116" r14="0" r21="-0.046969503" r22="0.9739596" r23="-0.2218028" r24="0" r31="0.8576243" r32="-0.074521996" r33="-0.5088449" r34="0" r41="2597.7407" r42="71.04071" r43="-1641.2897" r44="1"></containerEntry>
          <containerEntry r11="-0.56600636" r12="0.20441827" r13="0.7986522" r14="0" r21="-0.10879471" r22="0.9417757" r23="-0.31815416" r24="0" r31="-0.8171878" r32="-0.2669673" r33="-0.51081127" r34="0" r41="2610.1035" r42="68.78062" r43="-1584.8756" r44="1"></containerEntry>
          <containerEntry r11="0.9877586" r12="0.15598792" r13="-0.00088687195" r14="0" r21="-0.15598792" r22="0.9876943" r23="-0.011301073" r24="0" r31="-0.00088687195" r32="0.011301073" r33="0.99993575" r34="0" r41="2632.485" r42="69.081085" r43="-1538.1676" r44="1"></containerEntry>
          <containerEntry r11="-0.61051106" r12="0.31990474" r13="0.72452384" r14="0" r21="-0.08997144" r22="0.88086075" r23="-0.4647465" r24="0" r31="-0.78687924" r32="-0.34891996" r33="-0.50899273" r34="0" r41="2629.0981" r42="68.56055" r43="-1538.078" r44="1"></containerEntry>
          <containerEntry r11="-0.19610308" r12="0.4468377" r13="-0.87285733" r14="0" r21="0.49778435" r22="0.8122809" r23="0.30399108" r24="0" r31="0.84484005" r32="-0.37488115" r33="-0.3817196" r34="0" r41="2603.6465" r42="69.02152" r43="-1577.0853" r44="1"></containerEntry>
          <containerEntry r11="0.7123929" r12="0.3043888" r13="0.6323324" r14="0" r21="-0.40122452" r22="0.9159122" r23="0.011127278" r24="0" r31="-0.575774" r32="-0.26163405" r33="0.7746175" r34="0" r41="2621.0317" r42="68.61469" r43="-1571.4716" r44="1"></containerEntry>
          <containerEntry r11="0.7296169" r12="-0.12520745" r13="-0.67229635" r14="0" r21="0.30338794" r22="0.94031864" r23="0.15413159" r24="0" r31="0.61287445" r32="-0.31642357" r33="0.7240588" r34="0" r41="2636.6123" r42="68.97165" r43="-1660.3485" r44="1"></containerEntry>
          <containerEntry r11="0.7123929" r12="0.3043888" r13="0.6323324" r14="0" r21="-0.40122452" r22="0.9159122" r23="0.011127278" r24="0" r31="-0.575774" r32="-0.26163405" r33="0.7746175" r34="0" r41="2630.2173" r42="68.25103" r43="-1574.2239" r44="1"></containerEntry>
          <containerEntry r11="-0.36393002" r12="0.0985529" r13="0.9261987" r14="0" r21="-0.14462182" r22="0.97634786" r23="-0.16071509" r24="0" r31="-0.9201311" r32="-0.19243737" r33="-0.34106946" r34="0" r41="2610.934" r42="70.1453" r43="-1613.9583" r44="1"></containerEntry>
          <containerEntry r11="0.86663413" r12="0.48893988" r13="0.09941395" r14="0" r21="-0.49215114" r22="0.8049278" r23="0.3314791" r24="0" r31="0.0820523" r32="-0.33619776" r33="0.93821025" r34="0" r41="2643.528" r42="72.4434" r43="-1594.2107" r44="1"></containerEntry>
        </property>
        <property name="colors" type="UInt32" container="DynamicArray" arraySize="41">
          <containerEntry>4294967295</containerEntry>
          <containerEntry>4294967295</containerEntry>
          <containerEntry>4294967295</containerEntry>
          <containerEntry>4294967295</containerEntry>
          <containerEntry>4294967295</containerEntry>
          <containerEntry>4294967295</containerEntry>
          <containerEntry>4294967295</containerEntry>
          <containerEntry>4294967295</containerEntry>
          <containerEntry>4294967295</containerEntry>
          <containerEntry>4294967295</containerEntry>
          <containerEntry>4294967295</containerEntry>
          <containerEntry>4294967295</containerEntry>
          <containerEntry>4294967295</containerEntry>
          <containerEntry>4294967295</containerEntry>
          <containerEntry>4294967295</containerEntry>
          <containerEntry>4294967295</containerEntry>
          <containerEntry>4294967295</containerEntry>
          <containerEntry>4294967295</containerEntry>
          <containerEntry>4294967295</containerEntry>
          <containerEntry>4294967295</containerEntry>
          <containerEntry>4294967295</containerEntry>
          <containerEntry>4294967295</containerEntry>
          <containerEntry>4294967295</containerEntry>
          <containerEntry>4294967295</containerEntry>
          <containerEntry>4294967295</containerEntry>
          <containerEntry>4294967295</containerEntry>
          <containerEntry>4294967295</containerEntry>
          <containerEntry>4294967295</containerEntry>
          <containerEntry>4294967295</containerEntry>
          <containerEntry>4294967295</containerEntry>
          <containerEntry>4294967295</containerEntry>
          <containerEntry>4294967295</containerEntry>
          <containerEntry>4294967295</containerEntry>
          <containerEntry>4294967295</containerEntry>
          <containerEntry>4294967295</containerEntry>
          <containerEntry>4294967295</containerEntry>
          <containerEntry>4294967295</containerEntry>
          <containerEntry>4294967295</containerEntry>
          <containerEntry>4294967295</containerEntry>
          <containerEntry>4294967295</containerEntry>
          <containerEntry>4294967295</containerEntry>
        </property>
      </staticProperties>
      <dynamicProperties></dynamicProperties>
    </entity>
    <entity class="StaticModelArray" classVersion="4" classID="0xD0" addr="0x2F038F0" id="0x0">
      <staticProperties>
        <property name="name" type="String" container="StaticArray" arraySize="1">
          <containerEntry>StaticModelArray0002</containerEntry>
        </property>
        <property name="dataSet" type="EntityHandle" container="StaticArray" arraySize="1">
          <containerEntry>0x2D7F580</containerEntry>
        </property>
        <property name="modelFile" type="FilePtr" container="StaticArray" arraySize="1">
          <containerEntry>/Assets/tpp/environ/object/middle_africa/cliff/mafr_clff003/scenes/mafr_clff003.fmdl</containerEntry>
        </property>
        <property name="geomFile" type="FilePtr" container="StaticArray" arraySize="1">
          <containerEntry>/Assets/tpp/environ/object/middle_africa/cliff/mafr_clff003/scenes/mafr_clff003.geom</containerEntry>
        </property>
        <property name="isVisibleGeom" type="Bool" container="StaticArray" arraySize="1">
          <containerEntry>false</containerEntry>
        </property>
        <property name="lodFarSize" type="Float" container="StaticArray" arraySize="1">
          <containerEntry>-1</containerEntry>
        </property>
        <property name="lodNearSize" type="Float" container="StaticArray" arraySize="1">
          <containerEntry>-1</containerEntry>
        </property>
        <property name="lodPolygonSize" type="Float" container="StaticArray" arraySize="1">
          <containerEntry>-1</containerEntry>
        </property>
        <property name="drawRejectionLevel" type="Int32" container="StaticArray" arraySize="1">
          <containerEntry>8</containerEntry>
        </property>
        <property name="drawMode" type="Int32" container="StaticArray" arraySize="1">
          <containerEntry>0</containerEntry>
        </property>
        <property name="rejectFarRangeShadowCast" type="Int32" container="StaticArray" arraySize="1">
          <containerEntry>2</containerEntry>
        </property>
        <property name="parentLocator" type="EntityLink" container="StaticArray" arraySize="1">
          <containerEntry packagePathHash="0xB8A0BF169F98" archivePathHash="0xB8A0BF169F98" nameInArchiveHash="0xB8A0BF169F98">0x0</containerEntry>
        </property>
        <property name="transforms" type="Matrix4" container="DynamicArray" arraySize="4">
          <containerEntry r11="-0.15543103" r12="0" r13="0.9878464" r14="0" r21="0" r22="1" r23="0" r24="0" r31="-0.9878464" r32="0" r33="-0.15543103" r34="0" r41="2655.3218" r42="86.58224" r43="-1632.4377" r44="1"></containerEntry>
          <containerEntry r11="-0.020894766" r12="0" r13="0.99978113" r14="0" r21="0" r22="1" r23="0" r24="0" r31="-0.99978113" r32="0" r33="-0.020894766" r34="0" r41="2659.1973" r42="88.09664" r43="-1558.3684" r44="1"></containerEntry>
          <containerEntry r11="0.084359944" r12="0" r13="0.99643576" r14="0" r21="0" r22="1" r23="0" r24="0" r31="-0.99643576" r32="0" r33="0.084359944" r34="0" r41="2667.3293" r42="94.05119" r43="-1594.5873" r44="1"></containerEntry>
          <containerEntry r11="0.019116491" r12="0.008116707" r13="-0.99978185" r14="0" r21="-0.2834713" r22="0.9589777" r23="0.0023659915" r24="0" r31="0.95878756" r32="0.28336495" r33="0.02063328" r34="0" r41="2567.2234" r42="75.10119" r43="-1557.7634" r44="1"></containerEntry>
        </property>
        <property name="colors" type="UInt32" container="DynamicArray" arraySize="4">
          <containerEntry>4294967295</containerEntry>
          <containerEntry>4294967295</containerEntry>
          <containerEntry>4294967295</containerEntry>
          <containerEntry>4294967295</containerEntry>
        </property>
      </staticProperties>
      <dynamicProperties></dynamicProperties>
    </entity>
    <entity class="StaticModelArray" classVersion="4" classID="0xD0" addr="0x2F03B20" id="0x0">
      <staticProperties>
        <property name="name" type="String" container="StaticArray" arraySize="1">
          <containerEntry>StaticModelArray0003</containerEntry>
        </property>
        <property name="dataSet" type="EntityHandle" container="StaticArray" arraySize="1">
          <containerEntry>0x2D7F580</containerEntry>
        </property>
        <property name="modelFile" type="FilePtr" container="StaticArray" arraySize="1">
          <containerEntry>/Assets/tpp/environ/object/middle_africa/tree/mafr_tree032/scenes/mafr_tree032.fmdl</containerEntry>
        </property>
        <property name="geomFile" type="FilePtr" container="StaticArray" arraySize="1">
          <containerEntry>/Assets/tpp/environ/object/middle_africa/tree/mafr_tree032/scenes/mafr_tree032.geom</containerEntry>
        </property>
        <property name="isVisibleGeom" type="Bool" container="StaticArray" arraySize="1">
          <containerEntry>false</containerEntry>
        </property>
        <property name="lodFarSize" type="Float" container="StaticArray" arraySize="1">
          <containerEntry>-1</containerEntry>
        </property>
        <property name="lodNearSize" type="Float" container="StaticArray" arraySize="1">
          <containerEntry>-1</containerEntry>
        </property>
        <property name="lodPolygonSize" type="Float" container="StaticArray" arraySize="1">
          <containerEntry>-1</containerEntry>
        </property>
        <property name="drawRejectionLevel" type="Int32" container="StaticArray" arraySize="1">
          <containerEntry>8</containerEntry>
        </property>
        <property name="drawMode" type="Int32" container="StaticArray" arraySize="1">
          <containerEntry>0</containerEntry>
        </property>
        <property name="rejectFarRangeShadowCast" type="Int32" container="StaticArray" arraySize="1">
          <containerEntry>2</containerEntry>
        </property>
        <property name="parentLocator" type="EntityLink" container="StaticArray" arraySize="1">
          <containerEntry packagePathHash="0xB8A0BF169F98" archivePathHash="0xB8A0BF169F98" nameInArchiveHash="0xB8A0BF169F98">0x0</containerEntry>
        </property>
        <property name="transforms" type="Matrix4" container="DynamicArray" arraySize="6">
          <containerEntry r11="0.43153352" r12="0" r13="-0.25254473" r14="0" r21="0" r22="0.5" r23="0" r24="0" r31="0.25254473" r32="0" r33="0.43153352" r34="0" r41="2644.4255" r42="86.91673" r43="-1622.5221" r44="1"></containerEntry>
          <containerEntry r11="0.68215615" r12="0.1627429" r13="0.38493872" r14="0" r21="0.022949362" r22="0.72115487" r23="-0.34555602" r24="0" r31="-0.4172965" r32="0.30569658" r33="0.6102567" r34="0" r41="2644.7686" r42="80.492065" r43="-1605.2186" r44="1"></containerEntry>
          <containerEntry r11="-0.30784327" r12="-0.05276774" r13="0.39044508" r14="0" r21="-0.086053506" r22="0.49253744" r23="-0.0012830645" r24="0" r31="-0.38448223" r32="-0.067988366" r33="-0.31233037" r34="0" r41="2648.9622" r42="82.37492" r43="-1595.7349" r44="1"></containerEntry>
          <containerEntry r11="0.14750844" r12="0" r13="-0.47774595" r14="0" r21="0" r22="0.5" r23="0" r24="0" r31="0.47774595" r32="0" r33="0.14750844" r34="0" r41="2639.925" r42="83.45669" r43="-1632.2579" r44="1"></containerEntry>
          <containerEntry r11="-0.12784374" r12="-0.06965326" r13="-0.47833496" r14="0" r21="-0.017984297" r22="0.49512467" r23="-0.06729147" r24="0" r31="0.48304498" r32="-5.5506825e-07" r33="-0.1291025" r34="0" r41="2633.1633" r42="75.69884" r43="-1620.7428" r44="1"></containerEntry>
          <containerEntry r11="0.42100683" r12="0.028887775" r13="-0.26817665" r14="0" r21="-0.057153728" r22="0.49539003" r23="-0.036361817" r24="0" r31="0.26360324" r32="0.061271746" r33="0.42042726" r34="0" r41="2638.7034" r42="74.90553" r43="-1638.1722" r44="1"></containerEntry>
        </property>
        <property name="colors" type="UInt32" container="DynamicArray" arraySize="6">
          <containerEntry>4294967295</containerEntry>
          <containerEntry>4294967295</containerEntry>
          <containerEntry>4294967295</containerEntry>
          <containerEntry>4294967295</containerEntry>
          <containerEntry>4294967295</containerEntry>
          <containerEntry>4294967295</containerEntry>
        </property>
      </staticProperties>
      <dynamicProperties></dynamicProperties>
    </entity>
    <entity class="StaticModelArray" classVersion="4" classID="0xD0" addr="0x2D76E50" id="0x0">
