<fox formatVersion="2" fileVersion="0">
  <entities>
    <entity class="DataSet" classVersion="0" classID="0xE8" addr="0x2D7F6D0" id="0x176EDF6">
      <staticProperties>
        <property name="name" type="String" container="StaticArray" arraySize="1">
          <containerEntry hash="0xB8A0BF169F98"></containerEntry>
        </property>
        <property name="dataSet" type="EntityHandle" container="StaticArray" arraySize="1">
          <containerEntry>0x0</containerEntry>
        </property>
        <property name="dataList" type="EntityPtr" container="StringMap" arraySize="12">
          <containerEntry key="StaticModelArray0000">
            <data>0x2F02FC0</data>
          </containerEntry>
          <containerEntry key="StaticModelArray0001">
            <data>0x2F030A0</data>
          </containerEntry>
          <containerEntry key="StaticModelArray0002">
            <data>0x2F03110</data>
          </containerEntry>
          <containerEntry key="StaticModelArray0003">
            <data>0x2F03030</data>
          </containerEntry>
          <containerEntry key="StaticModelArray0004">
            <data>0x2F02620</data>
          </containerEntry>
          <containerEntry key="StaticModelArray0005">
            <data>0x2F02EE0</data>
          </containerEntry>
          <containerEntry key="StaticModelArray0006">
            <data>0x2F02540</data>
          </containerEntry>
          <containerEntry key="StaticModelArray0007">
            <data>0x2D794D0</data>
          </containerEntry>
          <containerEntry key="StaticModelArray0008">
            <data>0x2F025B0</data>
          </containerEntry>
          <containerEntry key="StaticModelArray0009">
            <data>0x2F02700</data>
          </containerEntry>
          <containerEntry key="StaticModelArray0010">
            <data>0x2F02690</data>
          </containerEntry>
          <containerEntry key="TexturePackLoadConditioner0000">
            <data>0x2F03490</data>
          </containerEntry>
        </property>
      </staticProperties>
      <dynamicProperties></dynamicProperties>
    </entity>
    <entity class="StaticModelArray" classVersion="4" classID="0xD0" addr="0x2F02FC0" id="0x0">
      <staticProperties>
        <property name="name" type="String" container="StaticArray" arraySize="1">
          <containerEntry>StaticModelArray0000</containerEntry>
        </property>
        <property name="dataSet" type="EntityHandle" container="StaticArray" arraySize="1">
          <containerEntry>0x2D7F6D0</containerEntry>
        </property>
        <property name="modelFile" type="FilePtr" container="StaticArray" arraySize="1">
          <containerEntry>/Assets/tpp/environ/object/middle_africa/clod/mafr_clod001/scenes/mafr_clod001.fmdl</containerEntry>
        </property>
        <property name="geomFile" type="FilePtr" container="StaticArray" arraySize="1">
          <containerEntry>/Assets/tpp/environ/object/middle_africa/clod/mafr_clod001/scenes/mafr_clod001.geom</containerEntry>
        </property>
        <property name="isVisibleGeom" type="Bool" container="StaticArray" arraySize="1">
          <containerEntry>false</containerEntry>
        </property>
        <property name="lodFarSize" type="Float" container="StaticArray" arraySize="1">
          <containerEntry>-1</containerEntry>
        </property>
        <property name="lodNearSize" type="Float" container="StaticArray" arraySize="1">
          <containerEntry>-1</containerEntry>
        </property>
        <property name="lodPolygonSize" type="Float" container="StaticArray" arraySize="1">
          <containerEntry>-1</containerEntry>
        </property>
        <property name="drawRejectionLevel" type="Int32" container="StaticArray" arraySize="1">
          <containerEntry>8</containerEntry>
        </property>
        <property name="drawMode" type="Int32" container="StaticArray" arraySize="1">
          <containerEntry>0</containerEntry>
        </property>
        <property name="rejectFarRangeShadowCast" type="Int32" container="StaticArray" arraySize="1">
          <containerEntry>2</containerEntry>
        </property>
        <property name="parentLocator" type="EntityLink" container="StaticArray" arraySize="1">
          <containerEntry packagePathHash="0xB8A0BF169F98" archivePathHash="0xB8A0BF169F98" nameInArchiveHash="0xB8A0BF169F98">0x0</containerEntry>
        </property>
        <property name="transforms" type="Matrix4" container="DynamicArray" arraySize="10">
          <containerEntry r11="-0.38897368" r12="-0.04234808" r13="0.92027533" r14="0" r21="-0.0148706315" r22="0.99910134" r23="0.039690025" r24="0" r31="-0.9211291" r32="0.001753293" r33="-0.3892539" r34="0" r41="2396.8196" r42="-8.919196" r43="1137.831" r44="1"></containerEntry>
          <containerEntry r11="-0.9982957" r12="-0.042348325" r13="0.040135697" r14="0" r21="-0.04224354" r22="0.99910134" r23="0.003455568" r24="0" r31="-0.040245965" r32="0.0017542066" r33="-0.9991876" r34="0" r41="2402.9067" r42="-8.651359" r43="1134.5201" r44="1"></containerEntry>
          <containerEntry r11="-0.8720151" r12="-0.042348087" r13="0.48764244" r14="0" r21="-0.036104776" r22="0.99910134" r23="0.02220089" r24="0" r31="-0.48814437" r32="0.0017532976" r33="-0.8727605" r34="0" r41="2411.2317" r42="-9.493766" r43="1122.2382" r44="1"></containerEntry>
          <containerEntry r11="-0.46944067" r12="-0.042348288" r13="0.8819466" r14="0" r21="-0.018346623" r22="0.99910134" r23="0.038208134" r24="0" r31="-0.88277215" r32="0.0017557424" r33="-0.46979576" r34="0" r41="2427.0432" r42="-9.493766" r43="1138.0762" r44="1"></containerEntry>
          <containerEntry r11="0.91637063" r12="-0.042349394" r13="0.39808455" r14="0" r21="0.039542284" r22="0.99910134" r23="0.015262961" r24="0" r31="-0.39837316" r32="0.0017546522" r33="0.9172217" r34="0" r41="2417.0076" r42="-9.55584" r43="1132.1665" r44="1"></containerEntry>
          <containerEntry r11="-0.78438705" r12="-0.04234854" r13="0.6188221" r14="0" r21="-0.032159604" r22="0.99910134" r23="0.027608661" r24="0" r31="-0.6194352" r32="0.0017548259" r33="-0.7850441" r34="0" r41="2422.6514" r42="-11.810282" r43="1062.7162" r44="1"></containerEntry>
          <containerEntry r11="0.99508685" r12="-0.013397253" r13="-0.09809532" r14="0" r21="0.012986201" r22="0.99990404" r23="-0.004827649" r24="0" r31="0.09815059" r32="0.003530042" r33="0.9951653" r34="0" r41="2427.0571" r42="-11.685824" r43="1080.8173" r44="1"></containerEntry>
          <containerEntry r11="0.89960897" r12="-0.08154124" r13="0.42901573" r14="0" r21="0.10016279" r22="0.9947502" r23="-0.02096466" r24="0" r31="-0.42505398" r32="0.061831452" r33="0.90305364" r34="0" r41="2420.6206" r42="-11.569901" r43="1079.2645" r44="1"></containerEntry>
          <containerEntry r11="-0.15902689" r12="-0.011515591" r13="-0.98720556" r14="0" r21="-0.074228704" r22="0.9972412" r23="0.00032480806" r24="0" r31="0.9844783" r32="0.073330745" r33="-0.15944296" r34="0" r41="2389.2117" r42="-11.546122" r43="1075.0371" r44="1"></containerEntry>
          <containerEntry r11="0.99261665" r12="-0.011515766" r13="0.120745614" r14="0" r21="0.020256348" r22="0.99724114" r23="-0.071412735" r24="0" r31="-0.11959012" r32="0.07333133" r33="0.9901115" r34="0" r41="2373.122" r42="-11.196495" r43="1090.0002" r44="1"></containerEntry>
        </property>
        <property name="colors" type="UInt32" container="DynamicArray" arraySize="10">
          <containerEntry>4294967295</containerEntry>
          <containerEntry>4294967295</containerEntry>
          <containerEntry>4294967295</containerEntry>
          <containerEntry>4294967295</containerEntry>
          <containerEntry>4294967295</containerEntry>
          <containerEntry>4294967295</containerEntry>
          <containerEntry>4294967295</containerEntry>
          <containerEntry>4294967295</containerEntry>
          <containerEntry>4294967295</containerEntry>
          <containerEntry>4294967295</containerEntry>
        </property>
      </staticProperties>
      <dynamicProperties></dynamicProperties>
    </entity>
    <entity class="StaticModelArray" classVersion="4" classID="0xD0" addr="0x2F030A0" id="0x0">
      <staticProperties>
        <property name="name" type="String" container="StaticArray" arraySize="1">
          <containerEntry>StaticModelArray0001</containerEntry>
        </property>
        <property name="dataSet" type="EntityHandle" container="StaticArray" arraySize="1">
          <containerEntry>0x2D7F6D0</containerEntry>
        </property>
        <property name="modelFile" type="FilePtr" container="StaticArray" arraySize="1">
          <containerEntry>/Assets/tpp/environ/object/middle_africa/tree/mafr_tree010/scenes/mafr_tree010_dead004.fmdl</containerEntry>
        </property>
        <property name="geomFile" type="FilePtr" container="StaticArray" arraySize="1">
          <containerEntry>/Assets/tpp/environ/object/middle_africa/tree/mafr_tree010/scenes/mafr_tree010_dead004.geom</containerEntry>
        </property>
        <property name="isVisibleGeom" type="Bool" container="StaticArray" arraySize="1">
          <containerEntry>false</containerEntry>
        </property>
        <property name="lodFarSize" type="Float" container="StaticArray" arraySize="1">
          <containerEntry>-1</containerEntry>
        </property>
        <property name="lodNearSize" type="Float" container="StaticArray" arraySize="1">
          <containerEntry>-1</containerEntry>
        </property>
        <property name="lodPolygonSize" type="Float" container="StaticArray" arraySize="1">
          <containerEntry>-1</containerEntry>
        </property>
        <property name="drawRejectionLevel" type="Int32" container="StaticArray" arraySize="1">
          <containerEntry>8</containerEntry>
        </property>
        <property name="drawMode" type="Int32" container="StaticArray" arraySize="1">
          <containerEntry>0</containerEntry>
        </property>
        <property name="rejectFarRangeShadowCast" type="Int32" container="StaticArray" arraySize="1">
          <containerEntry>2</containerEntry>
        </property>
        <property name="parentLocator" type="EntityLink" container="StaticArray" arraySize="1">
          <containerEntry packagePathHash="0xB8A0BF169F98" archivePathHash="0xB8A0BF169F98" nameInArchiveHash="0xB8A0BF169F98">0x0</containerEntry>
        </property>
        <property name="transforms" type="Matrix4" container="DynamicArray" arraySize="4">
          <containerEntry r11="-0.08785665" r12="0" r13="-0.99613345" r14="0" r21="0" r22="1" r23="0" r24="0" r31="0.99613345" r32="0" r33="-0.08785665" r34="0" r41="2344.4053" r42="-12.12733" r43="1150.1959" r44="1"></containerEntry>
          <containerEntry r11="-0.3811885" r12="0" r13="-0.92449814" r14="0" r21="0" r22="1" r23="0" r24="0" r31="0.92449814" r32="0" r33="-0.3811885" r34="0" r41="2359.0737" r42="-12.12733" r43="1107.6494" r44="1"></containerEntry>
          <containerEntry r11="0.866219" r12="0" r13="-0.4996646" r14="0" r21="0" r22="1" r23="0" r24="0" r31="0.4996646" r32="0" r33="0.866219" r34="0" r41="2396.875" r42="-12.107461" r43="1099.2063" r44="1"></containerEntry>
          <containerEntry r11="-0.21354175" r12="0" r13="0.9769342" r14="0" r21="0" r22="1" r23="0" r24="0" r31="-0.9769342" r32="0" r33="-0.21354175" r34="0" r41="2397.9685" r42="-12.107461" r43="1098.9451" r44="1"></containerEntry>
        </property>
        <property name="colors" type="UInt32" container="DynamicArray" arraySize="4">
          <containerEntry>4294967295</containerEntry>
          <containerEntry>4294967295</containerEntry>
          <containerEntry>4294967295</containerEntry>
          <containerEntry>4294967295</containerEntry>
        </property>
      </staticProperties>
      <dynamicProperties></dynamicProperties>
    </entity>
    <entity class="StaticModelArray" classVersion="4" classID="0xD0" addr="0x2F03110" id="0x0">
      <staticProperties>
        <property name="name" type="String" container="StaticArray" arraySize="1">
          <containerEntry>StaticModelArray0002</containerEntry>
        </property>
        <property name="dataSet" type="EntityHandle" container="StaticArray" arraySize="1">
          <containerEntry>0x2D7F6D0</containerEntry>
        </property>
        <property name="modelFile" type="FilePtr" container="StaticArray" arraySize="1">
          <containerEntry>/Assets/tpp/environ/object/middle_africa/rock/mafr_rock011/scenes/mafr_rock011.fmdl</containerEntry>
        </property>
        <property name="geomFile" type="FilePtr" container="StaticArray" arraySize="1">
          <containerEntry>/Assets/tpp/environ/object/middle_africa/rock/mafr_rock011/scenes/mafr_rock011.geom</containerEntry>
        </property>
        <property name="isVisibleGeom" type="Bool" container="StaticArray" arraySize="1">
          <containerEntry>false</containerEntry>
        </property>
        <property name="lodFarSize" type="Float" container="StaticArray" arraySize="1">
          <containerEntry>-1</containerEntry>
        </property>
        <property name="lodNearSize" type="Float" container="StaticArray" arraySize="1">
          <containerEntry>-1</containerEntry>
        </property>
        <property name="lodPolygonSize" type="Float" container="StaticArray" arraySize="1">
          <containerEntry>-1</containerEntry>
        </property>
        <property name="drawRejectionLevel" type="Int32" container="StaticArray" arraySize="1">
          <containerEntry>8</containerEntry>
        </property>
        <property name="drawMode" type="Int32" container="StaticArray" arraySize="1">
          <containerEntry>0</containerEntry>
        </property>
        <property name="rejectFarRangeShadowCast" type="Int32" container="StaticArray" arraySize="1">
          <containerEntry>2</containerEntry>
        </property>
        <property name="parentLocator" type="EntityLink" container="StaticArray" arraySize="1">
          <containerEntry packagePathHash="0xB8A0BF169F98" archivePathHash="0xB8A0BF169F98" nameInArchiveHash="0xB8A0BF169F98">0x0</containerEntry>
        </property>
        <property name="transforms" type="Matrix4" container="DynamicArray" arraySize="19">
          <containerEntry r11="0.9754791" r12="0.03302893" r13="-0.21759957" r14="0" r21="0.13667859" r22="0.6840204" r23="0.71654403" r24="0" r31="0.17250928" r32="-0.72871494" r33="0.6627334" r34="0" r41="2361.0366" r42="-13.338239" r43="1098.3817" r44="1"></containerEntry>
          <containerEntry r11="0.88998634" r12="0.019971028" r13="-0.45554987" r14="0" r21="0.21600373" r22="0.86137354" r23="0.45975885" r24="0" r31="0.40158054" r32="-0.5075795" r33="0.76229686" r34="0" r41="2379.9246" r42="-12.510992" r43="1125.279" r44="1"></containerEntry>
          <containerEntry r11="-0.97344184" r12="0.22228394" r13="-0.05483219" r14="0" r21="0.2209123" r22="0.84905" r23="-0.47990867" r24="0" r31="-0.06012056" r32="-0.4792749" r33="-0.87560636" r34="0" r41="2379.9246" r42="-14.850047" r43="1102.7775" r44="1"></containerEntry>
          <containerEntry r11="0.27842173" r12="0.054023564" r13="0.9589389" r14="0" r21="-0.62883925" r22="0.76492155" r23="0.13948661" r24="0" r31="-0.7259776" r32="-0.64185417" r33="0.24694276" r34="0" r41="2346.3506" r42="-14.71235" r43="1114.2325" r44="1"></containerEntry>
          <containerEntry r11="-0.022642583" r12="0.097833216" r13="-0.99494684" r14="0" r21="0.6954725" r22="0.71647406" r23="0.054624945" r24="0" r31="0.7181982" r32="-0.6907203" r33="-0.0842635" r34="0" r41="2336.5476" r42="-14.520808" r43="1143.6943" r44="1"></containerEntry>
          <containerEntry r11="-0.9819987" r12="0.13505585" r13="0.13207713" r14="0" r21="0.097794116" r22="0.9616533" r23="-0.25624081" r24="0" r31="-0.16161919" r32="-0.23871103" r33="-0.95755" r34="0" r41="2322.0938" r42="-9.223318" r43="1075.1406" r44="1"></containerEntry>
          <containerEntry r11="-0.94656485" r12="0.3219207" r13="0.019741595" r14="0" r21="0.3208449" r22="0.9336227" r23="0.15939704" r24="0" r31="0.032881897" r32="0.157213" r33="-0.98702115" r34="0" r41="2331.4597" r42="-9.701627" r43="1071.7018" r44="1"></containerEntry>
          <containerEntry r11="0.10869104" r12="-0.9215843" r13="0.37265325" r14="0" r21="0.017003894" r22="0.37654194" r23="0.92624426" r24="0" r31="-0.99393106" r32="-0.094338804" r33="0.056596696" r34="0" r41="2353.165" r42="-9.701627" r43="1068.4874" r44="1"></containerEntry>
          <containerEntry r11="0.948418" r12="0.21690036" r13="-0.23120902" r14="0" r21="0.18099855" r22="0.22829264" r23="0.95662075" r24="0" r31="0.26027468" r32="-0.9491249" r33="0.1772582" r34="0" r41="2345.8733" r42="-9.701627" r43="1073.2013" r44="1"></containerEntry>
          <containerEntry r11="0.83379996" r12="-0.5047903" r13="-0.22352752" r14="0" r21="0.34745538" r22="0.16518748" r23="0.92303234" r24="0" r31="-0.42901352" r32="-0.8472902" r33="0.31312525" r34="0" r41="2367.2612" r42="-9.701627" r43="1052.2041" r44="1"></containerEntry>
          <containerEntry r11="0.9799644" r12="0.12817381" r13="-0.1524506" r14="0" r21="0.147043" r22="0.050700426" r23="0.9878289" r24="0" r31="0.1343431" r32="-0.990454" r33="0.030837562" r34="0" r41="2390.745" r42="-8.529696" r43="1042.4741" r44="1"></containerEntry>
          <containerEntry r11="0.6176725" r12="0.030213803" r13="-0.78585446" r14="0" r21="0.55548096" r22="0.6906012" r23="0.46315265" r24="0" r31="0.5567055" r32="-0.72260404" r33="0.40978232" r34="0" r41="2387.8164" r42="-12.938639" r43="1047.0538" r44="1"></containerEntry>
          <containerEntry r11="-0.9847413" r12="0.08942402" r13="-0.14927743" r14="0" r21="0.12978843" r22="0.9488656" r23="-0.28776538" r24="0" r31="0.11591105" r32="-0.30274957" r33="-0.9459932" r34="0" r41="2405.9807" r42="-12.565648" r43="1041.1395" r44="1"></containerEntry>
          <containerEntry r11="-0.84851307" r12="-0.15134871" r13="0.5070651" r14="0" r21="-0.077979624" r22="0.9835275" r23="0.163073" r24="0" r31="-0.52339333" r32="0.09882912" r33="-0.84633803" r34="0" r41="2424.9397" r42="-12.468143" r43="1037.9618" r44="1"></containerEntry>
          <containerEntry r11="0.9925479" r12="0.1060693" r13="-0.059982292" r14="0" r21="-0.03542617" r22="0.72216" r23="0.6908186" r24="0" r31="0.11659142" r32="-0.68354565" r33="0.72053605" r34="0" r41="2386.5256" r42="-14.555263" r43="1098.2441" r44="1"></containerEntry>
          <containerEntry r11="0.985622" r12="0.12842293" r13="-0.10980342" r14="0" r21="-0.031424433" r22="0.77784395" r23="0.6276718" r24="0" r31="0.16601731" r32="-0.61519665" r33="0.77069575" r34="0" r41="2409.438" r42="-12.957967" r43="1068.3717" r44="1"></containerEntry>
          <containerEntry r11="0.18395591" r12="0.023930699" r13="-0.982643" r14="0" r21="0.455877" r22="0.8836044" r23="0.10686123" r24="0" r31="0.87082493" r32="-0.46762216" r33="0.15163481" r34="0" r41="2402.7056" r42="-12.888983" r43="1063.0164" r44="1"></containerEntry>
          <containerEntry r11="-0.9982241" r12="0.031378895" r13="0.05072158" r14="0" r21="0.0051509896" r22="0.89259464" r23="-0.45083117" r24="0" r31="-0.05942037" r32="-0.44976735" r33="-0.8911716" r34="0" r41="2345.5505" r42="-12.224936" r43="1078.9703" r44="1"></containerEntry>
          <containerEntry r11="-0.99186265" r12="0.06386413" r13="0.11017217" r14="0" r21="-0.004950028" r22="0.84516317" r23="-0.53448606" r24="0" r31="-0.12724791" r32="-0.53067994" r33="-0.8379703" r34="0" r41="2330.3616" r42="-12.626132" r43="1103.2736" r44="1"></containerEntry>
        </property>
        <property name="colors" type="UInt32" container="DynamicArray" arraySize="19">
          <containerEntry>4294967295</containerEntry>
          <containerEntry>4294967295</containerEntry>
          <containerEntry>4294967295</containerEntry>
          <containerEntry>4294967295</containerEntry>
          <containerEntry>4294967295</containerEntry>
          <containerEntry>4294967295</containerEntry>
          <containerEntry>4294967295</containerEntry>
          <containerEntry>4294967295</containerEntry>
          <containerEntry>4294967295</containerEntry>
          <containerEntry>4294967295</containerEntry>
          <containerEntry>4294967295</containerEntry>
          <containerEntry>4294967295</containerEntry>
          <containerEntry>4294967295</containerEntry>
          <containerEntry>4294967295</containerEntry>
          <containerEntry>4294967295</containerEntry>
          <containerEntry>4294967295</containerEntry>
          <containerEntry>4294967295</containerEntry>
          <containerEntry>4294967295</containerEntry>
          <containerEntry>4294967295</containerEntry>
        </property>
      </staticProperties>
      <dynamicProperties></dynamicProperties>
    </entity>
    <entity class="StaticModelArray" classVersion="4" classID="0xD0" addr="0x2F03030" id="0x0">
      <staticProperties>
        <property name="name" type="String" container="StaticArray" arraySize="1">
          <containerEntry>StaticModelArray0003</containerEntry>
        </property>
        <property name="dataSet" type="EntityHandle" container="StaticArray" arraySize="1">
          <containerEntry>0x2D7F6D0</containerEntry>
        </property>
        <property name="modelFile" type="FilePtr" container="StaticArray" arraySize="1">
          <containerEntry>/Assets/tpp/environ/object/middle_africa/cliff/mafr_clff015/scenes/mafr_clff015_wall002.fmdl</containerEntry>
        </property>
        <property name="geomFile" type="FilePtr" container="StaticArray" arraySize="1">
          <containerEntry>/Assets/tpp/environ/object/middle_africa/cliff/mafr_clff015/scenes/mafr_clff015_wall002.geom</containerEntry>
        </property>
        <property name="isVisibleGeom" type="Bool" container="StaticArray" arraySize="1">
          <containerEntry>false</containerEntry>
        </property>
        <property name="lodFarSize" type="Float" container="StaticArray" arraySize="1">
          <containerEntry>-1</containerEntry>
        </property>
        <property name="lodNearSize" type="Float" container="StaticArray" arraySize="1">
          <containerEntry>-1</containerEntry>
        </property>
        <property name="lodPolygonSize" type="Float" container="StaticArray" arraySize="1">
          <containerEntry>-1</containerEntry>
        </property>
        <property name="drawRejectionLevel" type="Int32" container="StaticArray" arraySize="1">
          <containerEntry>8</containerEntry>
        </property>
        <property name="drawMode" type="Int32" container="StaticArray" arraySize="1">
          <containerEntry>0</containerEntry>
        </property>
        <property name="rejectFarRangeShadowCast" type="Int32" container="StaticArray" arraySize="1">
          <containerEntry>2</containerEntry>
        </property>
        <property name="parentLocator" type="EntityLink" container="StaticArray" arraySize="1">
          <containerEntry packagePathHash="0xB8A0BF169F98" archivePathHash="0xB8A0BF169F98" nameInArchiveHash="0xB8A0BF169F98">0x0</containerEntry>
        </property>
        <property name="transforms" type="Matrix4" container="DynamicArray" arraySize="2">
          <containerEntry r11="-0.72878826" r12="0" r13="0.68473536" r14="0" r21="0" r22="1" r23="0" r24="0" r31="-0.68473536" r32="0" r33="-0.72878826" r34="0" r41="2352.1545" r42="-16.246496" r43="1046.2333" r44="1"></containerEntry>
          <containerEntry r11="0.9962024" r12="0" r13="-0.08706721" r14="0" r21="0" r22="1" r23="0" r24="0" r31="0.08706721" r32="0" r33="0.9962024" r34="0" r41="2419.4465" r42="-15.156268" r43="1032.5619" r44="1"></containerEntry>
        </property>
        <property name="colors" type="UInt32" container="DynamicArray" arraySize="2">
          <containerEntry>4294967295</containerEntry>
          <containerEntry>4294967295</containerEntry>
        </property>
      </staticProperties>
      <dynamicProperties></dynamicProperties>
    </entity>
    <entity class="StaticModelArray" classVersion="4" classID="0xD0" addr="0x2F02620" id="0x0">
      <staticProperties>
        <property name="name" type="String" container="StaticArray" arraySize="1">
          <containerEntry>StaticModelArray0004</containerEntry>
        </property>
        <property name="dataSet" type="EntityHandle" container="StaticArray" arraySize="1">
          <containerEntry>0x2D7F6D0</containerEntry>
        </property>
        <property name="modelFile" type="FilePtr" container="StaticArray" arraySize="1">
          <containerEntry>/Assets/tpp/environ/object/middle_africa/tree/mafr_tree032/scenes/mafr_tree032.fmdl</containerEntry>
        </property>
        <property name="geomFile" type="FilePtr" container="StaticArray" arraySize="1">
          <containerEntry>/Assets/tpp/environ/object/middle_africa/tree/mafr_tree032/scenes/mafr_tree032.geom</containerEntry>
        </property>
        <property name="isVisibleGeom" type="Bool" container="StaticArray" arraySize="1">
          <containerEntry>false</containerEntry>
        </property>
        <property name="lodFarSize" type="Float" container="StaticArray" arraySize="1">
          <containerEntry>-1</containerEntry>
        </property>
        <property name="lodNearSize" type="Float" container="StaticArray" arraySize="1">
          <containerEntry>-1</containerEntry>
        </property>
        <property name="lodPolygonSize" type="Float" container="StaticArray" arraySize="1">
          <containerEntry>-1</containerEntry>
        </property>
        <property name="drawRejectionLevel" type="Int32" container="StaticArray" arraySize="1">
          <containerEntry>8</containerEntry>
        </property>
        <property name="drawMode" type="Int32" container="StaticArray" arraySize="1">
          <containerEntry>0</containerEntry>
        </property>
        <property name="rejectFarRangeShadowCast" type="Int32" container="StaticArray" arraySize="1">
          <containerEntry>2</containerEntry>
        </property>
        <property name="parentLocator" type="EntityLink" container="StaticArray" arraySize="1">
          <containerEntry packagePathHash="0xB8A0BF169F98" archivePathHash="0xB8A0BF169F98" nameInArchiveHash="0xB8A0BF169F98">0x0</containerEntry>
        </property>
        <property name="transforms" type="Matrix4" container="DynamicArray" arraySize="3">
          <containerEntry r11="1" r12="0" r13="0" r14="0" r21="0" r22="1" r23="0" r24="0" r31="0" r32="0" r33="1" r34="0" r41="2381.3381" r42="-2.214994" r43="1042.4551" r44="1"></containerEntry>
          <containerEntry r11="0.97203624" r12="0" r13="-0.23483078" r14="0" r21="0" r22="1" r23="0" r24="0" r31="0.23483078" r32="0" r33="0.97203624" r34="0" r41="2426.1558" r42="-3.338594" r43="1034.5808" r44="1"></containerEntry>
          <containerEntry r11="-0.81583095" r12="0" r13="0.578286" r14="0" r21="0" r22="1" r23="0" r24="0" r31="-0.578286" r32="0" r33="-0.81583095" r34="0" r41="2422.528" r42="-2.641711" r43="1032.5043" r44="1"></containerEntry>
        </property>
        <property name="colors" type="UInt32" container="DynamicArray" arraySize="3">
          <containerEntry>4294967295</containerEntry>
          <containerEntry>4294967295</containerEntry>
          <containerEntry>4294967295</containerEntry>
        </property>
      </staticProperties>
      <dynamicProperties></dynamicProperties>
    </entity>
    <entity class="StaticModelArray" classVersion="4" classID="0xD0" addr="0x2F02EE0" id="0x0">
      <staticProperties>
        <property name="name" type="String" container="StaticArray" arraySize="1">
          <containerEntry>StaticModelArray0005</containerEntry>
        </property>
        <property name="dataSet" type="EntityHandle" container="StaticArray" arraySize="1">
          <containerEntry>0x2D7F6D0</containerEntry>
        </property>
        <property name="modelFile" type="FilePtr" container="StaticArray" arraySize="1">
          <containerEntry>/Assets/tpp/environ/object/middle_africa/tree/mafr_tree031/scenes/mafr_tree031.fmdl</containerEntry>
        </property>
        <property name="geomFile" type="FilePtr" container="StaticArray" arraySize="1">
          <containerEntry>/Assets/tpp/environ/object/middle_africa/tree/mafr_tree031/scenes/mafr_tree031.geom</containerEntry>
        </property>
        <property name="isVisibleGeom" type="Bool" container="StaticArray" arraySize="1">
          <containerEntry>false</containerEntry>
        </property>
        <property name="lodFarSize" type="Float" container="StaticArray" arraySize="1">
          <containerEntry>-1</containerEntry>
        </property>
        <property name="lodNearSize" type="Float" container="StaticArray" arraySize="1">
          <containerEntry>-1</containerEntry>
        </property>
        <property name="lodPolygonSize" type="Float" container="StaticArray" arraySize="1">
          <containerEntry>-1</containerEntry>
        </property>
        <property name="drawRejectionLevel" type="Int32" container="StaticArray" arraySize="1">
          <containerEntry>8</containerEntry>
        </property>
        <property name="drawMode" type="Int32" container="StaticArray" arraySize="1">
          <containerEntry>0</containerEntry>
        </property>
        <property name="rejectFarRangeShadowCast" type="Int32" container="StaticArray" arraySize="1">
          <containerEntry>2</containerEntry>
        </property>
        <property name="parentLocator" type="EntityLink" container="StaticArray" arraySize="1">
          <containerEntry packagePathHash="0xB8A0BF169F98" archivePathHash="0xB8A0BF169F98" nameInArchiveHash="0xB8A0BF169F98">0x0</containerEntry>
        </property>
        <property name="transforms" type="Matrix4" container="DynamicArray" arraySize="2">
          <containerEntry r11="1" r12="0" r13="0" r14="0" r21="0" r22="1" r23="0" r24="0" r31="0" r32="0" r33="1" r34="0" r41="2408.2612" r42="-9.668808" r43="1024.5953" r44="1"></containerEntry>
          <containerEntry r11="0.9697735" r12="0" r13="-0.24400707" r14="0" r21="0" r22="1" r23="0" r24="0" r31="0.24400707" r32="0" r33="0.9697735" r34="0" r41="2358.227" r42="-3.225495" r43="1033.737" r44="1"></containerEntry>
        </property>
        <property name="colors" type="UInt32" container="DynamicArray" arraySize="2">
          <containerEntry>4294967295</containerEntry>
          <containerEntry>4294967295</containerEntry>
        </property>
      </staticProperties>
      <dynamicProperties></dynamicProperties>
    </entity>
    <entity class="StaticModelArray" classVersion="4" classID="0xD0" addr="0x2F02540" id="0x0">
      <staticProperties>
        <property name="name" type="String" container="StaticArray" arraySize="1">
          <containerEntry>StaticModelArray0006</containerEntry>
        </property>
        <property name="dataSet" type="EntityHandle" container="StaticArray" arraySize="1">
          <containerEntry>0x2D7F6D0</containerEntry>
        </property>
        <property name="modelFile" type="FilePtr" container="StaticArray" arraySize="1">
          <containerEntry>/Assets/tpp/environ/object/middle_africa/rock/mafr_rock007/scenes/mafr_rock007.fmdl</containerEntry>
        </property>
        <property name="geomFile" type="FilePtr" container="StaticArray" arraySize="1">
          <containerEntry>/Assets/tpp/environ/object/middle_africa/rock/mafr_rock007/scenes/mafr_rock007.geom</containerEntry>
        </property>
        <property name="isVisibleGeom" type="Bool" container="StaticArray" arraySize="1">
          <containerEntry>false</containerEntry>
        </property>
        <property name="lodFarSize" type="Float" container="StaticArray" arraySize="1">
          <containerEntry>-1</containerEntry>
        </property>
        <property name="lodNearSize" type="Float" container="StaticArray" arraySize="1">
          <containerEntry>-1</containerEntry>
        </property>
        <property name="lodPolygonSize" type="Float" container="StaticArray" arraySize="1">
          <containerEntry>-1</containerEntry>
        </property>
        <property name="drawRejectionLevel" type="Int32" container="StaticArray" arraySize="1">
          <containerEntry>8</containerEntry>
        </property>
        <property name="drawMode" type="Int32" container="StaticArray" arraySize="1">
          <containerEntry>0</containerEntry>
        </property>
        <property name="rejectFarRangeShadowCast" type="Int32" container="StaticArray" arraySize="1">
          <containerEntry>2</containerEntry>
        </property>
        <property name="parentLocator" type="EntityLink" container="StaticArray" arraySize="1">
          <containerEntry packagePathHash="0xB8A0BF169F98" archivePathHash="0xB8A0BF169F98" nameInArchiveHash="0xB8A0BF169F98">0x0</containerEntry>
        </property>
        <property name="transforms" type="Matrix4" container="DynamicArray" arraySize="35">
          <containerEntry r11="0.36217523" r12="-0.09879801" r13="0.6492827" r14="0" r21="0.17878196" r22="0.72829527" r23="0.011094896" r24="0" r31="-0.6319542" r32="0.14941564" r33="0.37524506" r34="0" r41="2340.422" r42="-11.372942" r43="1146.6636" r44="1"></containerEntry>
          <containerEntry r11="-0.47322014" r12="-0.044848673" r13="0.15508792" r14="0" r21="0.06769471" r22="-0.49117815" r23="0.06451696" r24="0" r31="0.1465643" r32="0.082058564" r33="0.47094092" r34="0" r41="2344.2385" r42="-11.775815" r43="1135.1633" r44="1"></containerEntry>
          <containerEntry r11="0.9132201" r12="-0.045193758" r13="-0.40495497" r14="0" r21="-0.1144263" r22="-0.98228234" r23="-0.14841995" r24="0" r31="-0.3910724" r32="0.18187758" r33="-0.90221137" r34="0" r41="2354.6213" r42="-11.266712" r43="1136.8463" r44="1"></containerEntry>
          <containerEntry r11="-0.47825298" r12="-0.12259296" r13="-0.07903056" r14="0" r21="0.11123129" r22="-0.48178577" r23="0.07423512" r24="0" r31="-0.09435287" r32="0.053424887" r33="0.48810175" r34="0" r41="2403.712" r42="-9.956154" r43="1074.109" r44="1"></containerEntry>
          <containerEntry r11="0.747274" r12="-0.007449826" r13="-0.06345178" r14="0" r21="-0.016032722" r22="-0.74291235" r23="-0.101592615" r24="0" r31="-0.06184319" r32="0.10257962" r33="-0.7403703" r34="0" r41="2400.4827" r42="-10.177672" r43="1081.3221" r44="1"></containerEntry>
          <containerEntry r11="-0.64387304" r12="-0.07999216" r13="0.76094" r14="0" r21="-0.055825945" r22="0.9967807" r23="0.057546966" r24="0" r31="-0.76309365" r32="-0.0054272483" r33="-0.64626586" r34="0" r41="2408.1897" r42="-9.090498" r43="1077.7035" r44="1"></containerEntry>
          <containerEntry r11="0.08346537" r12="0.49297327" r13="0.0033150613" r14="0" r21="-0.12921304" r22="0.018631294" r23="0.48265618" r24="0" r31="0.47574955" r32="-0.08142696" r33="0.13050716" r34="0" r41="2406.031" r42="-9.956154" r43="1080.0433" r44="1"></containerEntry>
          <containerEntry r11="-0.4669597" r12="0.17116992" r13="0.051475752" r14="0" r21="0.16734661" r22="0.36807352" r23="0.29413775" r24="0" r31="0.06280132" r32="0.2919294" r33="-0.4010405" r34="0" r41="2410.318" r42="-9.956154" r43="1079.7098" r44="1"></containerEntry>
          <containerEntry r11="-0.43782538" r12="-0.009967651" r13="0.6088539" r14="0" r21="-0.046368517" r22="0.748269" r23="-0.021093704" r24="0" r31="-0.6071675" r32="-0.04995621" r33="-0.43743056" r34="0" r41="2419.5361" r42="-10.601168" r43="1050.1315" r44="1"></containerEntry>
          <containerEntry r11="-0.23887008" r12="-0.13540381" r13="-0.41786128" r14="0" r21="0.1541476" r22="-0.47124207" r23="0.06458299" r24="0" r31="-0.41131586" r32="-0.09797068" r33="0.2668733" r34="0" r41="2351.9514" r42="-11.10105" r43="1150.5189" r44="1"></containerEntry>
          <containerEntry r11="-0.4046976" r12="-0.04484901" r13="-0.29018992" r14="0" r21="-0.012062209" r22="-0.4911791" r23="0.092733696" r24="0" r31="-0.29338735" r32="0.082058534" r33="0.3964725" r34="0" r41="2345.0469" r42="-11.655442" r43="1151.5146" r44="1"></containerEntry>
          <containerEntry r11="-0.46454653" r12="-0.032488536" r13="0.18204874" r14="0" r21="0.048516672" r22="-0.49639368" r23="0.03521663" r24="0" r31="0.17844713" r32="0.05038426" r33="0.46434692" r34="0" r41="2388.7522" r42="-11.815904" r43="1111.4199" r44="1"></containerEntry>
          <containerEntry r11="-0.46486798" r12="-0.0012162182" r13="0.18411262" r14="0" r21="0.00026341734" r22="0.49998417" r23="0.003967923" r24="0" r31="-0.18411644" r32="0.0037861085" r33="-0.46485263" r34="0" r41="2385.9094" r42="-12.150021" r43="1113.409" r44="1"></containerEntry>
          <containerEntry r11="0.5193817" r12="-0.09813579" r13="-0.5320826" r14="0" r21="-0.1442213" r22="-0.73598635" r23="-0.005035424" r24="0" r31="-0.5214814" r32="0.1058038" r33="-0.5285474" r34="0" r41="2395.1082" r42="-11.62855" r43="1100.782" r44="1"></containerEntry>
          <containerEntry r11="-0.4428663" r12="-0.015346521" r13="-0.23159067" r14="0" r21="0.0030185552" r22="-0.49924478" r23="0.027310476" r24="0" r31="-0.23207895" r32="0.022791624" r33="0.4422894" r34="0" r41="2386.4744" r42="-11.716235" r43="1116.1533" r44="1"></containerEntry>
          <containerEntry r11="-0.4428663" r12="-0.015346521" r13="-0.23159067" r14="0" r21="0.0030185552" r22="-0.49924478" r23="0.027310476" r24="0" r31="-0.23207895" r32="0.022791624" r33="0.4422894" r34="0" r41="2372.5107" r42="-11.716235" r43="1101.9269" r44="1"></containerEntry>
          <containerEntry r11="-0.23576987" r12="-0.0153467655" r13="-0.44065508" r14="0" r21="-0.012872508" r22="-0.49924427" r23="0.024274625" r24="0" r31="-0.4407343" r32="0.022791132" r33="0.23501869" r34="0" r41="2371.219" r42="-12.147269" r43="1103.3601" r44="1"></containerEntry>
          <containerEntry r11="0.61714524" r12="0.09550271" r13="-0.41534436" r14="0" r21="-0.120057315" r22="0.74028444" r23="-0.008170626" r24="0" r31="0.40892297" r32="0.07321006" r33="0.6244375" r34="0" r41="2382.3123" r42="-11.3738" r43="1104.4468" r44="1"></containerEntry>
          <containerEntry r11="0.69874734" r12="0.09550276" r13="0.2552085" r14="0" r21="-0.063948944" r22="0.74028444" r23="-0.10193637" r24="0" r31="-0.2648824" r32="0.07320981" r33="0.69783777" r34="0" r41="2372.0364" r42="-11.3738" r43="1120.0281" r44="1"></containerEntry>
          <containerEntry r11="0.3440444" r12="-0.01534668" r13="-0.36248854" r14="0" r21="-0.027092546" r22="-0.49924433" r23="-0.0045775035" r24="0" r31="-0.36180028" r32="0.022791207" r33="-0.3443559" r34="0" r41="2372.5107" r42="-11.716235" r43="1122.5265" r44="1"></containerEntry>
          <containerEntry r11="-0.05698589" r12="0.15016504" r13="-0.4735005" r14="0" r21="-0.1360188" r22="0.4536736" r23="0.16024706" r24="0" r31="0.47775638" r32="0.14707378" r33="-0.0108554065" r34="0" r41="2355.1934" r42="-12.246042" r43="1132.7626" r44="1"></containerEntry>
          <containerEntry r11="-0.46371937" r12="0.020536596" r13="0.1858562" r14="0" r21="0.004292203" r22="-0.49567518" r23="0.06547998" r24="0" r31="0.1869381" r32="0.06232414" r33="0.45953217" r34="0" r41="2351.508" r42="-12.246042" r43="1138.7205" r44="1"></containerEntry>
          <containerEntry r11="0.4994614" r12="0.018048897" r13="-0.014578179" r14="0" r21="-0.016744211" r22="0.4978875" r23="0.042751193" r24="0" r31="0.016059808" r32="-0.04221694" r33="0.49795562" r34="0" r41="2357.5107" r42="-11.815904" r43="1111.4199" r44="1"></containerEntry>
          <containerEntry r11="0.21031511" r12="0.022213355" r13="0.45307237" r14="0" r21="-0.34601825" r22="0.3307858" r23="0.14440352" r24="0" r31="-0.29332465" r32="-0.37428278" r33="0.15451078" r34="0" r41="2356.3691" r42="-12.162721" r43="1114.3726" r44="1"></containerEntry>
          <containerEntry r11="-0.48697674" r12="-0.04605601" r13="-0.10359175" r14="0" r21="-0.022862926" r22="0.48739088" r23="-0.10921258" r24="0" r31="0.111039154" r32="-0.10163142" r33="-0.476802" r34="0" r41="2354.1738" r42="-12.246042" r43="1113.131" r44="1"></containerEntry>
