<fox formatVersion="2" fileVersion="0">
  <entities>
    <entity class="DataSet" classVersion="0" classID="0xE8" addr="0x2EE2B60" id="0x108289B">
      <staticProperties>
        <property name="name" type="String" container="StaticArray" arraySize="1">
          <containerEntry hash="0xB8A0BF169F98"></containerEntry>
        </property>
        <property name="dataSet" type="EntityHandle" container="StaticArray" arraySize="1">
          <containerEntry>0x0</containerEntry>
        </property>
        <property name="dataList" type="EntityPtr" container="StringMap" arraySize="8">
          <containerEntry key="StaticModelArray0000">
            <data>0x2D7C6B0</data>
          </containerEntry>
          <containerEntry key="StaticModelArray0001">
            <data>0x2D7C720</data>
          </containerEntry>
          <containerEntry key="StaticModelArray0002">
            <data>0x2EE2620</data>
          </containerEntry>
          <containerEntry key="StaticModelArray0003">
            <data>0x2D7C020</data>
          </containerEntry>
          <containerEntry key="StaticModelArray0004">
            <data>0x2D7C100</data>
          </containerEntry>
          <containerEntry key="StaticModelArray0005">
            <data>0x2D7C640</data>
          </containerEntry>
          <containerEntry key="StaticModelArray0006">
            <data>0x2D7C090</data>
          </containerEntry>
          <containerEntry key="TexturePackLoadConditioner0000">
            <data>0x2D7CE20</data>
          </containerEntry>
        </property>
      </staticProperties>
      <dynamicProperties></dynamicProperties>
    </entity>
    <entity class="StaticModelArray" classVersion="4" classID="0xD0" addr="0x2D7C6B0" id="0x0">
      <staticProperties>
        <property name="name" type="String" container="StaticArray" arraySize="1">
          <containerEntry>StaticModelArray0000</containerEntry>
        </property>
        <property name="dataSet" type="EntityHandle" container="StaticArray" arraySize="1">
          <containerEntry>0x2EE2B60</containerEntry>
        </property>
        <property name="modelFile" type="FilePtr" container="StaticArray" arraySize="1">
          <containerEntry>/Assets/tpp/environ/object/afghanistan/clod/afgh_clod002/scenes/afgh_clod002.fmdl</containerEntry>
        </property>
        <property name="geomFile" type="FilePtr" container="StaticArray" arraySize="1">
          <containerEntry>/Assets/tpp/environ/object/afghanistan/clod/afgh_clod002/scenes/afgh_clod002.geom</containerEntry>
        </property>
        <property name="isVisibleGeom" type="Bool" container="StaticArray" arraySize="1">
          <containerEntry>false</containerEntry>
        </property>
        <property name="lodFarSize" type="Float" container="StaticArray" arraySize="1">
          <containerEntry>-1</containerEntry>
        </property>
        <property name="lodNearSize" type="Float" container="StaticArray" arraySize="1">
          <containerEntry>-1</containerEntry>
        </property>
        <property name="lodPolygonSize" type="Float" container="StaticArray" arraySize="1">
          <containerEntry>-1</containerEntry>
        </property>
        <property name="drawRejectionLevel" type="Int32" container="StaticArray" arraySize="1">
          <containerEntry>8</containerEntry>
        </property>
        <property name="drawMode" type="Int32" container="StaticArray" arraySize="1">
          <containerEntry>0</containerEntry>
        </property>
        <property name="rejectFarRangeShadowCast" type="Int32" container="StaticArray" arraySize="1">
          <containerEntry>2</containerEntry>
        </property>
        <property name="parentLocator" type="EntityLink" container="StaticArray" arraySize="1">
          <containerEntry packagePathHash="0xB8A0BF169F98" archivePathHash="0xB8A0BF169F98" nameInArchiveHash="0xB8A0BF169F98">0x0</containerEntry>
        </property>
        <property name="transforms" type="Matrix4" container="DynamicArray" arraySize="2">
          <containerEntry r11="0.9940211" r12="0.058642935" r13="0.09210317" r14="0" r21="-0.06670527" r22="0.9939685" r23="0.08704595" r24="0" r31="-0.08644301" r32="-0.09266929" r33="0.99193746" r34="0" r41="742" r42="282.65872" r43="2270" r44="1"></containerEntry>
          <containerEntry r11="0.5711236" r12="-0.20538184" r13="0.79475445" r14="0" r21="0.026378945" r22="0.9722856" r23="0.23230302" r24="0" r31="-0.82043916" r32="-0.11170875" r33="0.56071305" r34="0" r41="724.2748" r42="281.7582" r43="2275.8125" r44="1"></containerEntry>
        </property>
        <property name="colors" type="UInt32" container="DynamicArray" arraySize="2">
          <containerEntry>4294967295</containerEntry>
          <containerEntry>4294967295</containerEntry>
        </property>
      </staticProperties>
      <dynamicProperties></dynamicProperties>
    </entity>
    <entity class="StaticModelArray" classVersion="4" classID="0xD0" addr="0x2D7C720" id="0x0">
      <staticProperties>
        <property name="name" type="String" container="StaticArray" arraySize="1">
          <containerEntry>StaticModelArray0001</containerEntry>
        </property>
        <property name="dataSet" type="EntityHandle" container="StaticArray" arraySize="1">
          <containerEntry>0x2EE2B60</containerEntry>
        </property>
        <property name="modelFile" type="FilePtr" container="StaticArray" arraySize="1">
          <containerEntry>/Assets/tpp/environ/object/afghanistan/rock/afgh_rock001/scenes/afgh_rock001_vrtn001.fmdl</containerEntry>
        </property>
        <property name="geomFile" type="FilePtr" container="StaticArray" arraySize="1">
          <containerEntry>/Assets/tpp/environ/object/afghanistan/rock/afgh_rock001/scenes/afgh_rock001_vrtn001.geom</containerEntry>
        </property>
        <property name="isVisibleGeom" type="Bool" container="StaticArray" arraySize="1">
          <containerEntry>false</containerEntry>
        </property>
        <property name="lodFarSize" type="Float" container="StaticArray" arraySize="1">
          <containerEntry>-1</containerEntry>
        </property>
        <property name="lodNearSize" type="Float" container="StaticArray" arraySize="1">
          <containerEntry>-1</containerEntry>
        </property>
        <property name="lodPolygonSize" type="Float" container="StaticArray" arraySize="1">
          <containerEntry>-1</containerEntry>
        </property>
        <property name="drawRejectionLevel" type="Int32" container="StaticArray" arraySize="1">
          <containerEntry>8</containerEntry>
        </property>
        <property name="drawMode" type="Int32" container="StaticArray" arraySize="1">
          <containerEntry>0</containerEntry>
        </property>
        <property name="rejectFarRangeShadowCast" type="Int32" container="StaticArray" arraySize="1">
          <containerEntry>2</containerEntry>
        </property>
        <property name="parentLocator" type="EntityLink" container="StaticArray" arraySize="1">
          <containerEntry packagePathHash="0xB8A0BF169F98" archivePathHash="0xB8A0BF169F98" nameInArchiveHash="0xB8A0BF169F98">0x0</containerEntry>
        </property>
        <property name="transforms" type="Matrix4" container="DynamicArray" arraySize="20">
          <containerEntry r11="1" r12="0" r13="0" r14="0" r21="0" r22="1" r23="0" r24="0" r31="0" r32="0" r33="1" r34="0" r41="676.24805" r42="287.6126" r43="2270.0354" r44="1"></containerEntry>
          <containerEntry r11="-0.7093967" r12="0" r13="-0.70481217" r14="0" r21="0" r22="1" r23="0" r24="0" r31="0.70481217" r32="0" r33="-0.7093967" r34="0" r41="676.24805" r42="287.6126" r43="2262.0566" r44="1"></containerEntry>
          <containerEntry r11="-0.58861256" r12="-0.029535752" r13="0.80787873" r14="0" r21="0.13545202" r22="0.98160183" r23="0.13457581" r24="0" r31="-0.79699004" r32="0.18864131" r33="-0.57378256" r34="0" r41="696" r42="279.69687" r43="2282" r44="1"></containerEntry>
          <containerEntry r11="-0.5996441" r12="-0.3609568" r13="0.71424186" r14="0" r21="-0.437845" r22="0.89504826" r23="0.08473836" r24="0" r31="-0.6698679" r32="-0.26191413" r33="-0.6947536" r34="0" r41="646" r42="278.13193" r43="2288" r44="1"></containerEntry>
          <containerEntry r11="-0.78504944" r12="-0.17272928" r13="-0.5948643" r14="0" r21="-0.014299065" r22="-0.95502627" r23="0.29617912" r24="0" r31="-0.6192693" r32="0.24102102" r33="0.7472714" r34="0" r41="680" r42="280.03128" r43="2286.411" r44="1"></containerEntry>
          <containerEntry r11="0.116808414" r12="0.14944795" r13="-0.98184514" r14="0" r21="-0.9491807" r22="-0.2741155" r23="-0.1546453" r24="0" r31="-0.2922512" r32="0.9500128" r33="0.109834865" r34="0" r41="684.11597" r42="280.51706" r43="2280" r44="1"></containerEntry>
          <containerEntry r11="0.97901905" r12="0" r13="-0.20376872" r14="0" r21="0" r22="1" r23="0" r24="0" r31="0.20376872" r32="0" r33="0.97901905" r34="0" r41="767.5448" r42="288.1489" r43="2196.9604" r44="1"></containerEntry>
          <containerEntry r11="1" r12="0" r13="0" r14="0" r21="0" r22="0.79991245" r23="-0.6001166" r24="0" r31="0" r32="0.6001166" r33="0.79991245" r34="0" r41="763.63336" r42="288.13596" r43="2178.0476" r44="1"></containerEntry>
          <containerEntry r11="1" r12="0" r13="0" r14="0" r21="0" r22="1" r23="0" r24="0" r31="0" r32="0" r33="1" r34="0" r41="652" r42="285.40115" r43="2198" r44="1"></containerEntry>
          <containerEntry r11="0.116808414" r12="0.14944795" r13="-0.98184514" r14="0" r21="-0.9491807" r22="-0.2741155" r23="-0.1546453" r24="0" r31="-0.2922512" r32="0.9500128" r33="0.109834865" r34="0" r41="714" r42="282.30307" r43="2272" r44="1"></containerEntry>
          <containerEntry r11="0.116808414" r12="0.14944795" r13="-0.98184514" r14="0" r21="-0.9491807" r22="-0.2741155" r23="-0.1546453" r24="0" r31="-0.2922512" r32="0.9500128" r33="0.109834865" r34="0" r41="740" r42="285.17624" r43="2260" r44="1"></containerEntry>
          <containerEntry r11="-0.7562831" r12="-0.29987893" r13="0.5814713" r14="0" r21="0.5853425" r22="0.086869955" r23="0.8061191" r24="0" r31="-0.29225054" r32="0.9500139" r33="0.10983342" r34="0" r41="728" r42="285.06378" r43="2266" r44="1"></containerEntry>
          <containerEntry r11="-0.22871834" r12="0.24327233" r13="-0.9426059" r14="0" r21="-0.021704845" r22="-0.9693057" r23="-0.24489665" r24="0" r31="-0.9732503" r32="-0.035553306" r33="0.2269788" r34="0" r41="654" r42="279.0027" r43="2286.9402" r44="1"></containerEntry>
          <containerEntry r11="-0.086448655" r12="0.9720187" r13="-0.2184207" r14="0" r21="0.99504685" r22="0.073438644" r23="-0.06700546" r24="0" r31="-0.049089864" r32="-0.22313118" r33="-0.97355294" r34="0" r41="660" r42="278.0847" r43="2294" r44="1"></containerEntry>
          <containerEntry r11="-0.7850489" r12="-0.17272802" r13="-0.59486437" r14="0" r21="0.42607933" r22="-0.8476373" r23="-0.31617686" r24="0" r31="-0.44961652" r32="-0.50167364" r33="0.7390322" r34="0" r41="664" r42="287.95532" r43="2270" r44="1"></containerEntry>
          <containerEntry r11="0.48783708" r12="0.55516464" r13="0.67365134" r14="0" r21="-0.7482372" r22="0.66341287" r23="-0.0048775226" r24="0" r31="-0.44961655" r32="-0.5016721" r33="0.7390328" r34="0" r41="656.8008" r42="287.68854" r43="2274.1772" r44="1"></containerEntry>
          <containerEntry r11="0.9946809" r12="0.10297584" r13="0.0024385864" r14="0" r21="-0.10297584" r22="0.9935629" r23="0.04720982" r24="0" r31="0.0024385864" r32="-0.04720982" r33="0.998882" r34="0" r41="655.5483" r42="287.84952" r43="2269.5063" r44="1"></containerEntry>
          <containerEntry r11="-0.069191135" r12="-0.5735433" r13="0.81624633" r14="0" r21="0.03715107" r22="0.8161595" r23="0.5766307" r24="0" r31="-0.99691015" r32="0.070222944" r33="-0.035162985" r34="0" r41="660.0936" r42="287.40808" r43="2275.5151" r44="1"></containerEntry>
          <containerEntry r11="-0.076211035" r12="-0.6777652" r13="0.73131734" r14="0" r21="0.7871682" r22="-0.4910861" r23="-0.37309396" r24="0" r31="0.61201066" r32="0.54723597" r33="0.57094246" r34="0" r41="651.9628" r42="286.71713" r43="2271.7922" r44="1"></containerEntry>
          <containerEntry r11="0.76961625" r12="-0.2928711" r13="-0.56737787" r14="0" r21="-0.6034514" r22="-0.043243885" r23="-0.79622734" r24="0" r31="0.2086566" r32="0.9551743" r33="-0.2100147" r34="0" r41="681.9031" r42="287.6126" r43="2251.2327" r44="1"></containerEntry>
        </property>
        <property name="colors" type="UInt32" container="DynamicArray" arraySize="20">
          <containerEntry>4294967295</containerEntry>
          <containerEntry>4294967295</containerEntry>
          <containerEntry>4294967295</containerEntry>
          <containerEntry>4294967295</containerEntry>
          <containerEntry>4294967295</containerEntry>
          <containerEntry>4294967295</containerEntry>
          <containerEntry>4294967295</containerEntry>
          <containerEntry>4294967295</containerEntry>
          <containerEntry>4294967295</containerEntry>
          <containerEntry>4294967295</containerEntry>
          <containerEntry>4294967295</containerEntry>
          <containerEntry>4294967295</containerEntry>
          <containerEntry>4294967295</containerEntry>
          <containerEntry>4294967295</containerEntry>
          <containerEntry>4294967295</containerEntry>
          <containerEntry>4294967295</containerEntry>
          <containerEntry>4294967295</containerEntry>
          <containerEntry>4294967295</containerEntry>
          <containerEntry>4294967295</containerEntry>
          <containerEntry>4294967295</containerEntry>
        </property>
      </staticProperties>
      <dynamicProperties></dynamicProperties>
    </entity>
    <entity class="StaticModelArray" classVersion="4" classID="0xD0" addr="0x2EE2620" id="0x0">
      <staticProperties>
        <property name="name" type="String" container="StaticArray" arraySize="1">
          <containerEntry>StaticModelArray0002</containerEntry>
        </property>
        <property name="dataSet" type="EntityHandle" container="StaticArray" arraySize="1">
          <containerEntry>0x2EE2B60</containerEntry>
        </property>
        <property name="modelFile" type="FilePtr" container="StaticArray" arraySize="1">
          <containerEntry>/Assets/tpp/environ/object/middle_africa/rock/mafr_rock010/scenes/mafr_rock010_vrtn001.fmdl</containerEntry>
        </property>
        <property name="geomFile" type="FilePtr" container="StaticArray" arraySize="1">
          <containerEntry>/Assets/tpp/environ/object/middle_africa/rock/mafr_rock010/scenes/mafr_rock010_vrtn001.geom</containerEntry>
        </property>
        <property name="isVisibleGeom" type="Bool" container="StaticArray" arraySize="1">
          <containerEntry>false</containerEntry>
        </property>
        <property name="lodFarSize" type="Float" container="StaticArray" arraySize="1">
          <containerEntry>-1</containerEntry>
        </property>
        <property name="lodNearSize" type="Float" container="StaticArray" arraySize="1">
          <containerEntry>-1</containerEntry>
        </property>
        <property name="lodPolygonSize" type="Float" container="StaticArray" arraySize="1">
          <containerEntry>-1</containerEntry>
        </property>
        <property name="drawRejectionLevel" type="Int32" container="StaticArray" arraySize="1">
          <containerEntry>8</containerEntry>
        </property>
        <property name="drawMode" type="Int32" container="StaticArray" arraySize="1">
          <containerEntry>0</containerEntry>
        </property>
        <property name="rejectFarRangeShadowCast" type="Int32" container="StaticArray" arraySize="1">
          <containerEntry>2</containerEntry>
        </property>
        <property name="parentLocator" type="EntityLink" container="StaticArray" arraySize="1">
          <containerEntry packagePathHash="0xB8A0BF169F98" archivePathHash="0xB8A0BF169F98" nameInArchiveHash="0xB8A0BF169F98">0x0</containerEntry>
        </property>
        <property name="transforms" type="Matrix4" container="DynamicArray" arraySize="13">
          <containerEntry r11="-0.0562499" r12="0.022553518" r13="0.9981629" r14="0" r21="-0.08992096" r22="0.99556744" r23="-0.02756216" r24="0" r31="-0.99436015" r32="-0.09130603" r33="-0.053972542" r34="0" r41="681.48706" r42="286.0676" r43="2265.556" r44="1"></containerEntry>
          <containerEntry r11="0.33906734" r12="0" r13="-0.9407617" r14="0" r21="0" r22="1" r23="0" r24="0" r31="0.9407617" r32="0" r33="0.33906734" r34="0" r41="692.13684" r42="287.11337" r43="2260.2446" r44="1"></containerEntry>
          <containerEntry r11="-0.95824486" r12="-0.1986719" r13="0.20565447" r14="0" r21="-0.16051877" r22="0.96894234" r23="0.18810731" r24="0" r31="-0.236639" r32="0.14724168" r33="-0.9603746" r34="0" r41="656.0495" r42="284.86182" r43="2203.6726" r44="1"></containerEntry>
          <containerEntry r11="0.9731086" r12="-0.02125883" r13="0.2293639" r14="0" r21="-0.006879593" r22="0.9926057" r23="0.12118828" r24="0" r31="-0.23024423" r32="-0.11950728" r33="0.9657668" r34="0" r41="668" r42="278.43948" r43="2290" r44="1"></containerEntry>
          <containerEntry r11="0.83529127" r12="0.19032623" r13="-0.51581407" r14="0" r21="-0.16193755" r22="0.98172086" r23="0.10000154" r24="0" r31="0.5254184" r32="-6.7055225e-07" r33="0.85084385" r34="0" r41="688" r42="298.70764" r43="2230" r44="1"></containerEntry>
          <containerEntry r11="-0.0315335" r12="-1.0207295e-06" r13="-0.99950266" r14="0" r21="-0.19136164" r22="0.98150104" r23="0.0060363114" r24="0" r31="0.98101294" r32="0.19145682" r33="-0.030950367" r34="0" r41="632.2464" r42="285.675" r43="2247.6406" r44="1"></containerEntry>
          <containerEntry r11="0.39514512" r12="0" r13="-0.9186186" r14="0" r21="0" r22="1" r23="0" r24="0" r31="0.9186186" r32="0" r33="0.39514512" r34="0" r41="687.4487" r42="285.47983" r43="2265.0662" r44="1"></containerEntry>
          <containerEntry r11="0.37146866" r12="0" r13="0.92844576" r14="0" r21="0" r22="1" r23="0" r24="0" r31="-0.92844576" r32="0" r33="0.37146866" r34="0" r41="662.1222" r42="287.47067" r43="2272.4355" r44="1"></containerEntry>
          <containerEntry r11="-0.95668495" r12="-0.051293604" r13="0.28657368" r14="0" r21="-0.09378309" r22="0.98618186" r23="-0.13656518" r24="0" r31="-0.27560887" r32="-0.15752551" r33="-0.9482758" r34="0" r41="647.7795" r42="285.40164" r43="2272.1304" r44="1"></containerEntry>
          <containerEntry r11="1.9989574" r12="-0.06310299" r13="-0.013687868" r14="0" r21="0.06298335" r22="1.9989327" r23="-0.017357651" r24="0" r31="0.014228223" r32="0.01691755" r33="1.9998778" r34="0" r41="657.95404" r42="287.20087" r43="2229.9534" r44="1"></containerEntry>
          <containerEntry r11="1.9660565" r12="-0.065083876" r13="-0.3610894" r14="0" r21="0.0629846" r22="1.9989326" r23="-0.017355794" r24="0" r31="0.36146152" r32="0.00568968" r33="1.9670569" r34="0" r41="689.5238" r42="298.03217" r43="2219.305" r44="1"></containerEntry>
          <containerEntry r11="-0.16277565" r12="0.3084999" r13="-1.969348" r14="0" r21="0.21543124" r22="1.9670526" r23="0.2903339" r24="0" r31="1.9816895" r32="-0.1884999" r33="-0.19332433" r34="0" r41="694.1935" r42="296.69055" r43="2231.06" r44="1"></containerEntry>
          <containerEntry r11="-1.1557688" r12="0.02224493" r13="-1.6320798" r14="0" r21="0.06298242" r22="1.9989327" r23="-0.017356535" r24="0" r31="1.6310158" r32="-0.061426356" r33="-1.1558526" r34="0" r41="678.3556" r42="294.73572" r43="2219.9534" r44="1"></containerEntry>
        </property>
        <property name="colors" type="UInt32" container="DynamicArray" arraySize="13">
          <containerEntry>4294967295</containerEntry>
          <containerEntry>4294967295</containerEntry>
          <containerEntry>4294967295</containerEntry>
          <containerEntry>4294967295</containerEntry>
          <containerEntry>4294967295</containerEntry>
          <containerEntry>4294967295</containerEntry>
          <containerEntry>4294967295</containerEntry>
          <containerEntry>4294967295</containerEntry>
          <containerEntry>4294967295</containerEntry>
          <containerEntry>4294967295</containerEntry>
          <containerEntry>4294967295</containerEntry>
          <containerEntry>4294967295</containerEntry>
          <containerEntry>4294967295</containerEntry>
        </property>
      </staticProperties>
      <dynamicProperties></dynamicProperties>
    </entity>
    <entity class="StaticModelArray" classVersion="4" classID="0xD0" addr="0x2D7C020" id="0x0">
      <staticProperties>
        <property name="name" type="String" container="StaticArray" arraySize="1">
          <containerEntry>StaticModelArray0003</containerEntry>
        </property>
        <property name="dataSet" type="EntityHandle" container="StaticArray" arraySize="1">
          <containerEntry>0x2EE2B60</containerEntry>
        </property>
        <property name="modelFile" type="FilePtr" container="StaticArray" arraySize="1">
          <containerEntry>/Assets/tpp/environ/object/afghanistan/rock/afgh_rock006/scenes/afgh_rock006.fmdl</containerEntry>
        </property>
        <property name="geomFile" type="FilePtr" container="StaticArray" arraySize="1">
          <containerEntry>/Assets/tpp/environ/object/afghanistan/rock/afgh_rock006/scenes/afgh_rock006.geom</containerEntry>
        </property>
        <property name="isVisibleGeom" type="Bool" container="StaticArray" arraySize="1">
          <containerEntry>false</containerEntry>
        </property>
        <property name="lodFarSize" type="Float" container="StaticArray" arraySize="1">
          <containerEntry>-1</containerEntry>
        </property>
        <property name="lodNearSize" type="Float" container="StaticArray" arraySize="1">
          <containerEntry>-1</containerEntry>
        </property>
        <property name="lodPolygonSize" type="Float" container="StaticArray" arraySize="1">
          <containerEntry>-1</containerEntry>
        </property>
        <property name="drawRejectionLevel" type="Int32" container="StaticArray" arraySize="1">
          <containerEntry>8</containerEntry>
        </property>
        <property name="drawMode" type="Int32" container="StaticArray" arraySize="1">
          <containerEntry>0</containerEntry>
        </property>
        <property name="rejectFarRangeShadowCast" type="Int32" container="StaticArray" arraySize="1">
          <containerEntry>2</containerEntry>
        </property>
        <property name="parentLocator" type="EntityLink" container="StaticArray" arraySize="1">
          <containerEntry packagePathHash="0xB8A0BF169F98" archivePathHash="0xB8A0BF169F98" nameInArchiveHash="0xB8A0BF169F98">0x0</containerEntry>
        </property>
        <property name="transforms" type="Matrix4" container="DynamicArray" arraySize="3">
          <containerEntry r11="1" r12="0" r13="0" r14="0" r21="0" r22="1" r23="0" r24="0" r31="0" r32="0" r33="1" r34="0" r41="676.30896" r42="287.87326" r43="2266.2463" r44="1"></containerEntry>
          <containerEntry r11="0.6227434" r12="0.013883188" r13="0.7823025" r14="0" r21="-0.264399" r22="0.9447599" r23="0.19370538" r24="0" r31="-0.7363987" r32="-0.32746887" r33="0.5920137" r34="0" r41="654" r42="284.71304" r43="2210" r44="1"></containerEntry>
          <containerEntry r11="0.42586675" r12="0.17577584" r13="-0.8875476" r14="0" r21="-0.1785248" r22="0.97798735" r23="0.1080266" r24="0" r31="0.8869988" r32="0.11244426" r33="0.44787264" r34="0" r41="679.6606" r42="299.13428" r43="2222" r44="1"></containerEntry>
        </property>
        <property name="colors" type="UInt32" container="DynamicArray" arraySize="3">
          <containerEntry>4294967295</containerEntry>
          <containerEntry>4294967295</containerEntry>
          <containerEntry>4294967295</containerEntry>
        </property>
      </staticProperties>
      <dynamicProperties></dynamicProperties>
    </entity>
    <entity class="StaticModelArray" classVersion="4" classID="0xD0" addr="0x2D7C100" id="0x0">
      <staticProperties>
        <property name="name" type="String" container="StaticArray" arraySize="1">
          <containerEntry>StaticModelArray0004</containerEntry>
        </property>
        <property name="dataSet" type="EntityHandle" container="StaticArray" arraySize="1">
          <containerEntry>0x2EE2B60</containerEntry>
        </property>
        <property name="modelFile" type="FilePtr" container="StaticArray" arraySize="1">
          <containerEntry>/Assets/tpp/environ/object/afghanistan/cliff/afgh_clff027/scenes/afgh_clff027_vrtn007.fmdl</containerEntry>
        </property>
        <property name="geomFile" type="FilePtr" container="StaticArray" arraySize="1">
          <containerEntry>/Assets/tpp/environ/object/afghanistan/cliff/afgh_clff027/scenes/afgh_clff027_vrtn007.geom</containerEntry>
        </property>
        <property name="isVisibleGeom" type="Bool" container="StaticArray" arraySize="1">
          <containerEntry>false</containerEntry>
        </property>
        <property name="lodFarSize" type="Float" container="StaticArray" arraySize="1">
          <containerEntry>-1</containerEntry>
        </property>
        <property name="lodNearSize" type="Float" container="StaticArray" arraySize="1">
          <containerEntry>-1</containerEntry>
        </property>
        <property name="lodPolygonSize" type="Float" container="StaticArray" arraySize="1">
          <containerEntry>-1</containerEntry>
        </property>
        <property name="drawRejectionLevel" type="Int32" container="StaticArray" arraySize="1">
          <containerEntry>8</containerEntry>
        </property>
        <property name="drawMode" type="Int32" container="StaticArray" arraySize="1">
          <containerEntry>0</containerEntry>
        </property>
        <property name="rejectFarRangeShadowCast" type="Int32" container="StaticArray" arraySize="1">
          <containerEntry>2</containerEntry>
        </property>
        <property name="parentLocator" type="EntityLink" container="StaticArray" arraySize="1">
          <containerEntry packagePathHash="0xB8A0BF169F98" archivePathHash="0xB8A0BF169F98" nameInArchiveHash="0xB8A0BF169F98">0x0</containerEntry>
        </property>
        <property name="transforms" type="Matrix4" container="DynamicArray" arraySize="6">
          <containerEntry r11="0.087156355" r12="0" r13="0.9961939" r14="0" r21="0" r22="1" r23="0" r24="0" r31="-0.9961939" r32="0" r33="0.087156355" r34="0" r41="670.1474" r42="293.86945" r43="2184.0308" r44="1"></containerEntry>
          <containerEntry r11="-0.6736476" r12="0.040762924" r13="-0.73792917" r14="0" r21="0.0037729312" r22="0.9986544" r23="0.05172106" r24="0" r31="0.7390445" r32="0.03205756" r33="-0.67289495" r34="0" r41="755.4179" r42="294.10898" r43="2219.9648" r44="1"></containerEntry>
          <containerEntry r11="-0.5747477" r12="0.044490315" r13="-0.81712145" r14="0" r21="0.0037731733" r22="0.9986545" r23="0.05172041" r24="0" r31="0.8183231" r32="0.026643" r33="-0.5741422" r34="0" r41="719.9173" r42="304.81366" r43="2237.0737" r44="1"></containerEntry>
          <containerEntry r11="0.5013438" r12="0.044491485" r13="0.8641037" r14="0" r21="0.0007491112" r22="0.9986544" r23="-0.051853947" r24="0" r31="-0.86524796" r32="0.02664397" r33="0.50063586" r34="0" r41="711.27905" r42="307.7124" r43="2234.1877" r44="1"></containerEntry>
          <containerEntry r11="-0.9898962" r12="0.0080934875" r13="0.14157444" r14="0" r21="0.00074911374" r22="0.9986544" r23="-0.051852997" r24="0" r31="-0.14180362" r32="-0.051222946" r33="-0.9885703" r34="0" r41="689.0244" r42="306.13834" r43="2199.7632" r44="1"></containerEntry>
          <containerEntry r11="-0.9898962" r12="0.0080934875" r13="0.14157444" r14="0" r21="0.00074911374" r22="0.9986544" r23="-0.051852997" r24="0" r31="-0.14180362" r32="-0.051222946" r33="-0.9885703" r34="0" r41="649.43567" r42="295.44366" r43="2250.7263" r44="1"></containerEntry>
        </property>
        <property name="colors" type="UInt32" container="DynamicArray" arraySize="6">
          <containerEntry>4294967295</containerEntry>
          <containerEntry>4294967295</containerEntry>
          <containerEntry>4294967295</containerEntry>
          <containerEntry>4294967295</containerEntry>
          <containerEntry>4294967295</containerEntry>
          <containerEntry>4294967295</containerEntry>
        </property>
      </staticProperties>
      <dynamicProperties></dynamicProperties>
    </entity>
    <entity class="StaticModelArray" classVersion="4" classID="0xD0" addr="0x2D7C640" id="0x0">
      <staticProperties>
        <property name="name" type="String" container="StaticArray" arraySize="1">
          <containerEntry>StaticModelArray0005</containerEntry>
        </property>
        <property name="dataSet" type="EntityHandle" container="StaticArray" arraySize="1">
          <containerEntry>0x2EE2B60</containerEntry>
        </property>
        <property name="modelFile" type="FilePtr" container="StaticArray" arraySize="1">
          <containerEntry>/Assets/tpp/environ/object/afghanistan/cliff/afgh_clff027/scenes/afgh_clff027_vrtn005.fmdl</containerEntry>
        </property>
        <property name="geomFile" type="FilePtr" container="StaticArray" arraySize="1">
          <containerEntry>/Assets/tpp/environ/object/afghanistan/cliff/afgh_clff027/scenes/afgh_clff027_vrtn005.geom</containerEntry>
        </property>
        <property name="isVisibleGeom" type="Bool" container="StaticArray" arraySize="1">
          <containerEntry>false</containerEntry>
        </property>
        <property name="lodFarSize" type="Float" container="StaticArray" arraySize="1">
          <containerEntry>-1</containerEntry>
        </property>
        <property name="lodNearSize" type="Float" container="StaticArray" arraySize="1">
          <containerEntry>-1</containerEntry>
        </property>
        <property name="lodPolygonSize" type="Float" container="StaticArray" arraySize="1">
          <containerEntry>-1</containerEntry>
        </property>
        <property name="drawRejectionLevel" type="Int32" container="StaticArray" arraySize="1">
          <containerEntry>8</containerEntry>
        </property>
        <property name="drawMode" type="Int32" container="StaticArray" arraySize="1">
          <containerEntry>0</containerEntry>
        </property>
        <property name="rejectFarRangeShadowCast" type="Int32" container="StaticArray" arraySize="1">
          <containerEntry>2</containerEntry>
        </property>
        <property name="parentLocator" type="EntityLink" container="StaticArray" arraySize="1">
          <containerEntry packagePathHash="0xB8A0BF169F98" archivePathHash="0xB8A0BF169F98" nameInArchiveHash="0xB8A0BF169F98">0x0</containerEntry>
        </property>
        <property name="transforms" type="Matrix4" container="DynamicArray" arraySize="4">
          <containerEntry r11="-0.39083838" r12="0" r13="0.92046034" r14="0" r21="0" r22="1" r23="0" r24="0" r31="-0.92046034" r32="0" r33="-0.39083838" r34="0" r41="667.4445" r42="297.8791" r43="2205.6987" r44="1"></containerEntry>
          <containerEntry r11="-0.49999845" r12="0" r13="0.8660267" r14="0" r21="0" r22="1" r23="0" r24="0" r31="-0.8660267" r32="0" r33="-0.49999845" r34="0" r41="692.1342" r42="308.62933" r43="2179.1208" r44="1"></containerEntry>
          <containerEntry r11="0.48766488" r12="0" r13="-0.87303066" r14="0" r21="0" r22="1" r23="0" r24="0" r31="0.87303066" r32="0" r33="0.48766488" r34="0" r41="736.1684" r42="308.077" r43="2229.1736" r44="1"></containerEntry>
          <containerEntry r11="0.0076328516" r12="0" r13="-0.9999705" r14="0" r21="0" r22="1" r23="0" r24="0" r31="0.9999705" r32="0" r33="0.0076328516" r34="0" r41="747.39655" r42="306.52625" r43="2209.8577" r44="1"></containerEntry>
        </property>
        <property name="colors" type="UInt32" container="DynamicArray" arraySize="4">
          <containerEntry>4294967295</containerEntry>
          <containerEntry>4294967295</containerEntry>
          <containerEntry>4294967295</containerEntry>
          <containerEntry>4294967295</containerEntry>
        </property>
      </staticProperties>
      <dynamicProperties></dynamicProperties>
    </entity>
    <entity class="StaticModelArray" classVersion="4" classID="0xD0" addr="0x2D7C090" id="0x0">
      <staticProperties>
        <property name="name" type="String" container="StaticArray" arraySize="1">
          <containerEntry>StaticModelArray0006</containerEntry>
        </property>
        <property name="dataSet" type="EntityHandle" container="StaticArray" arraySize="1">
          <containerEntry>0x2EE2B60</containerEntry>
        </property>
        <property name="modelFile" type="FilePtr" container="StaticArray" arraySize="1">
          <containerEntry>/Assets/tpp/environ/object/afghanistan/cliff/afgh_clff027/scenes/afgh_clff027_vrtn003.fmdl</containerEntry>
        </property>
        <property name="geomFile" type="FilePtr" container="StaticArray" arraySize="1">
          <containerEntry>/Assets/tpp/environ/object/afghanistan/cliff/afgh_clff027/scenes/afgh_clff027_vrtn003.geom</containerEntry>
        </property>
        <property name="isVisibleGeom" type="Bool" container="StaticArray" arraySize="1">
          <containerEntry>false</containerEntry>
        </property>
        <property name="lodFarSize" type="Float" container="StaticArray" arraySize="1">
          <containerEntry>-1</containerEntry>
        </property>
        <property name="lodNearSize" type="Float" container="StaticArray" arraySize="1">
          <containerEntry>-1</containerEntry>
        </property>
        <property name="lodPolygonSize" type="Float" container="StaticArray" arraySize="1">
          <containerEntry>-1</containerEntry>
        </property>
        <property name="drawRejectionLevel" type="Int32" container="StaticArray" arraySize="1">
          <containerEntry>8</containerEntry>
        </property>
        <property name="drawMode" type="Int32" container="StaticArray" arraySize="1">
          <containerEntry>0</containerEntry>
        </property>
        <property name="rejectFarRangeShadowCast" type="Int32" container="StaticArray" arraySize="1">
          <containerEntry>2</containerEntry>
        </property>
        <property name="parentLocator" type="EntityLink" container="StaticArray" arraySize="1">
          <containerEntry packagePathHash="0xB8A0BF169F98" archivePathHash="0xB8A0BF169F98" nameInArchiveHash="0xB8A0BF169F98">0x0</containerEntry>
        </property>
        <property name="transforms" type="Matrix4" container="DynamicArray" arraySize="5">
          <containerEntry r11="0.7660433" r12="0" r13="0.6427894" r14="0" r21="0" r22="1" r23="0" r24="0" r31="-0.6427894" r32="0" r33="0.7660433" r34="0" r41="685.2017" r42="297.94705" r43="2245.0017" r44="1"></containerEntry>
          <containerEntry r11="-0.34202003" r12="0" r13="-0.93969345" r14="0" r21="0" r22="1" r23="0" r24="0" r31="0.93969345" r32="0" r33="-0.34202003" r34="0" r41="757.54816" r42="298.6067" r43="2186.28" r44="1"></containerEntry>
          <containerEntry r11="0.87173295" r12="0" r13="-0.48998138" r14="0" r21="0" r22="1" r23="0" r24="0" r31="0.48998138" r32="0" r33="0.87173295" r34="0" r41="731.241" r42="298.15665" r43="2254.128" r44="1"></containerEntry>
          <containerEntry r11="0.28612846" r12="0" r13="0.95819145" r14="0" r21="0" r22="1" r23="0" r24="0" r31="-0.95819145" r32="0" r33="0.28612846" r34="0" r41="693.2279" r42="309.01855" r43="2218.0408" r44="1"></containerEntry>
          <containerEntry r11="0.970848" r12="0" r13="-0.23969595" r14="0" r21="0" r22="1" r23="0" r24="0" r31="0.23969595" r32="0" r33="0.970848" r34="0" r41="681.921" r42="287.38922" r43="2276.8977" r44="1"></containerEntry>
        </property>
        <property name="colors" type="UInt32" container="DynamicArray" arraySize="5">
          <containerEntry>4294967295</containerEntry>
          <containerEntry>4294967295</containerEntry>
          <containerEntry>4294967295</containerEntry>
          <containerEntry>4294967295</containerEntry>
          <containerEntry>4294967295</containerEntry>
        </property>
      </staticProperties>
      <dynamicProperties></dynamicProperties>
    </entity>
    <entity class="TexturePackLoadConditioner" classVersion="0" classID="0x48" addr="0x2D7CE20" id="0x0">
      <staticProperties>
        <property name="name" type="String" container="StaticArray" arraySize="1">
          <containerEntry>TexturePackLoadConditioner0000</containerEntry>
        </property>
        <property name="dataSet" type="EntityHandle" container="StaticArray" arraySize="1">
          <containerEntry>0x2EE2B60</containerEntry>
        </property>
        <property name="texturePackPath" type="Path" container="StaticArray" arraySize="1">
          <containerEntry hash="0xB8A0BF169F98"></containerEntry>
        </property>
      </staticProperties>
      <dynamicProperties></dynamicProperties>
    </entity>
  </entities>
</fox>