<fox formatVersion="2" fileVersion="0">
  <entities>
    <entity class="DataSet" classVersion="0" classID="0xE8" addr="0x32F4450" id="0x103B286">
      <staticProperties>
        <property name="name" type="String" container="StaticArray" arraySize="1">
          <containerEntry hash="0xB8A0BF169F98"></containerEntry>
        </property>
        <property name="dataSet" type="EntityHandle" container="StaticArray" arraySize="1">
          <containerEntry>0x0</containerEntry>
        </property>
        <property name="dataList" type="EntityPtr" container="StringMap" arraySize="5">
          <containerEntry key="mafr_clff003_0000">
            <data>0x3176130</data>
          </containerEntry>
          <containerEntry key="mafr_rock002_0000">
            <data>0x3176280</data>
          </containerEntry>
          <containerEntry key="StaticModelArray0000">
            <data>0x31789E0</data>
          </containerEntry>
          <containerEntry key="StaticModelArray0001">
            <data>0x3178A50</data>
          </containerEntry>
          <containerEntry key="TexturePackLoadConditioner0000">
            <data>0x3178F20</data>
          </containerEntry>
        </property>
      </staticProperties>
      <dynamicProperties></dynamicProperties>
    </entity>
    <entity class="StaticModel" classVersion="9" classID="0x160" addr="0x3176130" id="0x103B32A">
      <staticProperties>
        <property name="name" type="String" container="StaticArray" arraySize="1">
          <containerEntry>mafr_clff003_0000</containerEntry>
        </property>
        <property name="dataSet" type="EntityHandle" container="StaticArray" arraySize="1">
          <containerEntry>0x32F4450</containerEntry>
        </property>
        <property name="parent" type="EntityHandle" container="StaticArray" arraySize="1">
          <containerEntry>0x0</containerEntry>
        </property>
        <property name="transform" type="EntityPtr" container="StaticArray" arraySize="1">
          <containerEntry>0x31761A0</containerEntry>
        </property>
        <property name="shearTransform" type="EntityPtr" container="StaticArray" arraySize="1">
          <containerEntry>0x0</containerEntry>
        </property>
        <property name="pivotTransform" type="EntityPtr" container="StaticArray" arraySize="1">
          <containerEntry>0x0</containerEntry>
        </property>
        <property name="children" type="EntityHandle" container="List"></property>
        <property name="flags" type="UInt32" container="StaticArray" arraySize="1">
          <containerEntry>7</containerEntry>
        </property>
        <property name="modelFile" type="FilePtr" container="StaticArray" arraySize="1">
          <containerEntry>/Assets/tpp/environ/object/middle_africa/cliff/mafr_clff003/scenes/mafr_clff003.fmdl</containerEntry>
        </property>
        <property name="geomFile" type="FilePtr" container="StaticArray" arraySize="1">
          <containerEntry>/Assets/tpp/environ/object/middle_africa/cliff/mafr_clff003/scenes/mafr_clff003.geom</containerEntry>
        </property>
        <property name="isVisibleGeom" type="Bool" container="StaticArray" arraySize="1">
          <containerEntry>false</containerEntry>
        </property>
        <property name="isIsolated" type="Bool" container="StaticArray" arraySize="1">
          <containerEntry>false</containerEntry>
        </property>
        <property name="lodFarSize" type="Float" container="StaticArray" arraySize="1">
          <containerEntry>-1</containerEntry>
        </property>
        <property name="lodNearSize" type="Float" container="StaticArray" arraySize="1">
          <containerEntry>-1</containerEntry>
        </property>
        <property name="lodPolygonSize" type="Float" container="StaticArray" arraySize="1">
          <containerEntry>-1</containerEntry>
        </property>
        <property name="color" type="Color" container="StaticArray" arraySize="1">
          <containerEntry r="1" g="1" b="1" a="1"></containerEntry>
        </property>
        <property name="drawRejectionLevel" type="Int32" container="StaticArray" arraySize="1">
          <containerEntry>8</containerEntry>
        </property>
        <property name="drawMode" type="Int32" container="StaticArray" arraySize="1">
          <containerEntry>0</containerEntry>
        </property>
        <property name="rejectFarRangeShadowCast" type="Int32" container="StaticArray" arraySize="1">
          <containerEntry>2</containerEntry>
        </property>
      </staticProperties>
      <dynamicProperties></dynamicProperties>
    </entity>
    <entity class="TransformEntity" classVersion="0" classID="0x50" addr="0x31761A0" id="0x103B32D">
      <staticProperties>
        <property name="owner" type="EntityHandle" container="StaticArray" arraySize="1">
          <containerEntry>0x3176130</containerEntry>
        </property>
        <property name="transform_scale" type="Vector3" container="StaticArray" arraySize="1">
          <containerEntry x="1" y="1" z="1" w="0"></containerEntry>
        </property>
        <property name="transform_rotation_quat" type="Quat" container="StaticArray" arraySize="1">
          <containerEntry x="0" y="-0.987689" z="0" w="0.156432"></containerEntry>
        </property>
        <property name="transform_translation" type="Vector3" container="StaticArray" arraySize="1">
          <containerEntry x="1630.5487" y="-3.595828" z="1972.5845" w="0"></containerEntry>
        </property>
      </staticProperties>
      <dynamicProperties></dynamicProperties>
    </entity>
    <entity class="StaticModel" classVersion="9" classID="0x160" addr="0x3176280" id="0x103B331">
      <staticProperties>
        <property name="name" type="String" container="StaticArray" arraySize="1">
          <containerEntry>mafr_rock002_0000</containerEntry>
        </property>
        <property name="dataSet" type="EntityHandle" container="StaticArray" arraySize="1">
          <containerEntry>0x32F4450</containerEntry>
        </property>
        <property name="parent" type="EntityHandle" container="StaticArray" arraySize="1">
          <containerEntry>0x0</containerEntry>
        </property>
        <property name="transform" type="EntityPtr" container="StaticArray" arraySize="1">
          <containerEntry>0x31762F0</containerEntry>
        </property>
        <property name="shearTransform" type="EntityPtr" container="StaticArray" arraySize="1">
          <containerEntry>0x0</containerEntry>
        </property>
        <property name="pivotTransform" type="EntityPtr" container="StaticArray" arraySize="1">
          <containerEntry>0x0</containerEntry>
        </property>
        <property name="children" type="EntityHandle" container="List"></property>
        <property name="flags" type="UInt32" container="StaticArray" arraySize="1">
          <containerEntry>7</containerEntry>
        </property>
        <property name="modelFile" type="FilePtr" container="StaticArray" arraySize="1">
          <containerEntry>/Assets/tpp/environ/object/middle_africa/rock/mafr_rock002/scenes/mafr_rock002.fmdl</containerEntry>
        </property>
        <property name="geomFile" type="FilePtr" container="StaticArray" arraySize="1">
          <containerEntry>/Assets/tpp/environ/object/middle_africa/rock/mafr_rock002/scenes/mafr_rock002.geom</containerEntry>
        </property>
        <property name="isVisibleGeom" type="Bool" container="StaticArray" arraySize="1">
          <containerEntry>false</containerEntry>
        </property>
        <property name="isIsolated" type="Bool" container="StaticArray" arraySize="1">
          <containerEntry>false</containerEntry>
        </property>
        <property name="lodFarSize" type="Float" container="StaticArray" arraySize="1">
          <containerEntry>-1</containerEntry>
        </property>
        <property name="lodNearSize" type="Float" container="StaticArray" arraySize="1">
          <containerEntry>-1</containerEntry>
        </property>
        <property name="lodPolygonSize" type="Float" container="StaticArray" arraySize="1">
          <containerEntry>-1</containerEntry>
        </property>
        <property name="color" type="Color" container="StaticArray" arraySize="1">
          <containerEntry r="1" g="1" b="1" a="1"></containerEntry>
        </property>
        <property name="drawRejectionLevel" type="Int32" container="StaticArray" arraySize="1">
          <containerEntry>8</containerEntry>
        </property>
        <property name="drawMode" type="Int32" container="StaticArray" arraySize="1">
          <containerEntry>0</containerEntry>
        </property>
        <property name="rejectFarRangeShadowCast" type="Int32" container="StaticArray" arraySize="1">
          <containerEntry>2</containerEntry>
        </property>
      </staticProperties>
      <dynamicProperties></dynamicProperties>
    </entity>
    <entity class="TransformEntity" classVersion="0" classID="0x50" addr="0x31762F0" id="0x103B334">
      <staticProperties>
        <property name="owner" type="EntityHandle" container="StaticArray" arraySize="1">
          <containerEntry>0x3176280</containerEntry>
        </property>
        <property name="transform_scale" type="Vector3" container="StaticArray" arraySize="1">
          <containerEntry x="1" y="1" z="1" w="0"></containerEntry>
        </property>
        <property name="transform_rotation_quat" type="Quat" container="StaticArray" arraySize="1">
          <containerEntry x="0.038724" y="-0.912098" z="-0.088655" w="-0.398394"></containerEntry>
        </property>
        <property name="transform_translation" type="Vector3" container="StaticArray" arraySize="1">
          <containerEntry x="1551.1492" y="-6.091861" z="1994.5071" w="0"></containerEntry>
        </property>
      </staticProperties>
      <dynamicProperties></dynamicProperties>
    </entity>
    <entity class="StaticModelArray" classVersion="4" classID="0xD0" addr="0x31789E0" id="0x0">
      <staticProperties>
        <property name="name" type="String" container="StaticArray" arraySize="1">
          <containerEntry>StaticModelArray0000</containerEntry>
        </property>
        <property name="dataSet" type="EntityHandle" container="StaticArray" arraySize="1">
          <containerEntry>0x32F4450</containerEntry>
        </property>
        <property name="modelFile" type="FilePtr" container="StaticArray" arraySize="1">
          <containerEntry>/Assets/tpp/environ/object/middle_africa/rock/mafr_rock011/scenes/mafr_rock011.fmdl</containerEntry>
        </property>
        <property name="geomFile" type="FilePtr" container="StaticArray" arraySize="1">
          <containerEntry>/Assets/tpp/environ/object/middle_africa/rock/mafr_rock011/scenes/mafr_rock011.geom</containerEntry>
        </property>
        <property name="isVisibleGeom" type="Bool" container="StaticArray" arraySize="1">
          <containerEntry>false</containerEntry>
        </property>
        <property name="lodFarSize" type="Float" container="StaticArray" arraySize="1">
          <containerEntry>-1</containerEntry>
        </property>
        <property name="lodNearSize" type="Float" container="StaticArray" arraySize="1">
          <containerEntry>-1</containerEntry>
        </property>
        <property name="lodPolygonSize" type="Float" container="StaticArray" arraySize="1">
          <containerEntry>-1</containerEntry>
        </property>
        <property name="drawRejectionLevel" type="Int32" container="StaticArray" arraySize="1">
          <containerEntry>8</containerEntry>
        </property>
        <property name="drawMode" type="Int32" container="StaticArray" arraySize="1">
          <containerEntry>0</containerEntry>
        </property>
        <property name="rejectFarRangeShadowCast" type="Int32" container="StaticArray" arraySize="1">
          <containerEntry>2</containerEntry>
        </property>
        <property name="parentLocator" type="EntityLink" container="StaticArray" arraySize="1">
          <containerEntry packagePathHash="0xB8A0BF169F98" archivePathHash="0xB8A0BF169F98" nameInArchiveHash="0xB8A0BF169F98">0x0</containerEntry>
        </property>
        <property name="transforms" type="Matrix4" container="DynamicArray" arraySize="15">
          <containerEntry r11="-0.87509346" r12="0.032804787" r13="-0.48284423" r14="0" r21="0.32999596" r22="0.77023774" r23="-0.54574436" r24="0" r31="0.35400194" r32="-0.6369129" r33="-0.6848559" r34="0" r41="1658.9021" r42="-1.22114" r43="2004.9862" r44="1"></containerEntry>
          <containerEntry r11="-0.039250076" r12="-0.0072660744" r13="-0.9992025" r14="0" r21="0.50006187" r22="0.86560106" r23="-0.025937945" r24="0" r31="0.8650991" r32="-0.5006814" r33="-0.030341327" r34="0" r41="1641.6368" r42="-2.646957" r43="1999.0958" r44="1"></containerEntry>
          <containerEntry r11="0.97951466" r12="0.09524967" r13="0.177422" r14="0" r21="-0.18640457" r22="0.7622103" r23="0.6199103" r24="0" r31="-0.07618664" r32="-0.6402835" r33="0.7643511" r34="0" r41="1648.5137" r42="-1.906831" r43="2007.8833" r44="1"></containerEntry>
          <containerEntry r11="0.42406327" r12="0.030683905" r13="0.90511227" r14="0" r21="-0.5643513" r22="0.79060096" r23="0.23760773" r24="0" r31="-0.70829177" r32="-0.61156225" r33="0.35258138" r34="0" r41="1655.8918" r42="-1.906831" r43="1995.5513" r44="1"></containerEntry>
          <containerEntry r11="0.56557244" r12="0.20348383" r13="-0.7991983" r14="0" r21="0.4570673" r22="0.7292915" r23="0.50913984" r24="0" r31="0.6864503" r32="-0.6532429" r33="0.31946138" r34="0" r41="1658.1611" r42="-2.322223" r43="2015.585" r44="1"></containerEntry>
          <containerEntry r11="-0.90462464" r12="-0.031191386" r13="-0.42506826" r14="0" r21="0.22083089" r22="0.8187095" r23="-0.5300458" r24="0" r31="0.36454034" r32="-0.57336026" r33="-0.73373693" r34="0" r41="1644.5742" r42="-1.906831" r43="2007.8833" r44="1"></containerEntry>
          <containerEntry r11="-0.9304029" r12="0.09215205" r13="0.3547625" r14="0" r21="-0.18404806" r22="0.71955997" r23="-0.6695967" r24="0" r31="-0.3169776" r32="-0.688288" r33="-0.6525203" r34="0" r41="1661.2316" r42="-2.019639" r43="1991.4982" r44="1"></containerEntry>
          <containerEntry r11="0.4596458" r12="0.17081578" r13="0.8715194" r14="0" r21="-0.49967486" r22="0.8610126" r23="0.0947759" r24="0" r31="-0.7342" r32="-0.4790395" r33="0.48111314" r34="0" r41="1654.7219" r42="-3.5961" r43="1977.4551" r44="1"></containerEntry>
          <containerEntry r11="0.9890052" r12="0.14563656" r13="-0.025624804" r14="0" r21="-0.115325004" r22="0.86810917" r23="0.48279047" r24="0" r31="0.09255705" r32="-0.47452712" r33="0.8753601" r34="0" r41="1634.5314" r42="-4.116008" r43="2004.9329" r44="1"></containerEntry>
          <containerEntry r11="0.91551965" r12="-0.06975538" r13="0.3961766" r14="0" r21="-0.25887948" r22="0.651647" r23="0.7129781" r24="0" r31="-0.30790138" r32="-0.7553075" r33="0.5785374" r34="0" r41="1643.8722" r42="-6.575083" r43="2036.6306" r44="1"></containerEntry>
          <containerEntry r11="0.25796694" r12="0.27705997" r13="-0.9255719" r14="0" r21="0.35901162" r22="0.8619151" r23="0.35806566" r24="0" r31="0.8969719" r32="-0.42466104" r33="0.12287813" r34="0" r41="1629.0466" r42="-5.008009" r43="2012.8776" r44="1"></containerEntry>
          <containerEntry r11="0.75091594" r12="-0.010107482" r13="-0.6603173" r14="0" r21="0.2798993" r22="0.9105031" r23="0.3043657" r24="0" r31="0.5981457" r32="-0.41337627" r33="0.68654174" r34="0" r41="1634.6278" r42="-4.587763" r43="1982.908" r44="1"></containerEntry>
          <containerEntry r11="-0.73886824" r12="-0.019068716" r13="-0.67357737" r14="0" r21="0.24930374" r22="0.9209349" r23="-0.2995404" r24="0" r31="0.6260341" r32="-0.38924697" r33="-0.6756971" r34="0" r41="1629.3457" r42="-6.129612" r43="2022.09" r44="1"></containerEntry>
          <containerEntry r11="0.93853897" r12="0.29091433" r13="-0.18575662" r14="0" r21="-0.17711349" r22="0.86782306" r23="0.46423256" r24="0" r31="0.2962564" r32="-0.40280116" r33="0.8660124" r34="0" r41="1645.187" r42="-4.594445" r43="1976.0938" r44="1"></containerEntry>
          <containerEntry r11="-0.14221032" r12="-0.0428932" r13="-0.9889056" r14="0" r21="0.41880727" r22="0.9026209" r23="-0.09937754" r24="0" r31="0.8968696" r32="-0.42829335" r33="-0.11039806" r34="0" r41="1608.8401" r42="-6.633956" r43="2010.1287" r44="1"></containerEntry>
        </property>
        <property name="colors" type="UInt32" container="DynamicArray" arraySize="15">
          <containerEntry>4294967295</containerEntry>
          <containerEntry>4294967295</containerEntry>
          <containerEntry>4294967295</containerEntry>
          <containerEntry>4294967295</containerEntry>
          <containerEntry>4294967295</containerEntry>
          <containerEntry>4294967295</containerEntry>
          <containerEntry>4294967295</containerEntry>
          <containerEntry>4294967295</containerEntry>
          <containerEntry>4294967295</containerEntry>
          <containerEntry>4294967295</containerEntry>
          <containerEntry>4294967295</containerEntry>
          <containerEntry>4294967295</containerEntry>
          <containerEntry>4294967295</containerEntry>
          <containerEntry>4294967295</containerEntry>
          <containerEntry>4294967295</containerEntry>
        </property>
      </staticProperties>
      <dynamicProperties></dynamicProperties>
    </entity>
    <entity class="StaticModelArray" classVersion="4" classID="0xD0" addr="0x3178A50" id="0x0">
      <staticProperties>
        <property name="name" type="String" container="StaticArray" arraySize="1">
          <containerEntry>StaticModelArray0001</containerEntry>
        </property>
        <property name="dataSet" type="EntityHandle" container="StaticArray" arraySize="1">
          <containerEntry>0x32F4450</containerEntry>
        </property>
        <property name="modelFile" type="FilePtr" container="StaticArray" arraySize="1">
          <containerEntry>/Assets/tpp/environ/object/middle_africa/tree/mafr_tree010/scenes/mafr_tree010_dead001.fmdl</containerEntry>
        </property>
        <property name="geomFile" type="FilePtr" container="StaticArray" arraySize="1">
          <containerEntry>/Assets/tpp/environ/object/middle_africa/tree/mafr_tree010/scenes/mafr_tree010_dead001.geom</containerEntry>
        </property>
        <property name="isVisibleGeom" type="Bool" container="StaticArray" arraySize="1">
          <containerEntry>false</containerEntry>
        </property>
        <property name="lodFarSize" type="Float" container="StaticArray" arraySize="1">
          <containerEntry>-1</containerEntry>
        </property>
        <property name="lodNearSize" type="Float" container="StaticArray" arraySize="1">
          <containerEntry>-1</containerEntry>
        </property>
        <property name="lodPolygonSize" type="Float" container="StaticArray" arraySize="1">
          <containerEntry>-1</containerEntry>
        </property>
        <property name="drawRejectionLevel" type="Int32" container="StaticArray" arraySize="1">
          <containerEntry>8</containerEntry>
        </property>
        <property name="drawMode" type="Int32" container="StaticArray" arraySize="1">
          <containerEntry>0</containerEntry>
        </property>
        <property name="rejectFarRangeShadowCast" type="Int32" container="StaticArray" arraySize="1">
          <containerEntry>2</containerEntry>
        </property>
        <property name="parentLocator" type="EntityLink" container="StaticArray" arraySize="1">
          <containerEntry packagePathHash="0xB8A0BF169F98" archivePathHash="0xB8A0BF169F98" nameInArchiveHash="0xB8A0BF169F98">0x0</containerEntry>
        </property>
        <property name="transforms" type="Matrix4" container="DynamicArray" arraySize="2">
          <containerEntry r11="0.94898605" r12="0" r13="-0.31531796" r14="0" r21="0" r22="1" r23="0" r24="0" r31="0.31531796" r32="0" r33="0.94898605" r34="0" r41="1648.4696" r42="1.664282" r43="2004.0322" r44="1"></containerEntry>
          <containerEntry r11="0.94898605" r12="0" r13="-0.31531796" r14="0" r21="0" r22="1" r23="0" r24="0" r31="0.31531796" r32="0" r33="0.94898605" r34="0" r41="1598.0168" r42="-5.680073" r43="1983.3774" r44="1"></containerEntry>
        </property>
        <property name="colors" type="UInt32" container="DynamicArray" arraySize="2">
          <containerEntry>4294967295</containerEntry>
          <containerEntry>4294967295</containerEntry>
        </property>
      </staticProperties>
      <dynamicProperties></dynamicProperties>
    </entity>
    <entity class="TexturePackLoadConditioner" classVersion="0" classID="0x48" addr="0x3178F20" id="0x0">
      <staticProperties>
        <property name="name" type="String" container="StaticArray" arraySize="1">
          <containerEntry>TexturePackLoadConditioner0000</containerEntry>
        </property>
        <property name="dataSet" type="EntityHandle" container="StaticArray" arraySize="1">
          <containerEntry>0x32F4450</containerEntry>
        </property>
        <property name="texturePackPath" type="Path" container="StaticArray" arraySize="1">
          <containerEntry hash="0xB8A0BF169F98"></containerEntry>
        </property>
      </staticProperties>
      <dynamicProperties></dynamicProperties>
    </entity>
  </entities>
</fox>