<fox formatVersion="2" fileVersion="0">
  <entities>
    <entity class="DataSet" classVersion="0" classID="0xE8" addr="0x32F46F0" id="0xAAFA1F">
      <staticProperties>
        <property name="name" type="String" container="StaticArray" arraySize="1">
          <containerEntry hash="0xB8A0BF169F98"></containerEntry>
        </property>
        <property name="dataSet" type="EntityHandle" container="StaticArray" arraySize="1">
          <containerEntry>0x0</containerEntry>
        </property>
        <property name="dataList" type="EntityPtr" container="StringMap" arraySize="8">
          <containerEntry key="StaticModelArray0000">
            <data>0x317E860</data>
          </containerEntry>
          <containerEntry key="StaticModelArray0001">
            <data>0x317E8D0</data>
          </containerEntry>
          <containerEntry key="StaticModelArray0002">
            <data>0x317E390</data>
          </containerEntry>
          <containerEntry key="StaticModelArray0003">
            <data>0x317BA00</data>
          </containerEntry>
          <containerEntry key="StaticModelArray0004">
            <data>0x317E1D0</data>
          </containerEntry>
          <containerEntry key="StaticModelArray0005">
            <data>0x317E240</data>
          </containerEntry>
          <containerEntry key="StaticModelArray0006">
            <data>0x317E2B0</data>
          </containerEntry>
          <containerEntry key="TexturePackLoadConditioner0000">
            <data>0x317EFD0</data>
          </containerEntry>
        </property>
      </staticProperties>
      <dynamicProperties></dynamicProperties>
    </entity>
    <entity class="StaticModelArray" classVersion="4" classID="0xD0" addr="0x317E860" id="0x0">
      <staticProperties>
        <property name="name" type="String" container="StaticArray" arraySize="1">
          <containerEntry>StaticModelArray0000</containerEntry>
        </property>
        <property name="dataSet" type="EntityHandle" container="StaticArray" arraySize="1">
          <containerEntry>0x32F46F0</containerEntry>
        </property>
        <property name="modelFile" type="FilePtr" container="StaticArray" arraySize="1">
          <containerEntry>/Assets/tpp/environ/object/middle_africa/rock/mafr_rock001/scenes/mafr_rock001_vrtn002.fmdl</containerEntry>
        </property>
        <property name="geomFile" type="FilePtr" container="StaticArray" arraySize="1">
          <containerEntry>/Assets/tpp/environ/object/middle_africa/rock/mafr_rock001/scenes/mafr_rock001_vrtn002.geom</containerEntry>
        </property>
        <property name="isVisibleGeom" type="Bool" container="StaticArray" arraySize="1">
          <containerEntry>false</containerEntry>
        </property>
        <property name="lodFarSize" type="Float" container="StaticArray" arraySize="1">
          <containerEntry>-1</containerEntry>
        </property>
        <property name="lodNearSize" type="Float" container="StaticArray" arraySize="1">
          <containerEntry>-1</containerEntry>
        </property>
        <property name="lodPolygonSize" type="Float" container="StaticArray" arraySize="1">
          <containerEntry>-1</containerEntry>
        </property>
        <property name="drawRejectionLevel" type="Int32" container="StaticArray" arraySize="1">
          <containerEntry>5</containerEntry>
        </property>
        <property name="drawMode" type="Int32" container="StaticArray" arraySize="1">
          <containerEntry>0</containerEntry>
        </property>
        <property name="rejectFarRangeShadowCast" type="Int32" container="StaticArray" arraySize="1">
          <containerEntry>2</containerEntry>
        </property>
        <property name="parentLocator" type="EntityLink" container="StaticArray" arraySize="1">
          <containerEntry packagePathHash="0xB8A0BF169F98" archivePathHash="0xB8A0BF169F98" nameInArchiveHash="0xB8A0BF169F98">0x0</containerEntry>
        </property>
        <property name="transforms" type="Matrix4" container="DynamicArray" arraySize="5">
          <containerEntry r11="-0.32894218" r12="0" r13="0.94434917" r14="0" r21="0" r22="1" r23="0" r24="0" r31="-0.94434917" r32="0" r33="-0.32894218" r34="0" r41="1784.4695" r42="-4.07729" r43="1459.4406" r44="1"></containerEntry>
          <containerEntry r11="0.20513624" r12="0" r13="0.9787339" r14="0" r21="0" r22="1" r23="0" r24="0" r31="-0.9787339" r32="0" r33="0.20513624" r34="0" r41="1784.4695" r42="-4.07729" r43="1465.761" r44="1"></containerEntry>
          <containerEntry r11="-0.32894218" r12="0" r13="0.94434917" r14="0" r21="0" r22="1" r23="0" r24="0" r31="-0.94434917" r32="0" r33="-0.32894218" r34="0" r41="1786.756" r42="-3.309414" r43="1486.2347" r44="1"></containerEntry>
          <containerEntry r11="0.40354955" r12="0" r13="0.91495675" r14="0" r21="0" r22="1" r23="0" r24="0" r31="-0.91495675" r32="0" r33="0.40354955" r34="0" r41="1787.723" r42="-3.309414" r43="1492.2379" r44="1"></containerEntry>
          <containerEntry r11="-0.5699206" r12="0.17751388" r13="0.8022954" r14="0" r21="0.359811" r22="0.93171394" r23="0.04944788" r24="0" r31="-0.73873204" r32="0.31685627" r33="-0.5948744" r34="0" r41="1749.9792" r42="-7.324474" r43="1462.9458" r44="1"></containerEntry>
        </property>
        <property name="colors" type="UInt32" container="DynamicArray" arraySize="5">
          <containerEntry>4294967295</containerEntry>
          <containerEntry>4294967295</containerEntry>
          <containerEntry>4294967295</containerEntry>
          <containerEntry>4294967295</containerEntry>
          <containerEntry>4294967295</containerEntry>
        </property>
      </staticProperties>
      <dynamicProperties></dynamicProperties>
    </entity>
    <entity class="StaticModelArray" classVersion="4" classID="0xD0" addr="0x317E8D0" id="0x0">
      <staticProperties>
        <property name="name" type="String" container="StaticArray" arraySize="1">
          <containerEntry>StaticModelArray0001</containerEntry>
        </property>
        <property name="dataSet" type="EntityHandle" container="StaticArray" arraySize="1">
          <containerEntry>0x32F46F0</containerEntry>
        </property>
        <property name="modelFile" type="FilePtr" container="StaticArray" arraySize="1">
          <containerEntry>/Assets/tpp/environ/object/middle_africa/cliff/mafr_clff004/scenes/mafr_clff004.fmdl</containerEntry>
        </property>
        <property name="geomFile" type="FilePtr" container="StaticArray" arraySize="1">
          <containerEntry>/Assets/tpp/environ/object/middle_africa/cliff/mafr_clff004/scenes/mafr_clff004.geom</containerEntry>
        </property>
        <property name="isVisibleGeom" type="Bool" container="StaticArray" arraySize="1">
          <containerEntry>false</containerEntry>
        </property>
        <property name="lodFarSize" type="Float" container="StaticArray" arraySize="1">
          <containerEntry>-1</containerEntry>
        </property>
        <property name="lodNearSize" type="Float" container="StaticArray" arraySize="1">
          <containerEntry>-1</containerEntry>
        </property>
        <property name="lodPolygonSize" type="Float" container="StaticArray" arraySize="1">
          <containerEntry>-1</containerEntry>
        </property>
        <property name="drawRejectionLevel" type="Int32" container="StaticArray" arraySize="1">
          <containerEntry>5</containerEntry>
        </property>
        <property name="drawMode" type="Int32" container="StaticArray" arraySize="1">
          <containerEntry>0</containerEntry>
        </property>
        <property name="rejectFarRangeShadowCast" type="Int32" container="StaticArray" arraySize="1">
          <containerEntry>2</containerEntry>
        </property>
        <property name="parentLocator" type="EntityLink" container="StaticArray" arraySize="1">
          <containerEntry packagePathHash="0xB8A0BF169F98" archivePathHash="0xB8A0BF169F98" nameInArchiveHash="0xB8A0BF169F98">0x0</containerEntry>
        </property>
        <property name="transforms" type="Matrix4" container="DynamicArray" arraySize="3">
          <containerEntry r11="0.84429574" r12="0.02145452" r13="0.53544766" r14="0" r21="0.21537751" r22="0.9013568" r23="-0.37572363" r24="0" r31="-0.49069032" r32="0.43254527" r33="0.7563909" r34="0" r41="1769.3776" r42="-3.139968" r43="1487.9761" r44="1"></containerEntry>
          <containerEntry r11="0.61628604" r12="-0.035423934" r13="0.78672457" r14="0" r21="0.29617152" r22="0.93607473" r23="-0.1898587" r24="0" r31="-0.72970736" r32="0.35001293" r33="0.58738136" r34="0" r41="1756.7764" r42="-3.62068" r43="1476.9227" r44="1"></containerEntry>
          <containerEntry r11="0.86278665" r12="0.09194827" r13="0.49713677" r14="0" r21="0.1321423" r22="0.908126" r23="-0.39729804" r24="0" r31="-0.48799372" r32="0.40847623" r33="0.77136874" r34="0" r41="1709.9182" r42="-4.662733" r43="1441.4777" r44="1"></containerEntry>
        </property>
        <property name="colors" type="UInt32" container="DynamicArray" arraySize="3">
          <containerEntry>4294967295</containerEntry>
          <containerEntry>4294967295</containerEntry>
          <containerEntry>4294967295</containerEntry>
        </property>
      </staticProperties>
      <dynamicProperties></dynamicProperties>
    </entity>
    <entity class="StaticModelArray" classVersion="4" classID="0xD0" addr="0x317E390" id="0x0">
      <staticProperties>
        <property name="name" type="String" container="StaticArray" arraySize="1">
          <containerEntry>StaticModelArray0002</containerEntry>
        </property>
        <property name="dataSet" type="EntityHandle" container="StaticArray" arraySize="1">
          <containerEntry>0x32F46F0</containerEntry>
        </property>
        <property name="modelFile" type="FilePtr" container="StaticArray" arraySize="1">
          <containerEntry>/Assets/tpp/environ/object/middle_africa/rock/mafr_rock001/scenes/mafr_rock001_vrtn003.fmdl</containerEntry>
        </property>
        <property name="geomFile" type="FilePtr" container="StaticArray" arraySize="1">
          <containerEntry>/Assets/tpp/environ/object/middle_africa/rock/mafr_rock001/scenes/mafr_rock001_vrtn003.geom</containerEntry>
        </property>
        <property name="isVisibleGeom" type="Bool" container="StaticArray" arraySize="1">
          <containerEntry>false</containerEntry>
        </property>
        <property name="lodFarSize" type="Float" container="StaticArray" arraySize="1">
          <containerEntry>-1</containerEntry>
        </property>
        <property name="lodNearSize" type="Float" container="StaticArray" arraySize="1">
          <containerEntry>-1</containerEntry>
        </property>
        <property name="lodPolygonSize" type="Float" container="StaticArray" arraySize="1">
          <containerEntry>-1</containerEntry>
        </property>
        <property name="drawRejectionLevel" type="Int32" container="StaticArray" arraySize="1">
          <containerEntry>8</containerEntry>
        </property>
        <property name="drawMode" type="Int32" container="StaticArray" arraySize="1">
          <containerEntry>0</containerEntry>
        </property>
        <property name="rejectFarRangeShadowCast" type="Int32" container="StaticArray" arraySize="1">
          <containerEntry>2</containerEntry>
        </property>
        <property name="parentLocator" type="EntityLink" container="StaticArray" arraySize="1">
          <containerEntry packagePathHash="0xB8A0BF169F98" archivePathHash="0xB8A0BF169F98" nameInArchiveHash="0xB8A0BF169F98">0x0</containerEntry>
        </property>
        <property name="transforms" type="Matrix4" container="DynamicArray" arraySize="13">
          <containerEntry r11="0.79828244" r12="0.09509688" r13="0.5947281" r14="0" r21="-0.14332426" r22="0.9890838" r23="0.034224782" r24="0" r31="-0.5849813" r32="-0.11256005" r33="0.803198" r34="0" r41="1778.3904" r42="-2.737169" r43="1444.1296" r44="1"></containerEntry>
          <containerEntry r11="0.8598671" r12="0.083834164" r13="-0.5035871" r14="0" r21="-0.06316065" r22="0.9963157" r23="0.05801478" r24="0" r31="0.5065954" r32="-0.018078057" r33="0.86199415" r34="0" r41="1760.5101" r42="-4.134959" r43="1441.1627" r44="1"></containerEntry>
          <containerEntry r11="-0.79694736" r12="-0.14069588" r13="-0.5874282" r14="0" r21="-0.16526477" r22="0.9861763" r23="-0.011989523" r24="0" r31="0.5809946" r32="0.08752632" r33="-0.8091827" r34="0" r41="1761.6823" r42="-3.942007" r43="1455.797" r44="1"></containerEntry>
          <containerEntry r11="0.8978797" r12="0.059465777" r13="0.43620583" r14="0" r21="-0.09525062" r22="0.9936065" r23="0.060608905" r24="0" r31="-0.42981276" r32="-0.09596844" r33="0.89780325" r34="0" r41="1708.6648" r42="-6.753629" r43="1445.7123" r44="1"></containerEntry>
          <containerEntry r11="-0.989364" r12="-0.13050686" r13="-0.06420073" r14="0" r21="-0.13706945" r22="0.98426586" r23="0.111501634" r24="0" r31="0.048638843" r32="0.11911596" r33="-0.9916857" r34="0" r41="1699.0929" r42="-5.721552" r43="1435.0104" r44="1"></containerEntry>
          <containerEntry r11="-0.94231004" r12="-0.07403179" r13="-0.32646456" r14="0" r21="-0.086589865" r22="0.99595296" r23="0.024082206" r24="0" r31="0.32336047" r32="0.05096127" r33="-0.9449069" r34="0" r41="1749.3688" r42="-7.463062" r43="1489.5419" r44="1"></containerEntry>
          <containerEntry r11="-0.34947512" r12="-0.073787436" r13="-0.93403476" r14="0" r21="-0.21794127" r22="0.97595173" r23="0.004445486" r24="0" r31="0.9112448" r32="0.20511845" r33="-0.35715216" r34="0" r41="1779.8052" r42="-2.001655" r43="1449.8057" r44="1"></containerEntry>
          <containerEntry r11="0.17605306" r12="0.069260895" r13="0.98194116" r14="0" r21="0.017700644" r22="0.99713767" r23="-0.07350635" r24="0" r31="-0.98422164" r32="0.030322015" r33="0.1743232" r34="0" r41="1787.0538" r42="-0.251728" r43="1461.7058" r44="1"></containerEntry>
          <containerEntry r11="0.3315663" r12="-0.057428457" r13="-0.9416828" r14="0" r21="0.10332015" r22="1.0988853" r23="-0.030636413" r24="0" r31="0.9387803" r32="-0.07891698" r33="0.33535707" r34="0" r41="1755.5881" r42="-4.0067477" r43="1461.7438" r44="1"></containerEntry>
          <containerEntry r11="-0.0369571" r12="-0.12686005" r13="0.99123096" r14="0" r21="-0.17475414" r22="0.97744554" r23="0.118579954" r24="0" r31="-0.98391736" r32="-0.1688394" r33="-0.058292866" r34="0" r41="1745.0289" r42="-6.072971" r43="1464.8108" r44="1"></containerEntry>
          <containerEntry r11="-0.73998606" r12="0.009747915" r13="-0.67254776" r14="0" r21="-0.14903596" r22="0.97266454" r23="0.17807835" r24="0" r31="0.6558992" r32="0.23200992" r33="-0.7183053" r34="0" r41="1727.8446" r42="-5.497225" r43="1446.548" r44="1"></containerEntry>
          <containerEntry r11="-0.41690424" r12="0.06926133" r13="-0.90630764" r14="0" r21="0.0015360902" r22="1.162453" r23="0.08812972" r24="0" r31="0.9089493" r32="0.030322352" r33="-0.41580218" r34="0" r41="1789.4635" r42="0.26980138" r43="1490.1805" r44="1"></containerEntry>
          <containerEntry r11="0.42552605" r12="0.0023794174" r13="0.90494096" r14="0" r21="0.14046276" r22="0.9877033" r23="-0.068645656" r24="0" r31="-0.89397657" r32="0.1563213" r33="0.4199593" r34="0" r41="1714.7935" r42="-5.192346" r43="1428.5176" r44="1"></containerEntry>
        </property>
        <property name="colors" type="UInt32" container="DynamicArray" arraySize="13">
          <containerEntry>4294967295</containerEntry>
          <containerEntry>4294967295</containerEntry>
          <containerEntry>4294967295</containerEntry>
          <containerEntry>4294967295</containerEntry>
          <containerEntry>4294967295</containerEntry>
          <containerEntry>4294967295</containerEntry>
          <containerEntry>4294967295</containerEntry>
          <containerEntry>4294967295</containerEntry>
          <containerEntry>4294967295</containerEntry>
          <containerEntry>4294967295</containerEntry>
          <containerEntry>4294967295</containerEntry>
          <containerEntry>4294967295</containerEntry>
          <containerEntry>4294967295</containerEntry>
        </property>
      </staticProperties>
      <dynamicProperties></dynamicProperties>
    </entity>
    <entity class="StaticModelArray" classVersion="4" classID="0xD0" addr="0x317BA00" id="0x0">
      <staticProperties>
        <property name="name" type="String" container="StaticArray" arraySize="1">
          <containerEntry>StaticModelArray0003</containerEntry>
        </property>
        <property name="dataSet" type="EntityHandle" container="StaticArray" arraySize="1">
          <containerEntry>0x32F46F0</containerEntry>
        </property>
        <property name="modelFile" type="FilePtr" container="StaticArray" arraySize="1">
          <containerEntry>/Assets/tpp/environ/object/middle_africa/rock/mafr_rock002/scenes/mafr_rock002.fmdl</containerEntry>
        </property>
        <property name="geomFile" type="FilePtr" container="StaticArray" arraySize="1">
          <containerEntry>/Assets/tpp/environ/object/middle_africa/rock/mafr_rock002/scenes/mafr_rock002.geom</containerEntry>
        </property>
        <property name="isVisibleGeom" type="Bool" container="StaticArray" arraySize="1">
          <containerEntry>false</containerEntry>
        </property>
        <property name="lodFarSize" type="Float" container="StaticArray" arraySize="1">
          <containerEntry>-1</containerEntry>
        </property>
        <property name="lodNearSize" type="Float" container="StaticArray" arraySize="1">
          <containerEntry>-1</containerEntry>
        </property>
        <property name="lodPolygonSize" type="Float" container="StaticArray" arraySize="1">
          <containerEntry>-1</containerEntry>
        </property>
        <property name="drawRejectionLevel" type="Int32" container="StaticArray" arraySize="1">
          <containerEntry>8</containerEntry>
        </property>
        <property name="drawMode" type="Int32" container="StaticArray" arraySize="1">
          <containerEntry>0</containerEntry>
        </property>
        <property name="rejectFarRangeShadowCast" type="Int32" container="StaticArray" arraySize="1">
          <containerEntry>2</containerEntry>
        </property>
        <property name="parentLocator" type="EntityLink" container="StaticArray" arraySize="1">
          <containerEntry packagePathHash="0xB8A0BF169F98" archivePathHash="0xB8A0BF169F98" nameInArchiveHash="0xB8A0BF169F98">0x0</containerEntry>
        </property>
        <property name="transforms" type="Matrix4" container="DynamicArray" arraySize="25">
          <containerEntry r11="-0.41856104" r12="0.08238017" r13="-0.9044452" r14="0" r21="0.023905842" r22="0.99653184" r23="0.07970469" r24="0" r31="0.90787446" r32="0.011739663" r33="-0.41907877" r34="0" r41="1708.4978" r42="-10.717177" r43="1495.6697" r44="1"></containerEntry>
          <containerEntry r11="-0.4032864" r12="-0.025078468" r13="0.9147262" r14="0" r21="0.009963512" r22="0.9994448" r23="0.03179385" r24="0" r31="-0.91501564" r32="0.02193601" r33="-0.4028126" r34="0" r41="1707.8091" r42="-9.785546" r43="1490.0178" r44="1"></containerEntry>
          <containerEntry r11="0.70676607" r12="0.020457994" r13="0.70714873" r14="0" r21="0.0010607336" r22="0.99955" r23="-0.029977407" r24="0" r31="-0.7074438" r32="0.021937113" r33="0.7064264" r34="0" r41="1713.8036" r42="-9.523246" r43="1496.9775" r44="1"></containerEntry>
          <containerEntry r11="-0.99201983" r12="-0.009959147" r13="0.12567428" r14="0" r21="0.023023248" r22="0.965798" r23="0.2582712" r24="0" r31="-0.123948134" r32="0.25910378" r33="-0.95786154" r34="0" r41="1721.5822" r42="-10.276752" r43="1501.4973" r44="1"></containerEntry>
          <containerEntry r11="-0.25908333" r12="0.020457644" r13="0.96563405" r14="0" r21="0.026491312" r22="0.99955004" r23="-0.014068412" r24="0" r31="-0.9654873" r32="0.02193603" r33="-0.25950873" r34="0" r41="1747.6832" r42="-6.949985" r43="1516.5481" r44="1"></containerEntry>
          <containerEntry r11="-0.6036903" r12="0.020456027" r13="-0.7969527" r14="0" r21="-0.005142122" r22="0.99955" r23="0.029551394" r24="0" r31="0.79719865" r32="0.021937948" r33="-0.6033135" r34="0" r41="1747.6578" r42="-7.705812" r43="1525.5444" r44="1"></containerEntry>
          <containerEntry r11="0.5235084" r12="0.020457823" r13="-0.85177326" r14="0" r21="-0.029401934" r22="0.99955004" r23="0.0059363963" r24="0" r31="0.8515106" r32="0.021936025" r33="0.5238738" r34="0" r41="1746.1633" r42="-8.279463" r43="1511.2991" r44="1"></containerEntry>
          <containerEntry r11="-0.9938242" r12="0.020458234" r13="0.109050415" r14="0" r21="0.022724584" r22="0.99955004" r23="0.019580137" r24="0" r31="-0.10860077" r32="0.021937348" r33="-0.9938419" r34="0" r41="1754.5555" r42="-6.947454" r43="1508.0579" r44="1"></containerEntry>
          <containerEntry r11="0.5083971" r12="0.020457797" r13="-0.8608752" r14="0" r21="-0.029292988" r22="0.99955" r23="0.006454057" r24="0" r31="0.86061984" r32="0.021936433" r33="0.50876766" r34="0" r41="1766.352" r42="-5.258537" r43="1528.9393" r44="1"></containerEntry>
          <containerEntry r11="-0.4020769" r12="-0.13074465" r13="0.9062208" r14="0" r21="-0.032787558" r22="0.9911734" r23="0.12845367" r24="0" r31="-0.9150165" r32="0.021935597" r33="-0.4028147" r34="0" r41="1709.8861" r42="-7.493049" r43="1466.4624" r44="1"></containerEntry>
          <containerEntry r11="0.9989819" r12="0.03983314" r13="0.02113063" r14="0" r21="-0.03954483" r22="0.99912125" r23="-0.013893138" r24="0" r31="-0.021665469" r32="0.013043386" r33="0.9996792" r34="0" r41="1737.3508" r42="-4.460057" r43="1448.5646" r44="1"></containerEntry>
          <containerEntry r11="0.082463846" r12="0.04126016" r13="-0.995738" r14="0" r21="-0.06382701" r22="0.99731004" r23="0.036039364" r24="0" r31="0.99454653" r32="0.060583096" r33="0.084875554" r34="0" r41="1733.6632" r42="-4.282554" r43="1442.8031" r44="1"></containerEntry>
          <containerEntry r11="0.32906684" r12="-0.013059981" r13="0.9442141" r14="0" r21="-0.063826896" r22="0.99731004" r23="0.03603848" r24="0" r31="-0.9421449" r32="-0.07212538" r33="0.32734808" r34="0" r41="1736.3458" r42="-3.392415" r43="1444.8779" r44="1"></containerEntry>
          <containerEntry r11="-0.18943849" r12="0.03983297" r13="-0.98108184" r14="0" r21="-0.0052654874" r22="0.9991212" r23="0.04158207" r24="0" r31="0.981876" r32="0.01304318" r33="-0.18906228" r34="0" r41="1772.3622" r42="-2.153261" r43="1484.1736" r44="1"></containerEntry>
          <containerEntry r11="-0.94475925" r12="0.04125974" r13="0.32514608" r14="0" r21="0.05867424" r22="0.99731004" r23="0.043932334" r24="0" r31="-0.3224588" r32="0.06058333" r33="-0.9446387" r34="0" r41="1703.0237" r42="-5.017926" r43="1420.357" r44="1"></containerEntry>
          <containerEntry r11="0.94165665" r12="0.041260622" r13="-0.334033" r14="0" r21="-0.059086245" r22="0.99731004" r23="-0.043376803" r24="0" r31="0.33134472" r32="0.060582846" r33="0.9415615" r34="0" r41="1705.9048" r42="-5.017926" r43="1421.3214" r44="1"></containerEntry>
          <containerEntry r11="0.7410446" r12="0.020458447" r13="0.67114234" r14="0" r21="-0.00043134112" r22="0.99955" r23="-0.029993026" r24="0" r31="-0.67145395" r32="0.021936676" r33="0.74072" r34="0" r41="1712.9734" r42="-8.147132" r43="1474.286" r44="1"></containerEntry>
          <containerEntry r11="-0.68409663" r12="0.027157327" r13="-0.72888404" r14="0" r21="-0.09137268" r22="0.98824364" r23="0.122578904" r24="0" r31="0.72364396" r32="0.15045594" r33="-0.6735727" r34="0" r41="1714.088" r42="-4.444808" r43="1438.23" r44="1"></containerEntry>
          <containerEntry r11="0.95057994" r12="0.006115604" r13="-0.3104198" r14="0" r21="-0.05193939" r22="0.98884916" r23="-0.13956945" r24="0" r31="0.30610478" r32="0.14879493" r33="0.9402977" r34="0" r41="1769.9519" r42="-2.963768" r43="1435.6367" r44="1"></containerEntry>
          <containerEntry r11="0.67892706" r12="0.012710411" r13="0.734096" r14="0" r21="0.04993741" r22="0.99673533" r23="-0.0634424" r24="0" r31="-0.73250574" r32="0.079731606" r33="0.6760758" r34="0" r41="1788.1917" r42="-0.333672" r43="1443.0177" r44="1"></containerEntry>
          <containerEntry r11="-0.5846353" r12="0.0398332" r13="-0.8103141" r14="0" r21="0.012719365" r22="0.99912125" r23="0.039937522" r24="0" r31="0.8111929" r32="0.0130422665" r33="-0.5846282" r34="0" r41="1760.1702" r42="-2.436302" r43="1478.8762" r44="1"></containerEntry>
          <containerEntry r11="-0.59631234" r12="0.02045886" r13="-0.80248827" r14="0" r21="-0.005412471" r22="0.99955" r23="0.02950468" r24="0" r31="0.80273074" r32="0.021937508" r33="-0.59593326" r34="0" r41="1725.6918" r42="-5.536565" r43="1462.6444" r44="1"></containerEntry>
          <containerEntry r11="-0.16190398" r12="0.1215572" r13="-0.97929007" r14="0" r21="-0.032787085" r22="0.99117345" r23="0.12845288" r24="0" r31="0.9862607" r32="0.052905086" r33="-0.15648945" r34="0" r41="1676.8137" r42="-7.493049" r43="1446.804" r44="1"></containerEntry>
          <containerEntry r11="-0.5064907" r12="0.121557616" r13="0.8536323" r14="0" r21="0.107778385" r22="0.99117345" r23="-0.07719469" r24="0" r31="-0.8554812" r32="0.052904718" r33="-0.5151214" r34="0" r41="1679.9974" r42="-7.493049" r43="1437.5162" r44="1"></containerEntry>
          <containerEntry r11="0.82083094" r12="-0.009960179" r13="-0.57108253" r14="0" r21="-0.14008802" r22="0.96579796" r23="-0.21819629" r24="0" r31="0.5537237" r32="0.2591041" r33="0.7913616" r34="0" r41="1703.8884" r42="-10.611313" r43="1516.1449" r44="1"></containerEntry>
        </property>
        <property name="colors" type="UInt32" container="DynamicArray" arraySize="25">
          <containerEntry>4294967295</containerEntry>
          <containerEntry>4294967295</containerEntry>
          <containerEntry>4294967295</containerEntry>
          <containerEntry>4294967295</containerEntry>
          <containerEntry>4294967295</containerEntry>
          <containerEntry>4294967295</containerEntry>
          <containerEntry>4294967295</containerEntry>
          <containerEntry>4294967295</containerEntry>
          <containerEntry>4294967295</containerEntry>
          <containerEntry>4294967295</containerEntry>
          <containerEntry>4294967295</containerEntry>
          <containerEntry>4294967295</containerEntry>
          <containerEntry>4294967295</containerEntry>
          <containerEntry>4294967295</containerEntry>
          <containerEntry>4294967295</containerEntry>
          <containerEntry>4294967295</containerEntry>
          <containerEntry>4294967295</containerEntry>
          <containerEntry>4294967295</containerEntry>
          <containerEntry>4294967295</containerEntry>
          <containerEntry>4294967295</containerEntry>
          <containerEntry>4294967295</containerEntry>
          <containerEntry>4294967295</containerEntry>
          <containerEntry>4294967295</containerEntry>
          <containerEntry>4294967295</containerEntry>
          <containerEntry>4294967295</containerEntry>
        </property>
      </staticProperties>
      <dynamicProperties></dynamicProperties>
    </entity>
    <entity class="StaticModelArray" classVersion="4" classID="0xD0" addr="0x317E1D0" id="0x0">
      <staticProperties>
        <property name="name" type="String" container="StaticArray" arraySize="1">
          <containerEntry>StaticModelArray0004</containerEntry>
        </property>
        <property name="dataSet" type="EntityHandle" container="StaticArray" arraySize="1">
          <containerEntry>0x32F46F0</containerEntry>
        </property>
        <property name="modelFile" type="FilePtr" container="StaticArray" arraySize="1">
          <containerEntry>/Assets/tpp/environ/object/middle_africa/rock/mafr_rock001/scenes/mafr_rock001_vrtn001.fmdl</containerEntry>
        </property>
        <property name="geomFile" type="FilePtr" container="StaticArray" arraySize="1">
          <containerEntry>/Assets/tpp/environ/object/middle_africa/rock/mafr_rock001/scenes/mafr_rock001_vrtn001.geom</containerEntry>
        </property>
        <property name="isVisibleGeom" type="Bool" container="StaticArray" arraySize="1">
          <containerEntry>false</containerEntry>
        </property>
        <property name="lodFarSize" type="Float" container="StaticArray" arraySize="1">
          <containerEntry>-1</containerEntry>
        </property>
        <property name="lodNearSize" type="Float" container="StaticArray" arraySize="1">
          <containerEntry>-1</containerEntry>
        </property>
        <property name="lodPolygonSize" type="Float" container="StaticArray" arraySize="1">
          <containerEntry>-1</containerEntry>
        </property>
        <property name="drawRejectionLevel" type="Int32" container="StaticArray" arraySize="1">
          <containerEntry>5</containerEntry>
        </property>
        <property name="drawMode" type="Int32" container="StaticArray" arraySize="1">
          <containerEntry>0</containerEntry>
        </property>
        <property name="rejectFarRangeShadowCast" type="Int32" container="StaticArray" arraySize="1">
          <containerEntry>2</containerEntry>
        </property>
        <property name="parentLocator" type="EntityLink" container="StaticArray" arraySize="1">
          <containerEntry packagePathHash="0xB8A0BF169F98" archivePathHash="0xB8A0BF169F98" nameInArchiveHash="0xB8A0BF169F98">0x0</containerEntry>
        </property>
        <property name="transforms" type="Matrix4" container="DynamicArray" arraySize="2">
          <containerEntry r11="0.9464015" r12="-0.22667569" r13="-0.23008339" r14="0" r21="0.16604643" r22="0.9524776" r23="-0.2553723" r24="0" r31="0.27703595" r32="0.20348017" r33="0.93906486" r34="0" r41="1776.165" r42="-2.814373" r43="1453.0122" r44="1"></containerEntry>
          <containerEntry r11="-0.24939016" r12="-0.22667612" r13="0.9414999" r14="0" r21="0.14519317" r22="0.9524775" r23="0.26777875" r24="0" r31="-0.9574565" r32="0.20348084" r33="-0.20462668" r34="0" r41="1668.9836" r42="-12.407479" r43="1515.8413" r44="1"></containerEntry>
        </property>
        <property name="colors" type="UInt32" container="DynamicArray" arraySize="2">
          <containerEntry>4294967295</containerEntry>
          <containerEntry>4294967295</containerEntry>
        </property>
      </staticProperties>
      <dynamicProperties></dynamicProperties>
    </entity>
    <entity class="StaticModelArray" classVersion="4" classID="0xD0" addr="0x317E240" id="0x0">
      <staticProperties>
        <property name="name" type="String" container="StaticArray" arraySize="1">
          <containerEntry>StaticModelArray0005</containerEntry>
        </property>
        <property name="dataSet" type="EntityHandle" container="StaticArray" arraySize="1">
          <containerEntry>0x32F46F0</containerEntry>
        </property>
        <property name="modelFile" type="FilePtr" container="StaticArray" arraySize="1">
          <containerEntry>/Assets/tpp/environ/object/middle_africa/rock/mafr_rock001/scenes/mafr_rock001.fmdl</containerEntry>
        </property>
        <property name="geomFile" type="FilePtr" container="StaticArray" arraySize="1">
          <containerEntry>/Assets/tpp/environ/object/middle_africa/rock/mafr_rock001/scenes/mafr_rock001.geom</containerEntry>
        </property>
        <property name="isVisibleGeom" type="Bool" container="StaticArray" arraySize="1">
          <containerEntry>false</containerEntry>
        </property>
        <property name="lodFarSize" type="Float" container="StaticArray" arraySize="1">
          <containerEntry>-1</containerEntry>
        </property>
        <property name="lodNearSize" type="Float" container="StaticArray" arraySize="1">
          <containerEntry>-1</containerEntry>
        </property>
        <property name="lodPolygonSize" type="Float" container="StaticArray" arraySize="1">
          <containerEntry>-1</containerEntry>
        </property>
        <property name="drawRejectionLevel" type="Int32" container="StaticArray" arraySize="1">
          <containerEntry>8</containerEntry>
        </property>
        <property name="drawMode" type="Int32" container="StaticArray" arraySize="1">
          <containerEntry>0</containerEntry>
        </property>
        <property name="rejectFarRangeShadowCast" type="Int32" container="StaticArray" arraySize="1">
          <containerEntry>2</containerEntry>
        </property>
        <property name="parentLocator" type="EntityLink" container="StaticArray" arraySize="1">
          <containerEntry packagePathHash="0xB8A0BF169F98" archivePathHash="0xB8A0BF169F98" nameInArchiveHash="0xB8A0BF169F98">0x0</containerEntry>
        </property>
        <property name="transforms" type="Matrix4" container="DynamicArray" arraySize="11">
          <containerEntry r11="-0.95755875" r12="-0.026284797" r13="-0.28702432" r14="0" r21="-0.09642244" r22="0.96766907" r23="0.23306483" r24="0" r31="0.2716185" r32="0.25084928" r33="-0.92913437" r34="0" r41="1753.5258" r42="-6.544492" r43="1492.9923" r44="1"></containerEntry>
          <containerEntry r11="0.61941785" r12="0.06927155" r13="0.7819937" r14="0" r21="-0.05255574" r22="0.99752384" r23="-0.04673444" r24="0" r31="-0.78329474" r32="-0.01215018" r33="0.6215247" r34="0" r41="1777.428" r42="-2.312751" r43="1464.8473" r44="1"></containerEntry>
          <containerEntry r11="0.99979615" r12="-0.018817134" r13="0.006449908" r14="0" r21="0.019774733" r22="0.9753627" r23="-0.21971917" r24="0" r31="-0.0021565123" r32="0.21980192" r33="0.9755359" r34="0" r41="1765.2341" r42="-2.524463" r43="1486.0284" r44="1"></containerEntry>
          <containerEntry r11="-0.074476615" r12="0.1428634" r13="-0.98693115" r14="0" r21="0.03767547" r22="0.9893814" r23="0.14037496" r24="0" r31="0.99650574" r32="-0.026728429" r33="-0.079068206" r34="0" r41="1775.9747" r42="-2.922895" r43="1492.5483" r44="1"></containerEntry>
          <containerEntry r11="-0.88979584" r12="-0.0012476046" r13="-0.4563457" r14="0" r21="0.06338397" r22="0.9899658" r23="-0.12629434" r24="0" r31="0.4519242" r32="-0.14130123" r33="-0.8807883" r34="0" r41="1751.0162" r42="-4.156112" r43="1467.5779" r44="1"></containerEntry>
          <containerEntry r11="-0.93557906" r12="0.21835904" r13="0.2774919" r14="0" r21="0.26917" r22="0.94967157" r23="0.16022311" r24="0" r31="-0.22853999" r32="0.22459401" r33="-0.94726855" r34="0" r41="1711.1456" r42="-6.611533" r43="1449.6381" r44="1"></containerEntry>
          <containerEntry r11="-0.8580069" r12="0.20308726" r13="-0.4717783" r14="0" r21="0.22705568" r22="0.97386146" r23="0.0062803514" r24="0" r31="0.46072218" r32="-0.101731494" r33="-0.881692" r34="0" r41="1775.9366" r42="-2.0357444" r43="1455.2798" r44="1"></containerEntry>
          <containerEntry r11="0.72308505" r12="-0.034400877" r13="-0.6898987" r14="0" r21="0.060254402" r22="0.9980933" r23="0.01338423" r24="0" r31="0.68812287" r32="-0.051247388" r33="0.72377914" r34="0" r41="1766.8422" r42="-2.529802" r43="1470.7457" r44="1"></containerEntry>
          <containerEntry r11="0.50827396" r12="0.07918467" r13="0.85754466" r14="0" r21="0.18206379" r22="0.9633773" r23="-0.1968677" r24="0" r31="-0.841728" r32="0.2561906" r33="0.47524294" r34="0" r41="1768.4153" r42="-2.884298" r43="1471.3447" r44="1"></containerEntry>
          <containerEntry r11="0.3524752" r12="-0.13183917" r13="-0.92648333" r14="0" r21="-0.06403956" r22="0.9843075" r23="-0.16443102" r24="0" r31="0.93362296" r32="0.117289424" r33="0.33850107" r34="0" r41="1703.0961" r42="-8.002997" r43="1462.4443" r44="1"></containerEntry>
          <containerEntry r11="-0.87772435" r12="-0.12399558" r13="0.4628341" r14="0" r21="-0.12722397" r22="0.99157435" r23="0.024378382" r24="0" r31="-0.46195725" r32="-0.037486106" r33="-0.8861042" r34="0" r41="1704.6682" r42="-4.553024" r43="1436.4204" r44="1"></containerEntry>
        </property>
        <property name="colors" type="UInt32" container="DynamicArray" arraySize="11">
          <containerEntry>4294967295</containerEntry>
          <containerEntry>4294967295</containerEntry>
          <containerEntry>4294967295</containerEntry>
          <containerEntry>4294967295</containerEntry>
          <containerEntry>4294967295</containerEntry>
          <containerEntry>4294967295</containerEntry>
          <containerEntry>4294967295</containerEntry>
          <containerEntry>4294967295</containerEntry>
          <containerEntry>4294967295</containerEntry>
          <containerEntry>4294967295</containerEntry>
          <containerEntry>4294967295</containerEntry>
        </property>
      </staticProperties>
      <dynamicProperties></dynamicProperties>
    </entity>
    <entity class="StaticModelArray" classVersion="4" classID="0xD0" addr="0x317E2B0" id="0x0">
      <staticProperties>
        <property name="name" type="String" container="StaticArray" arraySize="1">
          <containerEntry>StaticModelArray0006</containerEntry>
        </property>
        <property name="dataSet" type="EntityHandle" container="StaticArray" arraySize="1">
          <containerEntry>0x32F46F0</containerEntry>
        </property>
        <property name="modelFile" type="FilePtr" container="StaticArray" arraySize="1">
          <containerEntry>/Assets/tpp/environ/object/middle_africa/cliff/mafr_clff003/scenes/mafr_clff003_vrtn001.fmdl</containerEntry>
        </property>
        <property name="geomFile" type="FilePtr" container="StaticArray" arraySize="1">
          <containerEntry>/Assets/tpp/environ/object/middle_africa/cliff/mafr_clff003/scenes/mafr_clff003_vrtn001.geom</containerEntry>
        </property>
        <property name="isVisibleGeom" type="Bool" container="StaticArray" arraySize="1">
          <containerEntry>false</containerEntry>
        </property>
        <property name="lodFarSize" type="Float" container="StaticArray" arraySize="1">
          <containerEntry>-1</containerEntry>
        </property>
        <property name="lodNearSize" type="Float" container="StaticArray" arraySize="1">
          <containerEntry>-1</containerEntry>
        </property>
        <property name="lodPolygonSize" type="Float" container="StaticArray" arraySize="1">
          <containerEntry>-1</containerEntry>
        </property>
        <property name="drawRejectionLevel" type="Int32" container="StaticArray" arraySize="1">
          <containerEntry>8</containerEntry>
        </property>
        <property name="drawMode" type="Int32" container="StaticArray" arraySize="1">
          <containerEntry>0</containerEntry>
        </property>
        <property name="rejectFarRangeShadowCast" type="Int32" container="StaticArray" arraySize="1">
          <containerEntry>2</containerEntry>
        </property>
        <property name="parentLocator" type="EntityLink" container="StaticArray" arraySize="1">
          <containerEntry packagePathHash="0xB8A0BF169F98" archivePathHash="0xB8A0BF169F98" nameInArchiveHash="0xB8A0BF169F98">0x0</containerEntry>
        </property>
        <property name="transforms" type="Matrix4" container="DynamicArray" arraySize="20">
          <containerEntry r11="-0.8002142" r12="-0.121635854" r13="-0.5872476" r14="0" r21="-0.49112248" r22="0.69487995" r23="0.5253001" r24="0" r31="0.34417105" r32="0.7087639" r33="-0.61579055" r34="0" r41="1777.0615" r42="-6.158921" r43="1431.9644" r44="1"></containerEntry>
          <containerEntry r11="0.6559207" r12="0.0013772808" r13="0.36368406" r14="0" r21="0.20105486" r22="0.62359583" r23="-0.36497274" r24="0" r31="-0.3030593" r32="0.41668484" r33="0.5450033" r34="0" r41="1763.1685" r42="-9.435116" r43="1493.4412" r44="1"></containerEntry>
