<fox formatVersion="2" fileVersion="0">
  <entities>
    <entity class="DataSet" classVersion="0" classID="0xE8" addr="0x2EE30A0" id="0xB5AE01">
      <staticProperties>
        <property name="name" type="String" container="StaticArray" arraySize="1">
          <containerEntry hash="0xB8A0BF169F98"></containerEntry>
        </property>
        <property name="dataSet" type="EntityHandle" container="StaticArray" arraySize="1">
          <containerEntry>0x0</containerEntry>
        </property>
        <property name="dataList" type="EntityPtr" container="StringMap" arraySize="8">
          <containerEntry key="afgh_clff022_vrtn004_0003">
            <data>0x2EE2070</data>
          </containerEntry>
          <containerEntry key="afgh_clff041_vrtn001_0004">
            <data>0x2EE1350</data>
          </containerEntry>
          <containerEntry key="StaticModelArray0000">
            <data>0x2D779B0</data>
          </containerEntry>
          <containerEntry key="StaticModelArray0001">
            <data>0x2D77A20</data>
          </containerEntry>
          <containerEntry key="StaticModelArray0002">
            <data>0x2D77A90</data>
          </containerEntry>
          <containerEntry key="StaticModelArray0003">
            <data>0x2D77B00</data>
          </containerEntry>
          <containerEntry key="StaticModelArray0004">
            <data>0x2D77B70</data>
          </containerEntry>
          <containerEntry key="TexturePackLoadConditioner0000">
            <data>0x2D77EF0</data>
          </containerEntry>
        </property>
      </staticProperties>
      <dynamicProperties></dynamicProperties>
    </entity>
    <entity class="StaticModel" classVersion="9" classID="0x160" addr="0x2EE2070" id="0xB5AE56">
      <staticProperties>
        <property name="name" type="String" container="StaticArray" arraySize="1">
          <containerEntry>afgh_clff022_vrtn004_0003</containerEntry>
        </property>
        <property name="dataSet" type="EntityHandle" container="StaticArray" arraySize="1">
          <containerEntry>0x2EE30A0</containerEntry>
        </property>
        <property name="parent" type="EntityHandle" container="StaticArray" arraySize="1">
          <containerEntry>0x0</containerEntry>
        </property>
        <property name="transform" type="EntityPtr" container="StaticArray" arraySize="1">
          <containerEntry>0x2EE2000</containerEntry>
        </property>
        <property name="shearTransform" type="EntityPtr" container="StaticArray" arraySize="1">
          <containerEntry>0x0</containerEntry>
        </property>
        <property name="pivotTransform" type="EntityPtr" container="StaticArray" arraySize="1">
          <containerEntry>0x0</containerEntry>
        </property>
        <property name="children" type="EntityHandle" container="List"></property>
        <property name="flags" type="UInt32" container="StaticArray" arraySize="1">
          <containerEntry>3221225479</containerEntry>
        </property>
        <property name="modelFile" type="FilePtr" container="StaticArray" arraySize="1">
          <containerEntry>/Assets/tpp/environ/object/afghanistan/cliff/afgh_clff022/scenes/afgh_clff022_vrtn004.fmdl</containerEntry>
        </property>
        <property name="geomFile" type="FilePtr" container="StaticArray" arraySize="1">
          <containerEntry>/Assets/tpp/environ/object/afghanistan/cliff/afgh_clff022/scenes/afgh_clff022_vrtn004.geom</containerEntry>
        </property>
        <property name="isVisibleGeom" type="Bool" container="StaticArray" arraySize="1">
          <containerEntry>false</containerEntry>
        </property>
        <property name="isIsolated" type="Bool" container="StaticArray" arraySize="1">
          <containerEntry>false</containerEntry>
        </property>
        <property name="lodFarSize" type="Float" container="StaticArray" arraySize="1">
          <containerEntry>-1</containerEntry>
        </property>
        <property name="lodNearSize" type="Float" container="StaticArray" arraySize="1">
          <containerEntry>-1</containerEntry>
        </property>
        <property name="lodPolygonSize" type="Float" container="StaticArray" arraySize="1">
          <containerEntry>-1</containerEntry>
        </property>
        <property name="color" type="Color" container="StaticArray" arraySize="1">
          <containerEntry r="1" g="1" b="1" a="1"></containerEntry>
        </property>
        <property name="drawRejectionLevel" type="Int32" container="StaticArray" arraySize="1">
          <containerEntry>8</containerEntry>
        </property>
        <property name="drawMode" type="Int32" container="StaticArray" arraySize="1">
          <containerEntry>0</containerEntry>
        </property>
        <property name="rejectFarRangeShadowCast" type="Int32" container="StaticArray" arraySize="1">
          <containerEntry>2</containerEntry>
        </property>
      </staticProperties>
      <dynamicProperties></dynamicProperties>
    </entity>
    <entity class="TransformEntity" classVersion="0" classID="0x50" addr="0x2EE2000" id="0xB5AE59">
      <staticProperties>
        <property name="owner" type="EntityHandle" container="StaticArray" arraySize="1">
          <containerEntry>0x2EE2070</containerEntry>
        </property>
        <property name="transform_scale" type="Vector3" container="StaticArray" arraySize="1">
          <containerEntry x="1" y="1" z="1" w="0"></containerEntry>
        </property>
        <property name="transform_rotation_quat" type="Quat" container="StaticArray" arraySize="1">
          <containerEntry x="0.050123" y="-0.995772" z="-0.076148" w="0.011179"></containerEntry>
        </property>
        <property name="transform_translation" type="Vector3" container="StaticArray" arraySize="1">
          <containerEntry x="-1225.8256" y="430.6621" z="-465.53485" w="0"></containerEntry>
        </property>
      </staticProperties>
      <dynamicProperties></dynamicProperties>
    </entity>
    <entity class="StaticModel" classVersion="9" classID="0x160" addr="0x2EE1350" id="0xB5AE9C">
      <staticProperties>
        <property name="name" type="String" container="StaticArray" arraySize="1">
          <containerEntry>afgh_clff041_vrtn001_0004</containerEntry>
        </property>
        <property name="dataSet" type="EntityHandle" container="StaticArray" arraySize="1">
          <containerEntry>0x2EE30A0</containerEntry>
        </property>
        <property name="parent" type="EntityHandle" container="StaticArray" arraySize="1">
          <containerEntry>0x0</containerEntry>
        </property>
        <property name="transform" type="EntityPtr" container="StaticArray" arraySize="1">
          <containerEntry>0x2EE12E0</containerEntry>
        </property>
        <property name="shearTransform" type="EntityPtr" container="StaticArray" arraySize="1">
          <containerEntry>0x0</containerEntry>
        </property>
        <property name="pivotTransform" type="EntityPtr" container="StaticArray" arraySize="1">
          <containerEntry>0x0</containerEntry>
        </property>
        <property name="children" type="EntityHandle" container="List"></property>
        <property name="flags" type="UInt32" container="StaticArray" arraySize="1">
          <containerEntry>7</containerEntry>
        </property>
        <property name="modelFile" type="FilePtr" container="StaticArray" arraySize="1">
          <containerEntry>/Assets/tpp/environ/object/afghanistan/cliff/afgh_clff041/scenes/afgh_clff041_vrtn001.fmdl</containerEntry>
        </property>
        <property name="geomFile" type="FilePtr" container="StaticArray" arraySize="1">
          <containerEntry>/Assets/tpp/environ/object/afghanistan/cliff/afgh_clff041/scenes/afgh_clff041_vrtn001.geom</containerEntry>
        </property>
        <property name="isVisibleGeom" type="Bool" container="StaticArray" arraySize="1">
          <containerEntry>false</containerEntry>
        </property>
        <property name="isIsolated" type="Bool" container="StaticArray" arraySize="1">
          <containerEntry>false</containerEntry>
        </property>
        <property name="lodFarSize" type="Float" container="StaticArray" arraySize="1">
          <containerEntry>-1</containerEntry>
        </property>
        <property name="lodNearSize" type="Float" container="StaticArray" arraySize="1">
          <containerEntry>-1</containerEntry>
        </property>
        <property name="lodPolygonSize" type="Float" container="StaticArray" arraySize="1">
          <containerEntry>-1</containerEntry>
        </property>
        <property name="color" type="Color" container="StaticArray" arraySize="1">
          <containerEntry r="1" g="1" b="1" a="1"></containerEntry>
        </property>
        <property name="drawRejectionLevel" type="Int32" container="StaticArray" arraySize="1">
          <containerEntry>8</containerEntry>
        </property>
        <property name="drawMode" type="Int32" container="StaticArray" arraySize="1">
          <containerEntry>0</containerEntry>
        </property>
        <property name="rejectFarRangeShadowCast" type="Int32" container="StaticArray" arraySize="1">
          <containerEntry>2</containerEntry>
        </property>
      </staticProperties>
      <dynamicProperties></dynamicProperties>
    </entity>
    <entity class="TransformEntity" classVersion="0" classID="0x50" addr="0x2EE12E0" id="0xB5AE9F">
      <staticProperties>
        <property name="owner" type="EntityHandle" container="StaticArray" arraySize="1">
          <containerEntry>0x2EE1350</containerEntry>
        </property>
        <property name="transform_scale" type="Vector3" container="StaticArray" arraySize="1">
          <containerEntry x="1" y="1" z="1" w="0"></containerEntry>
        </property>
        <property name="transform_rotation_quat" type="Quat" container="StaticArray" arraySize="1">
          <containerEntry x="0.009762" y="0.91223" z="-0.0421" w="-0.407393"></containerEntry>
        </property>
        <property name="transform_translation" type="Vector3" container="StaticArray" arraySize="1">
          <containerEntry x="-1225.2592" y="473.4841" z="-421.45392" w="0"></containerEntry>
        </property>
      </staticProperties>
      <dynamicProperties></dynamicProperties>
    </entity>
    <entity class="StaticModelArray" classVersion="4" classID="0xD0" addr="0x2D779B0" id="0x0">
      <staticProperties>
        <property name="name" type="String" container="StaticArray" arraySize="1">
          <containerEntry>StaticModelArray0000</containerEntry>
        </property>
        <property name="dataSet" type="EntityHandle" container="StaticArray" arraySize="1">
          <containerEntry>0x2EE30A0</containerEntry>
        </property>
        <property name="modelFile" type="FilePtr" container="StaticArray" arraySize="1">
          <containerEntry>/Assets/tpp/environ/object/afghanistan/rock/afgh_rock010/scenes/afgh_rock010_vrtn001.fmdl</containerEntry>
        </property>
        <property name="geomFile" type="FilePtr" container="StaticArray" arraySize="1">
          <containerEntry>/Assets/tpp/environ/object/afghanistan/rock/afgh_rock010/scenes/afgh_rock010_vrtn001.geom</containerEntry>
        </property>
        <property name="isVisibleGeom" type="Bool" container="StaticArray" arraySize="1">
          <containerEntry>false</containerEntry>
        </property>
        <property name="lodFarSize" type="Float" container="StaticArray" arraySize="1">
          <containerEntry>-1</containerEntry>
        </property>
        <property name="lodNearSize" type="Float" container="StaticArray" arraySize="1">
          <containerEntry>-1</containerEntry>
        </property>
        <property name="lodPolygonSize" type="Float" container="StaticArray" arraySize="1">
          <containerEntry>-1</containerEntry>
        </property>
        <property name="drawRejectionLevel" type="Int32" container="StaticArray" arraySize="1">
          <containerEntry>8</containerEntry>
        </property>
        <property name="drawMode" type="Int32" container="StaticArray" arraySize="1">
          <containerEntry>0</containerEntry>
        </property>
        <property name="rejectFarRangeShadowCast" type="Int32" container="StaticArray" arraySize="1">
          <containerEntry>2</containerEntry>
        </property>
        <property name="parentLocator" type="EntityLink" container="StaticArray" arraySize="1">
          <containerEntry packagePathHash="0xB8A0BF169F98" archivePathHash="0xB8A0BF169F98" nameInArchiveHash="0xB8A0BF169F98">0x0</containerEntry>
        </property>
        <property name="transforms" type="Matrix4" container="DynamicArray" arraySize="4">
          <containerEntry r11="0.9511294" r12="0" r13="0.30879277" r14="0" r21="0" r22="1" r23="0" r24="0" r31="-0.30879277" r32="0" r33="0.9511294" r34="0" r41="-1224.0535" r42="425.04202" r43="-474.88675" r44="1"></containerEntry>
          <containerEntry r11="-0.0102795735" r12="0.30097273" r13="-0.95357794" r14="0" r21="0.6257694" r22="0.7457484" r23="0.22863133" r24="0" r31="0.77994114" r32="-0.5943694" r33="-0.19600552" r34="0" r41="-1201.7024" r42="444.93832" r43="-447.03622" r44="1"></containerEntry>
          <containerEntry r11="-0.13861936" r12="0.7474178" r13="-0.6497322" r14="0" r21="-0.20062491" r22="0.62126935" r23="0.75747883" r24="0" r31="0.96981174" r32="0.2353535" r33="0.063830554" r34="0" r41="-1164.1278" r42="450.1261" r43="-450.91644" r44="1"></containerEntry>
          <containerEntry r11="0.6507305" r12="-0.13617343" r13="-0.74699837" r14="0" r21="-0.20031402" r22="0.91814905" r23="-0.34187216" r24="0" r31="0.7324098" r32="0.3721009" r33="0.5701902" r34="0" r41="-1179.3584" r42="430.03537" r43="-482.38623" r44="1"></containerEntry>
        </property>
        <property name="colors" type="UInt32" container="DynamicArray" arraySize="4">
          <containerEntry>4294967295</containerEntry>
          <containerEntry>4294967295</containerEntry>
          <containerEntry>4294967295</containerEntry>
          <containerEntry>4294967295</containerEntry>
        </property>
      </staticProperties>
      <dynamicProperties></dynamicProperties>
    </entity>
    <entity class="StaticModelArray" classVersion="4" classID="0xD0" addr="0x2D77A20" id="0x0">
      <staticProperties>
        <property name="name" type="String" container="StaticArray" arraySize="1">
          <containerEntry>StaticModelArray0001</containerEntry>
        </property>
        <property name="dataSet" type="EntityHandle" container="StaticArray" arraySize="1">
          <containerEntry>0x2EE30A0</containerEntry>
        </property>
        <property name="modelFile" type="FilePtr" container="StaticArray" arraySize="1">
          <containerEntry>/Assets/tpp/environ/object/afghanistan/cliff/afgh_clff041/scenes/afgh_clff041_vrtn002.fmdl</containerEntry>
        </property>
        <property name="geomFile" type="FilePtr" container="StaticArray" arraySize="1">
          <containerEntry>/Assets/tpp/environ/object/afghanistan/cliff/afgh_clff041/scenes/afgh_clff041_vrtn002.geom</containerEntry>
        </property>
        <property name="isVisibleGeom" type="Bool" container="StaticArray" arraySize="1">
          <containerEntry>false</containerEntry>
        </property>
        <property name="lodFarSize" type="Float" container="StaticArray" arraySize="1">
          <containerEntry>-1</containerEntry>
        </property>
        <property name="lodNearSize" type="Float" container="StaticArray" arraySize="1">
          <containerEntry>-1</containerEntry>
        </property>
        <property name="lodPolygonSize" type="Float" container="StaticArray" arraySize="1">
          <containerEntry>-1</containerEntry>
        </property>
        <property name="drawRejectionLevel" type="Int32" container="StaticArray" arraySize="1">
          <containerEntry>8</containerEntry>
        </property>
        <property name="drawMode" type="Int32" container="StaticArray" arraySize="1">
          <containerEntry>0</containerEntry>
        </property>
        <property name="rejectFarRangeShadowCast" type="Int32" container="StaticArray" arraySize="1">
          <containerEntry>2</containerEntry>
        </property>
        <property name="parentLocator" type="EntityLink" container="StaticArray" arraySize="1">
          <containerEntry packagePathHash="0xB8A0BF169F98" archivePathHash="0xB8A0BF169F98" nameInArchiveHash="0xB8A0BF169F98">0x0</containerEntry>
        </property>
        <property name="transforms" type="Matrix4" container="DynamicArray" arraySize="2">
          <containerEntry r11="-0.9976766" r12="0" r13="0.06813239" r14="0" r21="0" r22="1" r23="0" r24="0" r31="-0.06813239" r32="0" r33="-0.9976766" r34="0" r41="-1256.4896" r42="467.76245" r43="-396.66113" r44="1"></containerEntry>
          <containerEntry r11="-0.999624" r12="0" r13="-0.027387425" r14="0" r21="0" r22="1" r23="0" r24="0" r31="0.027387425" r32="0" r33="-0.999624" r34="0" r41="-1218.7905" r42="443.49536" r43="-456.90378" r44="1"></containerEntry>
        </property>
        <property name="colors" type="UInt32" container="DynamicArray" arraySize="2">
          <containerEntry>4294967295</containerEntry>
          <containerEntry>4294967295</containerEntry>
        </property>
      </staticProperties>
      <dynamicProperties></dynamicProperties>
    </entity>
    <entity class="StaticModelArray" classVersion="4" classID="0xD0" addr="0x2D77A90" id="0x0">
      <staticProperties>
        <property name="name" type="String" container="StaticArray" arraySize="1">
          <containerEntry>StaticModelArray0002</containerEntry>
        </property>
        <property name="dataSet" type="EntityHandle" container="StaticArray" arraySize="1">
          <containerEntry>0x2EE30A0</containerEntry>
        </property>
        <property name="modelFile" type="FilePtr" container="StaticArray" arraySize="1">
          <containerEntry>/Assets/tpp/environ/object/afghanistan/rock/afgh_rock010/scenes/afgh_rock010.fmdl</containerEntry>
        </property>
        <property name="geomFile" type="FilePtr" container="StaticArray" arraySize="1">
          <containerEntry>/Assets/tpp/environ/object/afghanistan/rock/afgh_rock010/scenes/afgh_rock010.geom</containerEntry>
        </property>
        <property name="isVisibleGeom" type="Bool" container="StaticArray" arraySize="1">
          <containerEntry>false</containerEntry>
        </property>
        <property name="lodFarSize" type="Float" container="StaticArray" arraySize="1">
          <containerEntry>-1</containerEntry>
        </property>
        <property name="lodNearSize" type="Float" container="StaticArray" arraySize="1">
          <containerEntry>-1</containerEntry>
        </property>
        <property name="lodPolygonSize" type="Float" container="StaticArray" arraySize="1">
          <containerEntry>-1</containerEntry>
        </property>
        <property name="drawRejectionLevel" type="Int32" container="StaticArray" arraySize="1">
          <containerEntry>8</containerEntry>
        </property>
        <property name="drawMode" type="Int32" container="StaticArray" arraySize="1">
          <containerEntry>0</containerEntry>
        </property>
        <property name="rejectFarRangeShadowCast" type="Int32" container="StaticArray" arraySize="1">
          <containerEntry>2</containerEntry>
        </property>
        <property name="parentLocator" type="EntityLink" container="StaticArray" arraySize="1">
          <containerEntry packagePathHash="0xB8A0BF169F98" archivePathHash="0xB8A0BF169F98" nameInArchiveHash="0xB8A0BF169F98">0x0</containerEntry>
        </property>
        <property name="transforms" type="Matrix4" container="DynamicArray" arraySize="15">
          <containerEntry r11="0.99191046" r12="0.11932712" r13="0.043297496" r14="0" r21="-0.11242146" r22="0.98418367" r23="-0.13690802" r24="0" r31="-0.058949564" r32="0.13093293" r33="0.989637" r34="0" r41="-1162.158" r42="427.03424" r43="-497.74963" r44="1"></containerEntry>
          <containerEntry r11="-0.90900296" r12="0.0410059" r13="0.414752" r14="0" r21="0.039368626" r22="0.9991465" r23="-0.01250008" r24="0" r31="-0.4149106" r32="0.00496558" r33="-0.90984154" r34="0" r41="-1253.228" r42="418.90668" r43="-467.82755" r44="1"></containerEntry>
          <containerEntry r11="0.9196274" r12="0.15769656" r13="0.3597451" r14="0" r21="-0.07601133" r22="0.9700045" r23="-0.23089662" r24="0" r31="-0.38536608" r32="0.18499395" r33="0.90402955" r34="0" r41="-1244.7938" r42="425.84552" r43="-451.4018" r44="1"></containerEntry>
          <containerEntry r11="0.6897016" r12="0.13742016" r13="0.7109345" r14="0" r21="-0.100016214" r22="0.9904948" r23="-0.09442874" r24="0" r31="-0.7171533" r32="-0.005977243" r33="0.6968901" r34="0" r41="-1201.75" r42="421.84778" r43="-497.35757" r44="1"></containerEntry>
          <containerEntry r11="0.27569854" r12="-0.23428553" r13="-0.93225366" r14="0" r21="-0.13757598" r22="0.9502408" r23="-0.27949068" r24="0" r31="0.9513461" r32="0.2053107" r33="0.22974795" r34="0" r41="-1217.7922" r42="422.22885" r43="-491.58896" r44="1"></containerEntry>
          <containerEntry r11="-0.12127932" r12="0.1231597" r13="0.9849456" r14="0" r21="-0.11242104" r22="0.98418385" r23="-0.13690718" r24="0" r31="-0.986229" r32="-0.12733324" r33="-0.10551536" r34="0" r41="-1170.3103" r42="423.42102" r43="-503.33737" r44="1"></containerEntry>
          <containerEntry r11="0.9142009" r12="0.2096963" r13="0.34679022" r14="0" r21="-0.12541696" r22="0.9601063" r23="-0.24993226" r24="0" r31="-0.38536552" r32="0.18499464" r33="0.90402967" r34="0" r41="-1230.2811" r42="415.4913" r43="-505.45715" r44="1"></containerEntry>
          <containerEntry r11="0.91087127" r12="0.052957363" r13="-0.40927875" r14="0" r21="-0.10001562" r22="0.99049497" r23="-0.09442791" r24="0" r31="0.40038788" r32="0.12694594" r33="0.9075099" r34="0" r41="-1235.3905" r42="420.93472" r43="-466.80804" r44="1"></containerEntry>
          <containerEntry r11="0.91087127" r12="0.052957363" r13="-0.40927875" r14="0" r21="-0.10001562" r22="0.99049497" r23="-0.09442791" r24="0" r31="0.40038788" r32="0.12694594" r33="0.9075099" r34="0" r41="-1254.434" r42="408.70813" r43="-501.10516" r44="1"></containerEntry>
          <containerEntry r11="0.19469942" r12="0.112551" r13="0.974384" r14="0" r21="-0.10001552" r22="0.990495" r23="-0.09442708" r24="0" r31="-0.9757504" r32="-0.079068646" r33="0.20410568" r34="0" r41="-1274.209" r42="407.04797" r43="-507.11768" r44="1"></containerEntry>
          <containerEntry r11="0.922613" r12="-0.019403929" r13="-0.3852377" r14="0" r21="-0.07601062" r22="0.9700047" r23="-0.23089626" r24="0" r31="0.37816262" r32="0.2423101" r33="0.8934641" r34="0" r41="-1242.8552" r42="415.564" r43="-497.15103" r44="1"></containerEntry>
          <containerEntry r11="0.76213" r12="0.12956508" r13="0.6343261" r14="0" r21="-0.067563556" r22="0.9903375" r23="-0.12110616" r24="0" r31="-0.6438881" r32="0.049441144" r33="0.7635199" r34="0" r41="-1178.5325" r42="443.78784" r43="-422.72446" r44="1"></containerEntry>
          <containerEntry r11="0.76213" r12="0.12956508" r13="0.6343261" r14="0" r21="-0.067563556" r22="0.9903375" r23="-0.12110616" r24="0" r31="-0.6438881" r32="0.049441144" r33="0.7635199" r34="0" r41="-1198.7418" r42="429.2566" r43="-470.60236" r44="1"></containerEntry>
          <containerEntry r11="-0.9765019" r12="-0.14477906" r13="-0.15959623" r14="0" r21="-0.13056582" r22="0.98675543" r23="-0.09626103" r24="0" r31="0.17141908" r32="-0.07316179" r33="-0.9824717" r34="0" r41="-1209.2222" r42="427.21777" r43="-473.05386" r44="1"></containerEntry>
          <containerEntry r11="-0.40039587" r12="0.35759795" r13="0.84368" r14="0" r21="-0.07590543" r22="0.9046025" r23="-0.4194423" r24="0" r31="-0.913187" r32="-0.23198538" r33="-0.33505487" r34="0" r41="-1273.8726" r42="438.75436" r43="-425.95306" r44="1"></containerEntry>
        </property>
        <property name="colors" type="UInt32" container="DynamicArray" arraySize="15">
          <containerEntry>4294967295</containerEntry>
          <containerEntry>4294967295</containerEntry>
          <containerEntry>4294967295</containerEntry>
          <containerEntry>4294967295</containerEntry>
          <containerEntry>4294967295</containerEntry>
          <containerEntry>4294967295</containerEntry>
          <containerEntry>4294967295</containerEntry>
          <containerEntry>4294967295</containerEntry>
          <containerEntry>4294967295</containerEntry>
          <containerEntry>4294967295</containerEntry>
          <containerEntry>4294967295</containerEntry>
          <containerEntry>4294967295</containerEntry>
          <containerEntry>4294967295</containerEntry>
          <containerEntry>4294967295</containerEntry>
          <containerEntry>4294967295</containerEntry>
        </property>
      </staticProperties>
      <dynamicProperties></dynamicProperties>
    </entity>
    <entity class="StaticModelArray" classVersion="4" classID="0xD0" addr="0x2D77B00" id="0x0">
      <staticProperties>
        <property name="name" type="String" container="StaticArray" arraySize="1">
          <containerEntry>StaticModelArray0003</containerEntry>
        </property>
        <property name="dataSet" type="EntityHandle" container="StaticArray" arraySize="1">
          <containerEntry>0x2EE30A0</containerEntry>
        </property>
        <property name="modelFile" type="FilePtr" container="StaticArray" arraySize="1">
          <containerEntry>/Assets/tpp/environ/object/afghanistan/rock/afgh_rock006/scenes/afgh_rock006.fmdl</containerEntry>
        </property>
        <property name="geomFile" type="FilePtr" container="StaticArray" arraySize="1">
          <containerEntry>/Assets/tpp/environ/object/afghanistan/rock/afgh_rock006/scenes/afgh_rock006.geom</containerEntry>
        </property>
        <property name="isVisibleGeom" type="Bool" container="StaticArray" arraySize="1">
          <containerEntry>false</containerEntry>
        </property>
        <property name="lodFarSize" type="Float" container="StaticArray" arraySize="1">
          <containerEntry>-1</containerEntry>
        </property>
        <property name="lodNearSize" type="Float" container="StaticArray" arraySize="1">
          <containerEntry>-1</containerEntry>
        </property>
        <property name="lodPolygonSize" type="Float" container="StaticArray" arraySize="1">
          <containerEntry>-1</containerEntry>
        </property>
        <property name="drawRejectionLevel" type="Int32" container="StaticArray" arraySize="1">
          <containerEntry>8</containerEntry>
        </property>
        <property name="drawMode" type="Int32" container="StaticArray" arraySize="1">
          <containerEntry>0</containerEntry>
        </property>
        <property name="rejectFarRangeShadowCast" type="Int32" container="StaticArray" arraySize="1">
          <containerEntry>2</containerEntry>
        </property>
        <property name="parentLocator" type="EntityLink" container="StaticArray" arraySize="1">
          <containerEntry packagePathHash="0xB8A0BF169F98" archivePathHash="0xB8A0BF169F98" nameInArchiveHash="0xB8A0BF169F98">0x0</containerEntry>
        </property>
        <property name="transforms" type="Matrix4" container="DynamicArray" arraySize="3">
          <containerEntry r11="0.841945" r12="-6.556511e-07" r13="0.53956324" r14="0" r21="0.16969742" r22="0.9492549" r23="-0.2647979" r24="0" r31="-0.5121829" r32="0.31450775" r33="0.7992205" r34="0" r41="-1184.7784" r42="423.92856" r43="-507.80286" r44="1"></containerEntry>
          <containerEntry r11="-0.6094996" r12="0.31223482" r13="0.7287088" r14="0" r21="0.22804393" r22="0.9493784" r23="-0.21604756" r24="0" r31="-0.759278" r32="0.03449654" r33="-0.64984894" r34="0" r41="-1158.224" r42="426.62164" r43="-508.5649" r44="1"></containerEntry>
          <containerEntry r11="-0.99366206" r12="0.10345263" r13="0.043941572" r14="0" r21="0.1005035" r22="0.9928291" r23="-0.06472571" r24="0" r31="-0.050322518" r32="-0.059899278" r33="-0.996934" r34="0" r41="-1163.6407" r42="434.65067" r43="-485.17722" r44="1"></containerEntry>
        </property>
        <property name="colors" type="UInt32" container="DynamicArray" arraySize="3">
          <containerEntry>4294967295</containerEntry>
          <containerEntry>4294967295</containerEntry>
          <containerEntry>4294967295</containerEntry>
        </property>
      </staticProperties>
      <dynamicProperties></dynamicProperties>
    </entity>
    <entity class="StaticModelArray" classVersion="4" classID="0xD0" addr="0x2D77B70" id="0x0">
      <staticProperties>
        <property name="name" type="String" container="StaticArray" arraySize="1">
          <containerEntry>StaticModelArray0004</containerEntry>
        </property>
        <property name="dataSet" type="EntityHandle" container="StaticArray" arraySize="1">
          <containerEntry>0x2EE30A0</containerEntry>
        </property>
        <property name="modelFile" type="FilePtr" container="StaticArray" arraySize="1">
          <containerEntry>/Assets/tpp/environ/object/afghanistan/cliff/afgh_clff022/scenes/afgh_clff022_vrtn001.fmdl</containerEntry>
        </property>
        <property name="geomFile" type="FilePtr" container="StaticArray" arraySize="1">
          <containerEntry>/Assets/tpp/environ/object/afghanistan/cliff/afgh_clff022/scenes/afgh_clff022_vrtn001.geom</containerEntry>
        </property>
        <property name="isVisibleGeom" type="Bool" container="StaticArray" arraySize="1">
          <containerEntry>false</containerEntry>
        </property>
        <property name="lodFarSize" type="Float" container="StaticArray" arraySize="1">
          <containerEntry>-1</containerEntry>
        </property>
        <property name="lodNearSize" type="Float" container="StaticArray" arraySize="1">
          <containerEntry>-1</containerEntry>
        </property>
        <property name="lodPolygonSize" type="Float" container="StaticArray" arraySize="1">
          <containerEntry>-1</containerEntry>
        </property>
        <property name="drawRejectionLevel" type="Int32" container="StaticArray" arraySize="1">
          <containerEntry>8</containerEntry>
        </property>
        <property name="drawMode" type="Int32" container="StaticArray" arraySize="1">
          <containerEntry>0</containerEntry>
        </property>
        <property name="rejectFarRangeShadowCast" type="Int32" container="StaticArray" arraySize="1">
          <containerEntry>2</containerEntry>
        </property>
        <property name="parentLocator" type="EntityLink" container="StaticArray" arraySize="1">
          <containerEntry packagePathHash="0xB8A0BF169F98" archivePathHash="0xB8A0BF169F98" nameInArchiveHash="0xB8A0BF169F98">0x0</containerEntry>
        </property>
        <property name="transforms" type="Matrix4" container="DynamicArray" arraySize="3">
          <containerEntry r11="-0.44094408" r12="0.1485346" r13="-0.885157" r14="0" r21="-0.03429418" r22="0.98270273" r23="0.18198699" r24="0" r31="0.8968775" r32="0.11060211" r33="-0.428223" r34="0" r41="-1266.9613" r42="435.75253" r43="-443.87714" r44="1"></containerEntry>
          <containerEntry r11="0.58506256" r12="0.10979059" r13="0.8035219" r14="0" r21="-0.058618933" r22="0.9939273" r23="-0.093125165" r24="0" r31="-0.8088666" r32="0.0073824115" r33="0.58794546" r34="0" r41="-1181.2369" r42="442.05252" r43="-476.83423" r44="1"></containerEntry>
          <containerEntry r11="0.99225736" r12="0.12405136" r13="0.0060485452" r14="0" r21="-0.11986786" r22="0.9437721" r23="0.30810016" r24="0" r31="0.03251187" r32="-0.3064397" r33="0.9513346" r34="0" r41="-1257.2605" r42="431.20947" r43="-452.3557" r44="1"></containerEntry>
        </property>
        <property name="colors" type="UInt32" container="DynamicArray" arraySize="3">
          <containerEntry>4294967295</containerEntry>
          <containerEntry>4294967295</containerEntry>
          <containerEntry>4294967295</containerEntry>
        </property>
      </staticProperties>
      <dynamicProperties></dynamicProperties>
    </entity>
    <entity class="TexturePackLoadConditioner" classVersion="0" classID="0x48" addr="0x2D77EF0" id="0x0">
      <staticProperties>
        <property name="name" type="String" container="StaticArray" arraySize="1">
          <containerEntry>TexturePackLoadConditioner0000</containerEntry>
        </property>
        <property name="dataSet" type="EntityHandle" container="StaticArray" arraySize="1">
          <containerEntry>0x2EE30A0</containerEntry>
        </property>
        <property name="texturePackPath" type="Path" container="StaticArray" arraySize="1">
          <containerEntry hash="0xB8A0BF169F98"></containerEntry>
        </property>
      </staticProperties>
      <dynamicProperties></dynamicProperties>
    </entity>
  </entities>
</fox>