<fox formatVersion="2" fileVersion="0">
  <entities>
    <entity class="DataSet" classVersion="0" classID="0xE8" addr="0x2EF20E0" id="0x92D9D">
      <staticProperties>
        <property name="name" type="String" container="StaticArray" arraySize="1">
          <containerEntry hash="0xB8A0BF169F98"></containerEntry>
        </property>
        <property name="dataSet" type="EntityHandle" container="StaticArray" arraySize="1">
          <containerEntry>0x0</containerEntry>
        </property>
        <property name="dataList" type="EntityPtr" container="StringMap" arraySize="9">
          <containerEntry key="mafr_tree031_vrtn003_0000">
            <data>0x2D778D0</data>
          </containerEntry>
          <containerEntry key="StaticModelArray0000">
            <data>0x2D7D6E0</data>
          </containerEntry>
          <containerEntry key="StaticModelArray0001">
            <data>0x2D7D750</data>
          </containerEntry>
          <containerEntry key="StaticModelArray0002">
            <data>0x2D7D0C0</data>
          </containerEntry>
          <containerEntry key="StaticModelArray0003">
            <data>0x2D7D280</data>
          </containerEntry>
          <containerEntry key="StaticModelArray0004">
            <data>0x2D7D050</data>
          </containerEntry>
          <containerEntry key="StaticModelArray0005">
            <data>0x2D77320</data>
          </containerEntry>
          <containerEntry key="StaticModelArray0006">
            <data>0x2D7CF70</data>
          </containerEntry>
          <containerEntry key="TexturePackLoadConditioner0000">
            <data>0x2D7DC90</data>
          </containerEntry>
        </property>
      </staticProperties>
      <dynamicProperties></dynamicProperties>
    </entity>
    <entity class="StaticModel" classVersion="9" classID="0x160" addr="0x2D778D0" id="0x92EC8">
      <staticProperties>
        <property name="name" type="String" container="StaticArray" arraySize="1">
          <containerEntry>mafr_tree031_vrtn003_0000</containerEntry>
        </property>
        <property name="dataSet" type="EntityHandle" container="StaticArray" arraySize="1">
          <containerEntry>0x2EF20E0</containerEntry>
        </property>
        <property name="parent" type="EntityHandle" container="StaticArray" arraySize="1">
          <containerEntry>0x0</containerEntry>
        </property>
        <property name="transform" type="EntityPtr" container="StaticArray" arraySize="1">
          <containerEntry>0x2D77940</containerEntry>
        </property>
        <property name="shearTransform" type="EntityPtr" container="StaticArray" arraySize="1">
          <containerEntry>0x0</containerEntry>
        </property>
        <property name="pivotTransform" type="EntityPtr" container="StaticArray" arraySize="1">
          <containerEntry>0x0</containerEntry>
        </property>
        <property name="children" type="EntityHandle" container="List"></property>
        <property name="flags" type="UInt32" container="StaticArray" arraySize="1">
          <containerEntry>7</containerEntry>
        </property>
        <property name="modelFile" type="FilePtr" container="StaticArray" arraySize="1">
          <containerEntry>/Assets/tpp/environ/object/middle_africa/tree/mafr_tree031/scenes/mafr_tree031_vrtn003.fmdl</containerEntry>
        </property>
        <property name="geomFile" type="FilePtr" container="StaticArray" arraySize="1">
          <containerEntry>/Assets/tpp/environ/object/middle_africa/tree/mafr_tree031/scenes/mafr_tree031_vrtn003.geom</containerEntry>
        </property>
        <property name="isVisibleGeom" type="Bool" container="StaticArray" arraySize="1">
          <containerEntry>false</containerEntry>
        </property>
        <property name="isIsolated" type="Bool" container="StaticArray" arraySize="1">
          <containerEntry>false</containerEntry>
        </property>
        <property name="lodFarSize" type="Float" container="StaticArray" arraySize="1">
          <containerEntry>-1</containerEntry>
        </property>
        <property name="lodNearSize" type="Float" container="StaticArray" arraySize="1">
          <containerEntry>-1</containerEntry>
        </property>
        <property name="lodPolygonSize" type="Float" container="StaticArray" arraySize="1">
          <containerEntry>-1</containerEntry>
        </property>
        <property name="color" type="Color" container="StaticArray" arraySize="1">
          <containerEntry r="1" g="1" b="1" a="1"></containerEntry>
        </property>
        <property name="drawRejectionLevel" type="Int32" container="StaticArray" arraySize="1">
          <containerEntry>8</containerEntry>
        </property>
        <property name="drawMode" type="Int32" container="StaticArray" arraySize="1">
          <containerEntry>0</containerEntry>
        </property>
        <property name="rejectFarRangeShadowCast" type="Int32" container="StaticArray" arraySize="1">
          <containerEntry>2</containerEntry>
        </property>
      </staticProperties>
      <dynamicProperties></dynamicProperties>
    </entity>
    <entity class="TransformEntity" classVersion="0" classID="0x50" addr="0x2D77940" id="0x92ECB">
      <staticProperties>
        <property name="owner" type="EntityHandle" container="StaticArray" arraySize="1">
          <containerEntry>0x2D778D0</containerEntry>
        </property>
        <property name="transform_scale" type="Vector3" container="StaticArray" arraySize="1">
          <containerEntry x="1" y="1" z="1" w="0"></containerEntry>
        </property>
        <property name="transform_rotation_quat" type="Quat" container="StaticArray" arraySize="1">
          <containerEntry x="0" y="-0.17497" z="0" w="0.984573"></containerEntry>
        </property>
        <property name="transform_translation" type="Vector3" container="StaticArray" arraySize="1">
          <containerEntry x="2066.891" y="216.06615" z="-2350.9045" w="1"></containerEntry>
        </property>
      </staticProperties>
      <dynamicProperties></dynamicProperties>
    </entity>
    <entity class="StaticModelArray" classVersion="4" classID="0xD0" addr="0x2D7D6E0" id="0x0">
      <staticProperties>
        <property name="name" type="String" container="StaticArray" arraySize="1">
          <containerEntry>StaticModelArray0000</containerEntry>
        </property>
        <property name="dataSet" type="EntityHandle" container="StaticArray" arraySize="1">
          <containerEntry>0x2EF20E0</containerEntry>
        </property>
        <property name="modelFile" type="FilePtr" container="StaticArray" arraySize="1">
          <containerEntry>/Assets/tpp/environ/object/middle_africa/cliff/mafr_clff015/scenes/mafr_clff015_wall002.fmdl</containerEntry>
        </property>
        <property name="geomFile" type="FilePtr" container="StaticArray" arraySize="1">
          <containerEntry>/Assets/tpp/environ/object/middle_africa/cliff/mafr_clff015/scenes/mafr_clff015_wall002.geom</containerEntry>
        </property>
        <property name="isVisibleGeom" type="Bool" container="StaticArray" arraySize="1">
          <containerEntry>false</containerEntry>
        </property>
        <property name="lodFarSize" type="Float" container="StaticArray" arraySize="1">
          <containerEntry>-1</containerEntry>
        </property>
        <property name="lodNearSize" type="Float" container="StaticArray" arraySize="1">
          <containerEntry>-1</containerEntry>
        </property>
        <property name="lodPolygonSize" type="Float" container="StaticArray" arraySize="1">
          <containerEntry>-1</containerEntry>
        </property>
        <property name="drawRejectionLevel" type="Int32" container="StaticArray" arraySize="1">
          <containerEntry>8</containerEntry>
        </property>
        <property name="drawMode" type="Int32" container="StaticArray" arraySize="1">
          <containerEntry>0</containerEntry>
        </property>
        <property name="rejectFarRangeShadowCast" type="Int32" container="StaticArray" arraySize="1">
          <containerEntry>2</containerEntry>
        </property>
        <property name="parentLocator" type="EntityLink" container="StaticArray" arraySize="1">
          <containerEntry packagePathHash="0xB8A0BF169F98" archivePathHash="0xB8A0BF169F98" nameInArchiveHash="0xB8A0BF169F98">0x0</containerEntry>
        </property>
        <property name="transforms" type="Matrix4" container="DynamicArray" arraySize="2">
          <containerEntry r11="-0.44594085" r12="-0.13789617" r13="0.8843773" r14="0" r21="-0.18448727" r22="0.9810056" r23="0.059936747" r24="0" r31="-0.8758442" r32="-0.13642806" r33="-0.4629106" r34="0" r41="2142.0151" r42="195.96394" r43="-2356.0928" r44="1"></containerEntry>
          <containerEntry r11="0.40623954" r12="-0.033298723" r13="0.9131598" r14="0" r21="-0.2017205" r22="0.9714129" r23="0.12516285" r24="0" r31="-0.891223" r32="-0.23504914" r33="0.3879093" r34="0" r41="2134.8857" r42="196.20416" r43="-2393.5764" r44="1"></containerEntry>
        </property>
        <property name="colors" type="UInt32" container="DynamicArray" arraySize="2">
          <containerEntry>4294967295</containerEntry>
          <containerEntry>4294967295</containerEntry>
        </property>
      </staticProperties>
      <dynamicProperties></dynamicProperties>
    </entity>
    <entity class="StaticModelArray" classVersion="4" classID="0xD0" addr="0x2D7D750" id="0x0">
      <staticProperties>
        <property name="name" type="String" container="StaticArray" arraySize="1">
          <containerEntry>StaticModelArray0001</containerEntry>
        </property>
        <property name="dataSet" type="EntityHandle" container="StaticArray" arraySize="1">
          <containerEntry>0x2EF20E0</containerEntry>
        </property>
        <property name="modelFile" type="FilePtr" container="StaticArray" arraySize="1">
          <containerEntry>/Assets/tpp/environ/object/middle_africa/tree/mafr_tree032/scenes/mafr_tree032.fmdl</containerEntry>
        </property>
        <property name="geomFile" type="FilePtr" container="StaticArray" arraySize="1">
          <containerEntry>/Assets/tpp/environ/object/middle_africa/tree/mafr_tree032/scenes/mafr_tree032.geom</containerEntry>
        </property>
        <property name="isVisibleGeom" type="Bool" container="StaticArray" arraySize="1">
          <containerEntry>false</containerEntry>
        </property>
        <property name="lodFarSize" type="Float" container="StaticArray" arraySize="1">
          <containerEntry>-1</containerEntry>
        </property>
        <property name="lodNearSize" type="Float" container="StaticArray" arraySize="1">
          <containerEntry>-1</containerEntry>
        </property>
        <property name="lodPolygonSize" type="Float" container="StaticArray" arraySize="1">
          <containerEntry>-1</containerEntry>
        </property>
        <property name="drawRejectionLevel" type="Int32" container="StaticArray" arraySize="1">
          <containerEntry>8</containerEntry>
        </property>
        <property name="drawMode" type="Int32" container="StaticArray" arraySize="1">
          <containerEntry>0</containerEntry>
        </property>
        <property name="rejectFarRangeShadowCast" type="Int32" container="StaticArray" arraySize="1">
          <containerEntry>2</containerEntry>
        </property>
        <property name="parentLocator" type="EntityLink" container="StaticArray" arraySize="1">
          <containerEntry packagePathHash="0xB8A0BF169F98" archivePathHash="0xB8A0BF169F98" nameInArchiveHash="0xB8A0BF169F98">0x0</containerEntry>
        </property>
        <property name="transforms" type="Matrix4" container="DynamicArray" arraySize="35">
          <containerEntry r11="1" r12="0" r13="0" r14="0" r21="0" r22="1" r23="0" r24="0" r31="0" r32="0" r33="1" r34="0" r41="2140.6343" r42="212.67314" r43="-2337.7366" r44="1"></containerEntry>
          <containerEntry r11="1" r12="0" r13="0" r14="0" r21="0" r22="1" r23="0" r24="0" r31="0" r32="0" r33="1" r34="0" r41="2152.0444" r42="215.08934" r43="-2381.3403" r44="1"></containerEntry>
          <containerEntry r11="0.5915981" r12="0" r13="-0.80623335" r14="0" r21="0" r22="1" r23="0" r24="0" r31="0.80623335" r32="0" r33="0.5915981" r34="0" r41="2145.0503" r42="216.46762" r43="-2352.7966" r44="1"></containerEntry>
          <containerEntry r11="0.5915981" r12="0" r13="-0.80623335" r14="0" r21="0" r22="1" r23="0" r24="0" r31="0.80623335" r32="0" r33="0.5915981" r34="0" r41="2157.014" r42="214.97002" r43="-2375.3806" r44="1"></containerEntry>
          <containerEntry r11="0.5915981" r12="0" r13="-0.80623335" r14="0" r21="0" r22="1" r23="0" r24="0" r31="0.80623335" r32="0" r33="0.5915981" r34="0" r41="2141.5083" r42="216.1898" r43="-2400.6472" r44="1"></containerEntry>
          <containerEntry r11="0.5915981" r12="0" r13="-0.80623335" r14="0" r21="0" r22="1" r23="0" r24="0" r31="0.80623335" r32="0" r33="0.5915981" r34="0" r41="2124.6858" r42="224.6037" r43="-2402.0662" r44="1"></containerEntry>
          <containerEntry r11="0.5718567" r12="-0.17581587" r13="-0.8012915" r14="0" r21="0.15934767" r22="0.98196626" r23="-0.10173728" r24="0" r31="0.8047283" r32="-0.06950491" r33="0.58955985" r34="0" r41="2129.0813" r42="217.83249" r43="-2414.4866" r44="1"></containerEntry>
          <containerEntry r11="-0.031480826" r12="-0.07969764" r13="-0.99632037" r14="0" r21="-0.1594914" r22="0.9844438" r23="-0.073707804" r24="0" r31="0.98669577" r32="0.15658428" r33="-0.043702185" r34="0" r41="2118.717" r42="219.82135" r43="-2424.9497" r44="1"></containerEntry>
          <containerEntry r11="-0.49604484" r12="0.02788192" r13="0.86784697" r14="0" r21="0.050407596" r22="0.9987233" r23="-0.0032745413" r24="0" r31="-0.86683035" r32="0.04212181" r33="-0.49681705" r34="0" r41="2120.814" r42="221.46428" r43="-2415.378" r44="1"></containerEntry>
          <containerEntry r11="-0.4622927" r12="-0.055927515" r13="-0.88496226" r14="0" r21="-0.12982899" r22="0.991523" r23="0.0051590167" r24="0" r31="0.87717193" r32="0.11727871" r33="-0.46563482" r34="0" r41="2135.2344" r42="222.6096" r43="-2391.8364" r44="1"></containerEntry>
          <containerEntry r11="-0.62678194" r12="-0.10725164" r13="-0.77178" r14="0" r21="-0.10503311" r22="0.9930712" r23="-0.052703932" r24="0" r31="0.7720851" r32="0.04802858" r33="-0.63370407" r34="0" r41="2146.35" r42="215.54443" r43="-2388.2236" r44="1"></containerEntry>
          <containerEntry r11="0.5202171" r12="0.05742198" r13="0.8521023" r14="0" r21="0.15347785" r22="0.9752079" r23="-0.15941806" r24="0" r31="-0.84013104" r32="0.21371074" r33="0.49850684" r34="0" r41="2145.158" r42="213.92757" r43="-2395.3516" r44="1"></containerEntry>
          <containerEntry r11="0.5059787" r12="-0.121533506" r13="-0.85394067" r14="0" r21="0.24683434" r22="0.96902174" r23="0.00834281" r24="0" r31="0.8264732" r32="-0.21500325" r33="0.5203031" r34="0" r41="2142.2986" r42="220.38249" r43="-2363.6677" r44="1"></containerEntry>
          <containerEntry r11="0.64722604" r12="-0.07907515" r13="-0.7581853" r14="0" r21="0.034575224" r22="0.9966268" r23="-0.07442823" r24="0" r31="0.7615133" r32="0.021957416" r33="0.64777684" r34="0" r41="2156.459" r42="212.89592" r43="-2362.8357" r44="1"></containerEntry>
          <containerEntry r11="0.2801899" r12="0.042489704" r13="-0.959004" r14="0" r21="-0.09643188" r22="0.9952123" r23="0.01591966" r24="0" r31="0.9550889" r32="0.088018" r33="0.2829458" r34="0" r41="2153.3945" r42="212.89592" r43="-2348.3777" r44="1"></containerEntry>
          <containerEntry r11="0.2801899" r12="0.042489704" r13="-0.959004" r14="0" r21="-0.09643188" r22="0.9952123" r23="0.01591966" r24="0" r31="0.9550889" r32="0.088018" r33="0.2829458" r34="0" r41="2142.5466" r42="223.8122" r43="-2375.3416" r44="1"></containerEntry>
          <containerEntry r11="-0.6324973" r12="-0.09279972" r13="-0.7689819" r14="0" r21="-0.104847" r22="0.993917" r23="-0.033706434" r24="0" r31="0.76743203" r32="0.059306227" r33="-0.6383796" r34="0" r41="2136.623" r42="223.7044" r43="-2382.984" r44="1"></containerEntry>
          <containerEntry r11="0.23982279" r12="-0.014481416" r13="-0.97070783" r14="0" r21="0.064705126" r22="0.9979038" r23="0.0010988414" r24="0" r31="0.9686572" r32="-0.06307337" r33="0.24025708" r34="0" r41="2137.9998" r42="219.8329" r43="-2355.6157" r44="1"></containerEntry>
          <containerEntry r11="0.23982279" r12="-0.014481416" r13="-0.97070783" r14="0" r21="0.064705126" r22="0.9979038" r23="0.0010988414" r24="0" r31="0.9686572" r32="-0.06307337" r33="0.24025708" r34="0" r41="2147.0662" r42="213.4517" r43="-2343.1611" r44="1"></containerEntry>
          <containerEntry r11="0.7545088" r12="0.15919995" r13="-0.63668793" r14="0" r21="-0.028473526" r22="0.9771597" r23="0.21059008" r24="0" r31="0.6556718" r32="-0.14076327" r33="0.74180853" r34="0" r41="2142.9119" r42="208.4931" r43="-2322.235" r44="1"></containerEntry>
          <containerEntry r11="0.61778754" r12="-0.06403376" r13="-0.78373307" r14="0" r21="0.23001458" r22="0.96780187" r23="0.10223887" r24="0" r31="0.7519515" r32="-0.24343207" r33="0.61262465" r34="0" r41="2125.5254" r42="218.61017" r43="-2322.6628" r44="1"></containerEntry>
          <containerEntry r11="0.18438886" r12="-0.062420953" r13="0.9808681" r14="0" r21="-0.032016154" r22="0.99707013" r23="0.069470465" r24="0" r31="-0.9823307" r32="-0.04421317" r33="0.18185014" r34="0" r41="2129.4785" r42="218.61017" r43="-2328.2642" r44="1"></containerEntry>
          <containerEntry r11="0.18438886" r12="-0.062420953" r13="0.9808681" r14="0" r21="-0.032016154" r22="0.99707013" r23="0.069470465" r24="0" r31="-0.9823307" r32="-0.04421317" r33="0.18185014" r34="0" r41="2146.3313" r42="212.25424" r43="-2337.7644" r44="1"></containerEntry>
          <containerEntry r11="0.61778754" r12="-0.06403376" r13="-0.78373307" r14="0" r21="0.23001458" r22="0.96780187" r23="0.10223887" r24="0" r31="0.7519515" r32="-0.24343207" r33="0.61262465" r34="0" r41="2142.3782" r42="212.25424" r43="-2332.163" r44="1"></containerEntry>
          <containerEntry r11="0.1011933" r12="-0.062420305" r13="-0.9929043" r14="0" r21="0.05039456" r22="0.99707013" r23="-0.05754617" r24="0" r31="0.99358726" r32="-0.04421362" r33="0.104042456" r34="0" r41="2130.5273" r42="219.86336" r43="-2337.9277" r44="1"></containerEntry>
          <containerEntry r11="-0.81459516" r12="-0.064033" r13="0.5764818" r14="0" r21="-0.19160178" r22="0.96780175" r23="-0.16324344" r24="0" r31="-0.5474671" r32="-0.24343261" r33="-0.80063546" r34="0" r41="2135.906" r42="219.86343" r43="-2342.1787" r44="1"></containerEntry>
          <containerEntry r11="0.76815826" r12="-0.019943919" r13="0.639946" r14="0" r21="-0.15172738" r22="0.965373" r23="0.21221152" r24="0" r31="-0.6220189" r32="-0.26010936" r33="0.7385332" r34="0" r41="2124.8955" r42="215.71707" r43="-2300.3464" r44="1"></containerEntry>
          <containerEntry r11="-0.014612015" r12="0.07387804" r13="-0.99715817" r14="0" r21="0.072433166" r22="0.9947248" r23="0.07263605" r24="0" r31="0.99726415" r32="-0.071165964" r33="-0.019886136" r34="0" r41="2125.4285" r42="214.84485" r43="-2293.5674" r44="1"></containerEntry>
          <containerEntry r11="-0.57768583" r12="-0.04442075" r13="-0.81504726" r14="0" r21="-0.004808234" r22="0.99868596" r23="-0.051021293" r24="0" r31="0.8162427" r32="-0.025555288" r33="-0.57714033" r34="0" r41="2137.2727" r42="210.20381" r43="-2296.4648" r44="1"></containerEntry>
          <containerEntry r11="-0.23274285" r12="-0.08990293" r13="0.968372" r14="0" r21="-0.25635636" r22="0.9661742" r23="0.028084472" r24="0" r31="-0.93814087" r32="-0.2417122" r33="-0.2479173" r34="0" r41="2138.519" r42="210.38197" r43="-2303.2046" r44="1"></containerEntry>
          <containerEntry r11="-0.57768583" r12="-0.04442075" r13="-0.81504726" r14="0" r21="-0.004808234" r22="0.99868596" r23="-0.051021293" r24="0" r31="0.8162427" r32="-0.025555288" r33="-0.57714033" r34="0" r41="2131.108" r42="213.78676" r43="-2313.5903" r44="1"></containerEntry>
          <containerEntry r11="-0.23274285" r12="-0.08990293" r13="0.968372" r14="0" r21="-0.25635636" r22="0.9661742" r23="0.028084472" r24="0" r31="-0.93814087" r32="-0.2417122" r33="-0.2479173" r34="0" r41="2132.3542" r42="213.96492" r43="-2320.33" r44="1"></containerEntry>
          <containerEntry r11="-0.08342" r12="0.0030177757" r13="-0.9965116" r14="0" r21="-0.14555693" r22="0.98923343" r23="0.015180387" r24="0" r31="0.9858284" r32="0.14631525" r33="-0.08208263" r34="0" r41="2129.0073" r42="213.68282" r43="-2429.4583" r44="1"></containerEntry>
          <containerEntry r11="0.099253446" r12="-0.17763987" r13="1.1589217" r14="0" r21="0.1267258" r22="1.1578779" r23="0.16662674" r24="0" r31="-1.1655883" r32="0.1107609" r33="0.11680183" r34="0" r41="2428.1953" r42="207.73244" r43="-2410.578" r44="1"></containerEntry>
          <containerEntry r11="0.9969135" r12="-0.029354025" r13="-0.62434524" r14="0" r21="0.023025041" r22="1.1762786" r23="-0.018538684" r24="0" r31="0.62461066" r32="0.0034894731" r33="0.9971733" r34="0" r41="2422.533" r42="209.06926" r43="-2393.94" r44="1"></containerEntry>
        </property>
        <property name="colors" type="UInt32" container="DynamicArray" arraySize="35">
          <containerEntry>4294967295</containerEntry>
          <containerEntry>4294967295</containerEntry>
          <containerEntry>4294967295</containerEntry>
          <containerEntry>4294967295</containerEntry>
          <containerEntry>4294967295</containerEntry>
          <containerEntry>4294967295</containerEntry>
          <containerEntry>4294967295</containerEntry>
          <containerEntry>4294967295</containerEntry>
          <containerEntry>4294967295</containerEntry>
          <containerEntry>4294967295</containerEntry>
          <containerEntry>4294967295</containerEntry>
          <containerEntry>4294967295</containerEntry>
          <containerEntry>4294967295</containerEntry>
          <containerEntry>4294967295</containerEntry>
          <containerEntry>4294967295</containerEntry>
          <containerEntry>4294967295</containerEntry>
          <containerEntry>4294967295</containerEntry>
          <containerEntry>4294967295</containerEntry>
          <containerEntry>4294967295</containerEntry>
          <containerEntry>4294967295</containerEntry>
          <containerEntry>4294967295</containerEntry>
          <containerEntry>4294967295</containerEntry>
          <containerEntry>4294967295</containerEntry>
          <containerEntry>4294967295</containerEntry>
          <containerEntry>4294967295</containerEntry>
          <containerEntry>4294967295</containerEntry>
          <containerEntry>4294967295</containerEntry>
          <containerEntry>4294967295</containerEntry>
          <containerEntry>4294967295</containerEntry>
          <containerEntry>4294967295</containerEntry>
          <containerEntry>4294967295</containerEntry>
          <containerEntry>4294967295</containerEntry>
          <containerEntry>4294967295</containerEntry>
          <containerEntry>4294967295</containerEntry>
          <containerEntry>4294967295</containerEntry>
        </property>
      </staticProperties>
      <dynamicProperties></dynamicProperties>
    </entity>
    <entity class="StaticModelArray" classVersion="4" classID="0xD0" addr="0x2D7D0C0" id="0x0">
      <staticProperties>
        <property name="name" type="String" container="StaticArray" arraySize="1">
          <containerEntry>StaticModelArray0002</containerEntry>
        </property>
        <property name="dataSet" type="EntityHandle" container="StaticArray" arraySize="1">
          <containerEntry>0x2EF20E0</containerEntry>
        </property>
        <property name="modelFile" type="FilePtr" container="StaticArray" arraySize="1">
          <containerEntry>/Assets/tpp/environ/object/middle_africa/tree/mafr_tree038/scenes/mafr_tree038.fmdl</containerEntry>
        </property>
        <property name="geomFile" type="FilePtr" container="StaticArray" arraySize="1">
          <containerEntry>/Assets/tpp/environ/object/middle_africa/tree/mafr_tree038/scenes/mafr_tree038.geom</containerEntry>
        </property>
        <property name="isVisibleGeom" type="Bool" container="StaticArray" arraySize="1">
          <containerEntry>false</containerEntry>
        </property>
        <property name="lodFarSize" type="Float" container="StaticArray" arraySize="1">
          <containerEntry>-1</containerEntry>
        </property>
        <property name="lodNearSize" type="Float" container="StaticArray" arraySize="1">
          <containerEntry>-1</containerEntry>
        </property>
        <property name="lodPolygonSize" type="Float" container="StaticArray" arraySize="1">
          <containerEntry>-1</containerEntry>
        </property>
        <property name="drawRejectionLevel" type="Int32" container="StaticArray" arraySize="1">
          <containerEntry>8</containerEntry>
        </property>
        <property name="drawMode" type="Int32" container="StaticArray" arraySize="1">
          <containerEntry>0</containerEntry>
        </property>
        <property name="rejectFarRangeShadowCast" type="Int32" container="StaticArray" arraySize="1">
          <containerEntry>2</containerEntry>
        </property>
        <property name="parentLocator" type="EntityLink" container="StaticArray" arraySize="1">
          <containerEntry packagePathHash="0xB8A0BF169F98" archivePathHash="0xB8A0BF169F98" nameInArchiveHash="0xB8A0BF169F98">0x0</containerEntry>
        </property>
        <property name="transforms" type="Matrix4" container="DynamicArray" arraySize="2">
          <containerEntry r11="0.83657956" r12="0" r13="0.54784524" r14="0" r21="0" r22="1" r23="0" r24="0" r31="-0.54784524" r32="0" r33="0.83657956" r34="0" r41="2167.9204" r42="202.31201" r43="-2353.1235" r44="1"></containerEntry>
          <containerEntry r11="0.83657956" r12="0" r13="0.54784524" r14="0" r21="0" r22="1" r23="0" r24="0" r31="-0.54784524" r32="0" r33="0.83657956" r34="0" r41="2112.0728" r42="210.85603" r43="-2332.2346" r44="1"></containerEntry>
        </property>
        <property name="colors" type="UInt32" container="DynamicArray" arraySize="2">
          <containerEntry>4294967295</containerEntry>
          <containerEntry>4294967295</containerEntry>
        </property>
      </staticProperties>
      <dynamicProperties></dynamicProperties>
    </entity>
    <entity class="StaticModelArray" classVersion="4" classID="0xD0" addr="0x2D7D280" id="0x0">
      <staticProperties>
        <property name="name" type="String" container="StaticArray" arraySize="1">
          <containerEntry>StaticModelArray0003</containerEntry>
        </property>
        <property name="dataSet" type="EntityHandle" container="StaticArray" arraySize="1">
          <containerEntry>0x2EF20E0</containerEntry>
        </property>
        <property name="modelFile" type="FilePtr" container="StaticArray" arraySize="1">
          <containerEntry>/Assets/tpp/environ/object/middle_africa/tree/mafr_tree031/scenes/mafr_tree031_vrtn001.fmdl</containerEntry>
        </property>
        <property name="geomFile" type="FilePtr" container="StaticArray" arraySize="1">
          <containerEntry>/Assets/tpp/environ/object/middle_africa/tree/mafr_tree031/scenes/mafr_tree031_vrtn001.geom</containerEntry>
        </property>
        <property name="isVisibleGeom" type="Bool" container="StaticArray" arraySize="1">
          <containerEntry>false</containerEntry>
        </property>
        <property name="lodFarSize" type="Float" container="StaticArray" arraySize="1">
          <containerEntry>-1</containerEntry>
        </property>
        <property name="lodNearSize" type="Float" container="StaticArray" arraySize="1">
          <containerEntry>-1</containerEntry>
        </property>
        <property name="lodPolygonSize" type="Float" container="StaticArray" arraySize="1">
          <containerEntry>-1</containerEntry>
        </property>
        <property name="drawRejectionLevel" type="Int32" container="StaticArray" arraySize="1">
          <containerEntry>8</containerEntry>
        </property>
        <property name="drawMode" type="Int32" container="StaticArray" arraySize="1">
          <containerEntry>0</containerEntry>
        </property>
        <property name="rejectFarRangeShadowCast" type="Int32" container="StaticArray" arraySize="1">
          <containerEntry>2</containerEntry>
        </property>
        <property name="parentLocator" type="EntityLink" container="StaticArray" arraySize="1">
          <containerEntry packagePathHash="0xB8A0BF169F98" archivePathHash="0xB8A0BF169F98" nameInArchiveHash="0xB8A0BF169F98">0x0</containerEntry>
        </property>
        <property name="transforms" type="Matrix4" container="DynamicArray" arraySize="4">
          <containerEntry r11="0.83657956" r12="0" r13="0.54784524" r14="0" r21="0" r22="1" r23="0" r24="0" r31="-0.54784524" r32="0" r33="0.83657956" r34="0" r41="2088.9011" r42="210.14003" r43="-2370.9946" r44="1"></containerEntry>
          <containerEntry r11="0.5601943" r12="0" r13="0.82836115" r14="0" r21="0" r22="1" r23="0" r24="0" r31="-0.82836115" r32="0" r33="0.5601943" r34="0" r41="2069.521" r42="212.51614" r43="-2325.0269" r44="1"></containerEntry>
          <containerEntry r11="0.83657956" r12="0" r13="0.54784524" r14="0" r21="0" r22="1" r23="0" r24="0" r31="-0.54784524" r32="0" r33="0.83657956" r34="0" r41="2074.051" r42="209.07344" r43="-2424.5947" r44="1"></containerEntry>
          <containerEntry r11="0.9144628" r12="-0.070070215" r13="-0.3985573" r14="0" r21="0.030048816" r22="0.66868895" r23="-0.04861697" r24="0" r31="0.40218538" r32="0.04839953" r33="0.91427803" r34="0" r41="2039.4714" r42="213.71985" r43="-2371.1445" r44="1"></containerEntry>
        </property>
        <property name="colors" type="UInt32" container="DynamicArray" arraySize="4">
          <containerEntry>4294967295</containerEntry>
          <containerEntry>4294967295</containerEntry>
          <containerEntry>4294967295</containerEntry>
          <containerEntry>4294967295</containerEntry>
        </property>
      </staticProperties>
      <dynamicProperties></dynamicProperties>
    </entity>
    <entity class="StaticModelArray" classVersion="4" classID="0xD0" addr="0x2D7D050" id="0x0">
      <staticProperties>
        <property name="name" type="String" container="StaticArray" arraySize="1">
          <containerEntry>StaticModelArray0004</containerEntry>
        </property>
        <property name="dataSet" type="EntityHandle" container="StaticArray" arraySize="1">
          <containerEntry>0x2EF20E0</containerEntry>
        </property>
        <property name="modelFile" type="FilePtr" container="StaticArray" arraySize="1">
          <containerEntry>/Assets/tpp/environ/object/middle_africa/rock/mafr_rock002/scenes/mafr_rock002.fmdl</containerEntry>
        </property>
        <property name="geomFile" type="FilePtr" container="StaticArray" arraySize="1">
          <containerEntry>/Assets/tpp/environ/object/middle_africa/rock/mafr_rock002/scenes/mafr_rock002.geom</containerEntry>
        </property>
        <property name="isVisibleGeom" type="Bool" container="StaticArray" arraySize="1">
          <containerEntry>false</containerEntry>
        </property>
        <property name="lodFarSize" type="Float" container="StaticArray" arraySize="1">
          <containerEntry>-1</containerEntry>
        </property>
        <property name="lodNearSize" type="Float" container="StaticArray" arraySize="1">
          <containerEntry>-1</containerEntry>
        </property>
        <property name="lodPolygonSize" type="Float" container="StaticArray" arraySize="1">
          <containerEntry>-1</containerEntry>
        </property>
        <property name="drawRejectionLevel" type="Int32" container="StaticArray" arraySize="1">
          <containerEntry>8</containerEntry>
        </property>
        <property name="drawMode" type="Int32" container="StaticArray" arraySize="1">
          <containerEntry>0</containerEntry>
        </property>
        <property name="rejectFarRangeShadowCast" type="Int32" container="StaticArray" arraySize="1">
          <containerEntry>2</containerEntry>
        </property>
        <property name="parentLocator" type="EntityLink" container="StaticArray" arraySize="1">
          <containerEntry packagePathHash="0xB8A0BF169F98" archivePathHash="0xB8A0BF169F98" nameInArchiveHash="0xB8A0BF169F98">0x0</containerEntry>
        </property>
        <property name="transforms" type="Matrix4" container="DynamicArray" arraySize="6">
          <containerEntry r11="0.025460003" r12="0.20844842" r13="-1.4246049" r14="0" r21="-0.037389677" r22="1.4244436" r23="0.20775649" r24="0" r31="1.4392886" r32="0.033316825" r33="0.030597353" r34="0" r41="2138.732" r42="211.93336" r43="-2305.408" r44="1"></containerEntry>
          <containerEntry r11="0.81196934" r12="0.17264974" r13="1.1766465" r14="0" r21="-0.2692571" r22="1.4144357" r23="-0.021734262" r24="0" r31="-1.1583633" r32="-0.20775907" r33="0.8298372" r34="0" r41="2124.3655" r42="217.20113" r43="-2312.9573" r44="1"></containerEntry>
          <containerEntry r11="-1.6620874" r12="-0.11527792" r13="5.764039" r14="0" r21="-0.8224901" r22="5.9421806" r23="-0.11832849" r24="0" r31="-5.7062197" r32="-0.8229232" r33="-1.6618731" r34="0" r41="2098.5068" r42="221.27567" r43="-2307.4172" r44="1"></containerEntry>
          <containerEntry r11="0.5746628" r12="-0.025461288" r13="-0.81799376" r14="0" r21="0.02225851" r22="0.9996324" r23="-0.015477855" r24="0" r31="0.8180872" r32="-0.00931279" r33="0.5750184" r34="0" r41="2161.2979" r42="202.89746" r43="-2344.0327" r44="1"></containerEntry>
          <containerEntry r11="-0.43243283" r12="-0.030230574" r13="0.90115917" r14="0" r21="0.14986175" r22="0.98312706" r23="0.1048934" r24="0" r31="-0.889125" r32="0.18040864" r33="-0.42060602" r34="0" r41="2171.8108" r42="204.32852" r43="-2374.9846" r44="1"></containerEntry>
          <containerEntry r11="0.66779697" r12="-0.040336944" r13="0.7432494" r14="0" r21="0.091185875" r22="0.99544287" r23="-0.027905151" r24="0" r31="-0.73873675" r32="0.08640886" r33="0.6684319" r34="0" r41="2136.2476" r42="208.47792" r43="-2428.499" r44="1"></containerEntry>
        </property>
        <property name="colors" type="UInt32" container="DynamicArray" arraySize="6">
          <containerEntry>4294967295</containerEntry>
          <containerEntry>4294967295</containerEntry>
          <containerEntry>4294967295</containerEntry>
          <containerEntry>4294967295</containerEntry>
          <containerEntry>4294967295</containerEntry>
          <containerEntry>4294967295</containerEntry>
        </property>
      </staticProperties>
      <dynamicProperties></dynamicProperties>
    </entity>
    <entity class="StaticModelArray" classVersion="4" classID="0xD0" addr="0x2D77320" id="0x0">
      <staticProperties>
        <property name="name" type="String" container="StaticArray" arraySize="1">
          <containerEntry>StaticModelArray0005</containerEntry>
        </property>
        <property name="dataSet" type="EntityHandle" container="StaticArray" arraySize="1">
          <containerEntry>0x2EF20E0</containerEntry>
        </property>
        <property name="modelFile" type="FilePtr" container="StaticArray" arraySize="1">
          <containerEntry>/Assets/tpp/environ/object/middle_africa/cliff/mafr_clff003/scenes/mafr_clff003_vrtn001.fmdl</containerEntry>
        </property>
        <property name="geomFile" type="FilePtr" container="StaticArray" arraySize="1">
          <containerEntry>/Assets/tpp/environ/object/middle_africa/cliff/mafr_clff003/scenes/mafr_clff003_vrtn001.geom</containerEntry>
        </property>
        <property name="isVisibleGeom" type="Bool" container="StaticArray" arraySize="1">
          <containerEntry>false</containerEntry>
        </property>
        <property name="lodFarSize" type="Float" container="StaticArray" arraySize="1">
          <containerEntry>-1</containerEntry>
        </property>
        <property name="lodNearSize" type="Float" container="StaticArray" arraySize="1">
          <containerEntry>-1</containerEntry>
        </property>
        <property name="lodPolygonSize" type="Float" container="StaticArray" arraySize="1">
          <containerEntry>-1</containerEntry>
        </property>
        <property name="drawRejectionLevel" type="Int32" container="StaticArray" arraySize="1">
          <containerEntry>8</containerEntry>
        </property>
        <property name="drawMode" type="Int32" container="StaticArray" arraySize="1">
          <containerEntry>0</containerEntry>
        </property>
        <property name="rejectFarRangeShadowCast" type="Int32" container="StaticArray" arraySize="1">
          <containerEntry>2</containerEntry>
        </property>
        <property name="parentLocator" type="EntityLink" container="StaticArray" arraySize="1">
          <containerEntry packagePathHash="0xB8A0BF169F98" archivePathHash="0xB8A0BF169F98" nameInArchiveHash="0xB8A0BF169F98">0x0</containerEntry>
        </property>
        <property name="transforms" type="Matrix4" container="DynamicArray" arraySize="17">
          <containerEntry r11="-0.072078824" r12="0.18464714" r13="0.9801536" r14="0" r21="0.95459324" r22="0.2975663" r23="0.014146745" r24="0" r31="-0.28904563" r32="0.9366717" r33="-0.19770873" r34="0" r41="2150.597" r42="199.92505" r43="-2306.8337" r44="1"></containerEntry>
          <containerEntry r11="-0.2953276" r12="-0.31634036" r13="0.9014986" r14="0" r21="0.93555796" r22="0.09550941" r23="0.34000286" r24="0" r31="-0.19365531" r32="0.94382167" r33="0.26775414" r34="0" r41="2149.1396" r42="201.18951" r43="-2328.1875" r44="1"></containerEntry>
          <containerEntry r11="-0.16970202" r12="-0.091935314" r13="-0.98119247" r14="0" r21="-0.29336438" r22="0.9552144" r23="-0.03876067" r24="0" r31="0.94081247" r32="0.28127024" r33="-0.18907225" r34="0" r41="2151.2134" r42="199.37598" r43="-2318.582" r44="1"></containerEntry>
          <containerEntry r11="0.08078872" r12="-0.07619375" r13="-0.99380994" r14="0" r21="-0.62701315" r22="0.7711885" r23="-0.11009318" r24="0" r31="0.77480197" r32="0.6320289" r33="0.014529645" r34="0" r41="2155.7239" r42="199.08824" r43="-2326.1226" r44="1"></containerEntry>
          <containerEntry r11="0.45493397" r12="0.059798595" r13="-0.88851243" r14="0" r21="-0.07591833" r22="0.99671495" r23="0.028209388" r24="0" r31="0.8872804" r32="0.054621346" r33="0.45797932" r34="0" r41="2163.1514" r42="201.08417" r43="-2358.2969" r44="1"></containerEntry>
          <containerEntry r11="0.4350254" r12="-0.097185165" r13="-0.895155" r14="0" r21="-0.4796082" r22="0.81638086" r23="-0.32170862" r24="0" r31="0.7620521" r32="0.56927633" r33="0.30853587" r34="0" r41="2170.243" r42="199.33685" r43="-2366.613" r44="1"></containerEntry>
          <containerEntry r11="-0.65308625" r12="0.013909303" r13="-0.75714123" r14="0" r21="-0.2575702" r22="0.93613994" r23="0.23937178" r24="0" r31="0.71211934" r32="0.35135138" r33="-0.6077968" r34="0" r41="2169.6362" r42="202.92348" r43="-2387.9307" r44="1"></containerEntry>
          <containerEntry r11="0.80365527" r12="0.09718479" r13="0.58710384" r14="0" r21="0.5043938" r22="0.41229248" r23="-0.75867957" r24="0" r31="-0.31578898" r32="0.9058493" r33="0.28232205" r34="0" r41="2159.7585" r42="203.46141" r43="-2394.0432" r44="1"></containerEntry>
          <containerEntry r11="0.9799219" r12="-0.0015164502" r13="0.19937527" r14="0" r21="0.12507102" r22="0.7834346" r23="-0.60875684" r24="0" r31="-0.1552741" r32="0.6214703" r33="0.76789445" r34="0" r41="2161.4458" r42="201.78911" r43="-2407.1184" r44="1"></containerEntry>
