<fox formatVersion="2" fileVersion="0">
  <entities>
    <entity class="DataSet" classVersion="0" classID="0xE8" addr="0x33738F0" id="0x2EAB286">
      <staticProperties>
        <property name="name" type="String" container="StaticArray" arraySize="1">
          <containerEntry hash="0xB8A0BF169F98"></containerEntry>
        </property>
        <property name="dataSet" type="EntityHandle" container="StaticArray" arraySize="1">
          <containerEntry>0x0</containerEntry>
        </property>
        <property name="dataList" type="EntityPtr" container="StringMap" arraySize="13">
          <containerEntry key="afgh_clff013_0009">
            <data>0x3375870</data>
          </containerEntry>
          <containerEntry key="StaticModelArray0000">
            <data>0x3370BE0</data>
          </containerEntry>
          <containerEntry key="StaticModelArray0001">
            <data>0x3370A90</data>
          </containerEntry>
          <containerEntry key="StaticModelArray0002">
            <data>0x3370B00</data>
          </containerEntry>
          <containerEntry key="StaticModelArray0003">
            <data>0x3370860</data>
          </containerEntry>
          <containerEntry key="StaticModelArray0004">
            <data>0x33705C0</data>
          </containerEntry>
          <containerEntry key="StaticModelArray0005">
            <data>0x3370940</data>
          </containerEntry>
          <containerEntry key="StaticModelArray0006">
            <data>0x317DBB0</data>
          </containerEntry>
          <containerEntry key="StaticModelArray0007">
            <data>0x3370A20</data>
          </containerEntry>
          <containerEntry key="StaticModelArray0008">
            <data>0x3370400</data>
          </containerEntry>
          <containerEntry key="StaticModelArray0009">
            <data>0x3370080</data>
          </containerEntry>
          <containerEntry key="StaticModelArray0010">
            <data>0x33701D0</data>
          </containerEntry>
          <containerEntry key="TexturePackLoadConditioner0000">
            <data>0x3371200</data>
          </containerEntry>
        </property>
      </staticProperties>
      <dynamicProperties></dynamicProperties>
    </entity>
    <entity class="StaticModel" classVersion="9" classID="0x160" addr="0x3375870" id="0x2EAB2CE">
      <staticProperties>
        <property name="name" type="String" container="StaticArray" arraySize="1">
          <containerEntry>afgh_clff013_0009</containerEntry>
        </property>
        <property name="dataSet" type="EntityHandle" container="StaticArray" arraySize="1">
          <containerEntry>0x33738F0</containerEntry>
        </property>
        <property name="parent" type="EntityHandle" container="StaticArray" arraySize="1">
          <containerEntry>0x0</containerEntry>
        </property>
        <property name="transform" type="EntityPtr" container="StaticArray" arraySize="1">
          <containerEntry>0x3375800</containerEntry>
        </property>
        <property name="shearTransform" type="EntityPtr" container="StaticArray" arraySize="1">
          <containerEntry>0x0</containerEntry>
        </property>
        <property name="pivotTransform" type="EntityPtr" container="StaticArray" arraySize="1">
          <containerEntry>0x0</containerEntry>
        </property>
        <property name="children" type="EntityHandle" container="List"></property>
        <property name="flags" type="UInt32" container="StaticArray" arraySize="1">
          <containerEntry>3221225479</containerEntry>
        </property>
        <property name="modelFile" type="FilePtr" container="StaticArray" arraySize="1">
          <containerEntry>/Assets/tpp/environ/object/afghanistan/cliff/afgh_clff013/scenes/afgh_clff013.fmdl</containerEntry>
        </property>
        <property name="geomFile" type="FilePtr" container="StaticArray" arraySize="1">
          <containerEntry>/Assets/tpp/environ/object/afghanistan/cliff/afgh_clff013/scenes/afgh_clff013.geom</containerEntry>
        </property>
        <property name="isVisibleGeom" type="Bool" container="StaticArray" arraySize="1">
          <containerEntry>false</containerEntry>
        </property>
        <property name="isIsolated" type="Bool" container="StaticArray" arraySize="1">
          <containerEntry>false</containerEntry>
        </property>
        <property name="lodFarSize" type="Float" container="StaticArray" arraySize="1">
          <containerEntry>-1</containerEntry>
        </property>
        <property name="lodNearSize" type="Float" container="StaticArray" arraySize="1">
          <containerEntry>-1</containerEntry>
        </property>
        <property name="lodPolygonSize" type="Float" container="StaticArray" arraySize="1">
          <containerEntry>-1</containerEntry>
        </property>
        <property name="color" type="Color" container="StaticArray" arraySize="1">
          <containerEntry r="1" g="1" b="1" a="1"></containerEntry>
        </property>
        <property name="drawRejectionLevel" type="Int32" container="StaticArray" arraySize="1">
          <containerEntry>8</containerEntry>
        </property>
        <property name="drawMode" type="Int32" container="StaticArray" arraySize="1">
          <containerEntry>0</containerEntry>
        </property>
        <property name="rejectFarRangeShadowCast" type="Int32" container="StaticArray" arraySize="1">
          <containerEntry>2</containerEntry>
        </property>
      </staticProperties>
      <dynamicProperties></dynamicProperties>
    </entity>
    <entity class="TransformEntity" classVersion="0" classID="0x50" addr="0x3375800" id="0x2EAB2D1">
      <staticProperties>
        <property name="owner" type="EntityHandle" container="StaticArray" arraySize="1">
          <containerEntry>0x3375870</containerEntry>
        </property>
        <property name="transform_scale" type="Vector3" container="StaticArray" arraySize="1">
          <containerEntry x="1" y="1" z="1" w="0"></containerEntry>
        </property>
        <property name="transform_rotation_quat" type="Quat" container="StaticArray" arraySize="1">
          <containerEntry x="0.023608" y="-0.060861" z="-0.010218" w="-0.997813"></containerEntry>
        </property>
        <property name="transform_translation" type="Vector3" container="StaticArray" arraySize="1">
          <containerEntry x="1420.0349" y="344.29977" z="17.252619" w="0"></containerEntry>
        </property>
      </staticProperties>
      <dynamicProperties></dynamicProperties>
    </entity>
    <entity class="StaticModelArray" classVersion="4" classID="0xD0" addr="0x3370BE0" id="0x0">
      <staticProperties>
        <property name="name" type="String" container="StaticArray" arraySize="1">
          <containerEntry>StaticModelArray0000</containerEntry>
        </property>
        <property name="dataSet" type="EntityHandle" container="StaticArray" arraySize="1">
          <containerEntry>0x33738F0</containerEntry>
        </property>
        <property name="modelFile" type="FilePtr" container="StaticArray" arraySize="1">
          <containerEntry>/Assets/tpp/environ/object/afghanistan/cliff/afgh_clff035/scenes/afgh_clff035_vrtn001_gen8.fmdl</containerEntry>
        </property>
        <property name="geomFile" type="FilePtr" container="StaticArray" arraySize="1">
          <containerEntry>/Assets/tpp/environ/object/afghanistan/cliff/afgh_clff035/scenes/afgh_clff035_vrtn001_gen8.geom</containerEntry>
        </property>
        <property name="isVisibleGeom" type="Bool" container="StaticArray" arraySize="1">
          <containerEntry>false</containerEntry>
        </property>
        <property name="lodFarSize" type="Float" container="StaticArray" arraySize="1">
          <containerEntry>-1</containerEntry>
        </property>
        <property name="lodNearSize" type="Float" container="StaticArray" arraySize="1">
          <containerEntry>-1</containerEntry>
        </property>
        <property name="lodPolygonSize" type="Float" container="StaticArray" arraySize="1">
          <containerEntry>-1</containerEntry>
        </property>
        <property name="drawRejectionLevel" type="Int32" container="StaticArray" arraySize="1">
          <containerEntry>8</containerEntry>
        </property>
        <property name="drawMode" type="Int32" container="StaticArray" arraySize="1">
          <containerEntry>0</containerEntry>
        </property>
        <property name="rejectFarRangeShadowCast" type="Int32" container="StaticArray" arraySize="1">
          <containerEntry>2</containerEntry>
        </property>
        <property name="parentLocator" type="EntityLink" container="StaticArray" arraySize="1">
          <containerEntry packagePathHash="0xB8A0BF169F98" archivePathHash="0xB8A0BF169F98" nameInArchiveHash="0xB8A0BF169F98">0x0</containerEntry>
        </property>
        <property name="transforms" type="Matrix4" container="DynamicArray" arraySize="4">
          <containerEntry r11="0.9977875" r12="-0.065782614" r13="-0.00963109" r14="0" r21="0.064338095" r22="0.9919051" r23="-0.10947494" r24="0" r31="0.01675471" r32="0.108613074" r33="0.99394286" r34="0" r41="1485.5262" r42="357.06036" r43="2.629271" r44="1"></containerEntry>
          <containerEntry r11="0.99259573" r12="-0.083690576" r13="-0.08803122" r14="0" r21="0.07855841" r22="0.995088" r23="-0.06023688" r24="0" r31="0.09264009" r32="0.05287525" r33="0.9942947" r34="0" r41="1462.8574" r42="358.42456" r43="2.101638" r44="1"></containerEntry>
          <containerEntry r11="0.9405774" r12="-0.103982896" r13="0.32326645" r14="0" r21="0.15229467" r22="0.98002726" r23="-0.12787792" r24="0" r31="-0.30351275" r32="0.16951102" r33="0.9376276" r34="0" r41="1502.3029" r42="355.75693" r43="4.819559" r44="1"></containerEntry>
          <containerEntry r11="0.98394924" r12="-0.0968822" r13="0.14985885" r14="0" r21="0.12323289" r22="0.97628975" r23="-0.17796578" r24="0" r31="-0.12906389" r32="0.19357686" r33="0.9725587" r34="0" r41="1523.7953" r42="353.38055" r43="11.726704" r44="1"></containerEntry>
        </property>
        <property name="colors" type="UInt32" container="DynamicArray" arraySize="4">
          <containerEntry>4294967295</containerEntry>
          <containerEntry>4294967295</containerEntry>
          <containerEntry>4294967295</containerEntry>
          <containerEntry>4294967295</containerEntry>
        </property>
      </staticProperties>
      <dynamicProperties></dynamicProperties>
    </entity>
    <entity class="StaticModelArray" classVersion="4" classID="0xD0" addr="0x3370A90" id="0x0">
      <staticProperties>
        <property name="name" type="String" container="StaticArray" arraySize="1">
          <containerEntry>StaticModelArray0001</containerEntry>
        </property>
        <property name="dataSet" type="EntityHandle" container="StaticArray" arraySize="1">
          <containerEntry>0x33738F0</containerEntry>
        </property>
        <property name="modelFile" type="FilePtr" container="StaticArray" arraySize="1">
          <containerEntry>/Assets/tpp/environ/object/afghanistan/rock/afgh_rock001/scenes/afgh_rock001.fmdl</containerEntry>
        </property>
        <property name="geomFile" type="FilePtr" container="StaticArray" arraySize="1">
          <containerEntry>/Assets/tpp/environ/object/afghanistan/rock/afgh_rock001/scenes/afgh_rock001.geom</containerEntry>
        </property>
        <property name="isVisibleGeom" type="Bool" container="StaticArray" arraySize="1">
          <containerEntry>false</containerEntry>
        </property>
        <property name="lodFarSize" type="Float" container="StaticArray" arraySize="1">
          <containerEntry>-1</containerEntry>
        </property>
        <property name="lodNearSize" type="Float" container="StaticArray" arraySize="1">
          <containerEntry>-1</containerEntry>
        </property>
        <property name="lodPolygonSize" type="Float" container="StaticArray" arraySize="1">
          <containerEntry>-1</containerEntry>
        </property>
        <property name="drawRejectionLevel" type="Int32" container="StaticArray" arraySize="1">
          <containerEntry>8</containerEntry>
        </property>
        <property name="drawMode" type="Int32" container="StaticArray" arraySize="1">
          <containerEntry>0</containerEntry>
        </property>
        <property name="rejectFarRangeShadowCast" type="Int32" container="StaticArray" arraySize="1">
          <containerEntry>2</containerEntry>
        </property>
        <property name="parentLocator" type="EntityLink" container="StaticArray" arraySize="1">
          <containerEntry packagePathHash="0xB8A0BF169F98" archivePathHash="0xB8A0BF169F98" nameInArchiveHash="0xB8A0BF169F98">0x0</containerEntry>
        </property>
        <property name="transforms" type="Matrix4" container="DynamicArray" arraySize="4">
          <containerEntry r11="0.9939384" r12="-0.06937399" r13="-0.085286304" r14="0" r21="-0.0748594" r22="-0.995195" r23="-0.06289394" r24="0" r31="-0.08051443" r32="0.06889722" r33="-0.9943557" r34="0" r41="1505.3291" r42="347.58" r43="118.38336" r44="1"></containerEntry>
          <containerEntry r11="0.9939384" r12="-0.06937399" r13="-0.085286304" r14="0" r21="-0.0748594" r22="-0.995195" r23="-0.06289394" r24="0" r31="-0.08051443" r32="0.06889722" r33="-0.9943557" r34="0" r41="1552.3234" r42="341.7031" r43="107.80369" r44="1"></containerEntry>
          <containerEntry r11="0.99393845" r12="-0.069374025" r13="-0.08528526" r14="0" r21="-0.10930899" r22="-0.7064607" r23="-0.6992431" r24="0" r31="-0.011742055" r32="0.70432705" r33="-0.7097616" r34="0" r41="1523.652" r42="344.37738" r43="18.75636" r44="1"></containerEntry>
          <containerEntry r11="0.9939384" r12="-0.06937399" r13="-0.085286304" r14="0" r21="-0.0748594" r22="-0.995195" r23="-0.06289394" r24="0" r31="-0.08051443" r32="0.06889722" r33="-0.9943557" r34="0" r41="1496.7524" r42="336.8581" r43="103.85309" r44="1"></containerEntry>
        </property>
        <property name="colors" type="UInt32" container="DynamicArray" arraySize="4">
          <containerEntry>4294967295</containerEntry>
          <containerEntry>4294967295</containerEntry>
          <containerEntry>4294967295</containerEntry>
          <containerEntry>4294967295</containerEntry>
        </property>
      </staticProperties>
      <dynamicProperties></dynamicProperties>
    </entity>
    <entity class="StaticModelArray" classVersion="4" classID="0xD0" addr="0x3370B00" id="0x0">
      <staticProperties>
        <property name="name" type="String" container="StaticArray" arraySize="1">
          <containerEntry>StaticModelArray0002</containerEntry>
        </property>
        <property name="dataSet" type="EntityHandle" container="StaticArray" arraySize="1">
          <containerEntry>0x33738F0</containerEntry>
        </property>
        <property name="modelFile" type="FilePtr" container="StaticArray" arraySize="1">
          <containerEntry>/Assets/tpp/environ/object/afghanistan/cliff/afgh_clff022/scenes/afgh_clff022_vrtn003.fmdl</containerEntry>
        </property>
        <property name="geomFile" type="FilePtr" container="StaticArray" arraySize="1">
          <containerEntry>/Assets/tpp/environ/object/afghanistan/cliff/afgh_clff022/scenes/afgh_clff022_vrtn003.geom</containerEntry>
        </property>
        <property name="isVisibleGeom" type="Bool" container="StaticArray" arraySize="1">
          <containerEntry>false</containerEntry>
        </property>
        <property name="lodFarSize" type="Float" container="StaticArray" arraySize="1">
          <containerEntry>-1</containerEntry>
        </property>
        <property name="lodNearSize" type="Float" container="StaticArray" arraySize="1">
          <containerEntry>-1</containerEntry>
        </property>
        <property name="lodPolygonSize" type="Float" container="StaticArray" arraySize="1">
          <containerEntry>-1</containerEntry>
        </property>
        <property name="drawRejectionLevel" type="Int32" container="StaticArray" arraySize="1">
          <containerEntry>8</containerEntry>
        </property>
        <property name="drawMode" type="Int32" container="StaticArray" arraySize="1">
          <containerEntry>0</containerEntry>
        </property>
        <property name="rejectFarRangeShadowCast" type="Int32" container="StaticArray" arraySize="1">
          <containerEntry>2</containerEntry>
        </property>
        <property name="parentLocator" type="EntityLink" container="StaticArray" arraySize="1">
          <containerEntry packagePathHash="0xB8A0BF169F98" archivePathHash="0xB8A0BF169F98" nameInArchiveHash="0xB8A0BF169F98">0x0</containerEntry>
        </property>
        <property name="transforms" type="Matrix4" container="DynamicArray" arraySize="2">
          <containerEntry r11="-0.7642386" r12="-0.015696011" r13="0.6447429" r14="0" r21="-0.016011786" r22="0.9998574" r23="0.005361752" r24="0" r31="-0.64473516" r32="-0.0062258276" r33="-0.76438093" r34="0" r41="1435.8495" r42="336.7792" r43="35.810772" r44="1"></containerEntry>
          <containerEntry r11="-0.8808056" r12="-0.011567042" r13="-0.47333905" r14="0" r21="-0.016012166" r22="0.9998574" r23="0.0053623216" r24="0" r31="0.47320953" r32="0.012302336" r33="-0.8808652" r34="0" r41="1480.861" r42="341.50897" r43="27.441761" r44="1"></containerEntry>
        </property>
        <property name="colors" type="UInt32" container="DynamicArray" arraySize="2">
          <containerEntry>4294967295</containerEntry>
          <containerEntry>4294967295</containerEntry>
        </property>
      </staticProperties>
      <dynamicProperties></dynamicProperties>
    </entity>
    <entity class="StaticModelArray" classVersion="4" classID="0xD0" addr="0x3370860" id="0x0">
      <staticProperties>
        <property name="name" type="String" container="StaticArray" arraySize="1">
          <containerEntry>StaticModelArray0003</containerEntry>
        </property>
        <property name="dataSet" type="EntityHandle" container="StaticArray" arraySize="1">
          <containerEntry>0x33738F0</containerEntry>
        </property>
        <property name="modelFile" type="FilePtr" container="StaticArray" arraySize="1">
          <containerEntry>/Assets/tpp/environ/object/afghanistan/cliff/afgh_clff022/scenes/afgh_clff022_vrtn004.fmdl</containerEntry>
        </property>
        <property name="geomFile" type="FilePtr" container="StaticArray" arraySize="1">
          <containerEntry>/Assets/tpp/environ/object/afghanistan/cliff/afgh_clff022/scenes/afgh_clff022_vrtn004.geom</containerEntry>
        </property>
        <property name="isVisibleGeom" type="Bool" container="StaticArray" arraySize="1">
          <containerEntry>false</containerEntry>
        </property>
        <property name="lodFarSize" type="Float" container="StaticArray" arraySize="1">
          <containerEntry>-1</containerEntry>
        </property>
        <property name="lodNearSize" type="Float" container="StaticArray" arraySize="1">
          <containerEntry>-1</containerEntry>
        </property>
        <property name="lodPolygonSize" type="Float" container="StaticArray" arraySize="1">
          <containerEntry>-1</containerEntry>
        </property>
        <property name="drawRejectionLevel" type="Int32" container="StaticArray" arraySize="1">
          <containerEntry>8</containerEntry>
        </property>
        <property name="drawMode" type="Int32" container="StaticArray" arraySize="1">
          <containerEntry>0</containerEntry>
        </property>
        <property name="rejectFarRangeShadowCast" type="Int32" container="StaticArray" arraySize="1">
          <containerEntry>2</containerEntry>
        </property>
        <property name="parentLocator" type="EntityLink" container="StaticArray" arraySize="1">
          <containerEntry packagePathHash="0xB8A0BF169F98" archivePathHash="0xB8A0BF169F98" nameInArchiveHash="0xB8A0BF169F98">0x0</containerEntry>
        </property>
        <property name="transforms" type="Matrix4" container="DynamicArray" arraySize="2">
          <containerEntry r11="-0.9910558" r12="0.0059897825" r13="0.1332326" r14="0" r21="0.012519104" r22="0.99875814" r23="0.048223093" r24="0" r31="-0.13277829" r32="0.049460262" r33="-0.9899" r34="0" r41="1535.0082" r42="351.00635" r43="125.70249" r44="1"></containerEntry>
          <containerEntry r11="-0.96517634" r12="0.024672836" r13="-0.26039457" r14="0" r21="0.012520891" r22="0.9987581" r23="0.048223477" r24="0" r31="0.261261" r32="0.043284263" r33="-0.96428657" r34="0" r41="1495.6752" r42="353.86563" r43="122.66293" r44="1"></containerEntry>
        </property>
        <property name="colors" type="UInt32" container="DynamicArray" arraySize="2">
          <containerEntry>4294967295</containerEntry>
          <containerEntry>4294967295</containerEntry>
        </property>
      </staticProperties>
      <dynamicProperties></dynamicProperties>
    </entity>
    <entity class="StaticModelArray" classVersion="4" classID="0xD0" addr="0x33705C0" id="0x0">
      <staticProperties>
        <property name="name" type="String" container="StaticArray" arraySize="1">
          <containerEntry>StaticModelArray0004</containerEntry>
        </property>
        <property name="dataSet" type="EntityHandle" container="StaticArray" arraySize="1">
          <containerEntry>0x33738F0</containerEntry>
        </property>
        <property name="modelFile" type="FilePtr" container="StaticArray" arraySize="1">
          <containerEntry>/Assets/tpp/environ/object/afghanistan/rock/afgh_rock010/scenes/afgh_rock010.fmdl</containerEntry>
        </property>
        <property name="geomFile" type="FilePtr" container="StaticArray" arraySize="1">
          <containerEntry>/Assets/tpp/environ/object/afghanistan/rock/afgh_rock010/scenes/afgh_rock010.geom</containerEntry>
        </property>
        <property name="isVisibleGeom" type="Bool" container="StaticArray" arraySize="1">
          <containerEntry>false</containerEntry>
        </property>
        <property name="lodFarSize" type="Float" container="StaticArray" arraySize="1">
          <containerEntry>-1</containerEntry>
        </property>
        <property name="lodNearSize" type="Float" container="StaticArray" arraySize="1">
          <containerEntry>-1</containerEntry>
        </property>
        <property name="lodPolygonSize" type="Float" container="StaticArray" arraySize="1">
          <containerEntry>-1</containerEntry>
        </property>
        <property name="drawRejectionLevel" type="Int32" container="StaticArray" arraySize="1">
          <containerEntry>8</containerEntry>
        </property>
        <property name="drawMode" type="Int32" container="StaticArray" arraySize="1">
          <containerEntry>0</containerEntry>
        </property>
        <property name="rejectFarRangeShadowCast" type="Int32" container="StaticArray" arraySize="1">
          <containerEntry>2</containerEntry>
        </property>
        <property name="parentLocator" type="EntityLink" container="StaticArray" arraySize="1">
          <containerEntry packagePathHash="0xB8A0BF169F98" archivePathHash="0xB8A0BF169F98" nameInArchiveHash="0xB8A0BF169F98">0x0</containerEntry>
        </property>
        <property name="transforms" type="Matrix4" container="DynamicArray" arraySize="3">
          <containerEntry r11="-0.99673927" r12="-0.033919208" r13="-0.073148265" r14="0" r21="0.0044569895" r22="0.8826452" r23="-0.47001812" r24="0" r31="0.08050662" r32="-0.4688138" r33="-0.87961537" r34="0" r41="1494.2064" r42="329.49124" r43="87.715576" r44="1"></containerEntry>
          <containerEntry r11="-0.8459003" r12="-0.1835443" r13="0.5007551" r14="0" r21="-0.1803297" r22="0.98204863" r23="0.05533169" r24="0" r31="-0.50192165" r32="-0.04349589" r33="-0.86381376" r34="0" r41="1520.3549" r42="332.59073" r43="53.216995" r44="1"></containerEntry>
          <containerEntry r11="-1.3855386" r12="-0.1896685" r13="0.24633616" r14="0" r21="-0.2972193" r22="1.1381351" r23="-0.7954285" r24="0" r31="-0.09119389" r32="-0.82769054" r33="-1.1502117" r34="0" r41="1408.4573" r42="344.64185" r43="122.567406" r44="1"></containerEntry>
        </property>
        <property name="colors" type="UInt32" container="DynamicArray" arraySize="3">
          <containerEntry>4294967295</containerEntry>
          <containerEntry>4294967295</containerEntry>
          <containerEntry>4294967295</containerEntry>
        </property>
      </staticProperties>
      <dynamicProperties></dynamicProperties>
    </entity>
    <entity class="StaticModelArray" classVersion="4" classID="0xD0" addr="0x3370940" id="0x0">
      <staticProperties>
        <property name="name" type="String" container="StaticArray" arraySize="1">
          <containerEntry>StaticModelArray0005</containerEntry>
        </property>
        <property name="dataSet" type="EntityHandle" container="StaticArray" arraySize="1">
          <containerEntry>0x33738F0</containerEntry>
        </property>
        <property name="modelFile" type="FilePtr" container="StaticArray" arraySize="1">
          <containerEntry>/Assets/tpp/environ/object/afghanistan/cliff/afgh_clff022/scenes/afgh_clff022_vrtn002.fmdl</containerEntry>
        </property>
        <property name="geomFile" type="FilePtr" container="StaticArray" arraySize="1">
          <containerEntry>/Assets/tpp/environ/object/afghanistan/cliff/afgh_clff022/scenes/afgh_clff022_vrtn002.geom</containerEntry>
        </property>
        <property name="isVisibleGeom" type="Bool" container="StaticArray" arraySize="1">
          <containerEntry>false</containerEntry>
        </property>
        <property name="lodFarSize" type="Float" container="StaticArray" arraySize="1">
          <containerEntry>-1</containerEntry>
        </property>
        <property name="lodNearSize" type="Float" container="StaticArray" arraySize="1">
          <containerEntry>-1</containerEntry>
        </property>
        <property name="lodPolygonSize" type="Float" container="StaticArray" arraySize="1">
          <containerEntry>-1</containerEntry>
        </property>
        <property name="drawRejectionLevel" type="Int32" container="StaticArray" arraySize="1">
          <containerEntry>8</containerEntry>
        </property>
        <property name="drawMode" type="Int32" container="StaticArray" arraySize="1">
          <containerEntry>0</containerEntry>
        </property>
        <property name="rejectFarRangeShadowCast" type="Int32" container="StaticArray" arraySize="1">
          <containerEntry>2</containerEntry>
        </property>
        <property name="parentLocator" type="EntityLink" container="StaticArray" arraySize="1">
          <containerEntry packagePathHash="0xB8A0BF169F98" archivePathHash="0xB8A0BF169F98" nameInArchiveHash="0xB8A0BF169F98">0x0</containerEntry>
        </property>
        <property name="transforms" type="Matrix4" container="DynamicArray" arraySize="3">
          <containerEntry r11="-0.94665265" r12="0.052327637" r13="-0.3179823" r14="0" r21="0.04960416" r22="0.99863" r23="0.0166616" r24="0" r31="0.31841853" r32="-5.066395e-07" r33="-0.9479514" r34="0" r41="1467.52" r42="330.31635" r43="92.54958" r44="1"></containerEntry>
          <containerEntry r11="0.9994898" r12="0.015522888" r13="-0.0279137" r14="0" r21="-0.015684992" r22="0.9998613" r23="-0.005597747" r24="0" r31="0.027822938" r32="0.0060327174" r33="0.9995946" r34="0" r41="1459.7506" r42="336.15115" r43="32.660355" r44="1"></containerEntry>
          <containerEntry r11="-0.92901933" r12="-0.022069834" r13="0.36937028" r14="0" r21="0.009628307" r22="0.99644" r23="0.08375375" r24="0" r31="-0.36990374" r32="0.08136533" r33="-0.9254995" r34="0" r41="1454.5342" r42="353.91907" r43="122.21334" r44="1"></containerEntry>
        </property>
        <property name="colors" type="UInt32" container="DynamicArray" arraySize="3">
          <containerEntry>4294967295</containerEntry>
          <containerEntry>4294967295</containerEntry>
          <containerEntry>4294967295</containerEntry>
        </property>
      </staticProperties>
      <dynamicProperties></dynamicProperties>
    </entity>
    <entity class="StaticModelArray" classVersion="4" classID="0xD0" addr="0x317DBB0" id="0x0">
      <staticProperties>
        <property name="name" type="String" container="StaticArray" arraySize="1">
          <containerEntry>StaticModelArray0006</containerEntry>
        </property>
        <property name="dataSet" type="EntityHandle" container="StaticArray" arraySize="1">
          <containerEntry>0x33738F0</containerEntry>
        </property>
        <property name="modelFile" type="FilePtr" container="StaticArray" arraySize="1">
          <containerEntry>/Assets/tpp/environ/object/afghanistan/rock/afgh_rock009/scenes/afgh_rock009_rock001.fmdl</containerEntry>
        </property>
        <property name="geomFile" type="FilePtr" container="StaticArray" arraySize="1">
          <containerEntry>/Assets/tpp/environ/object/afghanistan/rock/afgh_rock009/scenes/afgh_rock009_rock001.geom</containerEntry>
        </property>
        <property name="isVisibleGeom" type="Bool" container="StaticArray" arraySize="1">
          <containerEntry>false</containerEntry>
        </property>
        <property name="lodFarSize" type="Float" container="StaticArray" arraySize="1">
          <containerEntry>-1</containerEntry>
        </property>
        <property name="lodNearSize" type="Float" container="StaticArray" arraySize="1">
          <containerEntry>-1</containerEntry>
        </property>
        <property name="lodPolygonSize" type="Float" container="StaticArray" arraySize="1">
          <containerEntry>-1</containerEntry>
        </property>
        <property name="drawRejectionLevel" type="Int32" container="StaticArray" arraySize="1">
          <containerEntry>8</containerEntry>
        </property>
        <property name="drawMode" type="Int32" container="StaticArray" arraySize="1">
          <containerEntry>0</containerEntry>
        </property>
        <property name="rejectFarRangeShadowCast" type="Int32" container="StaticArray" arraySize="1">
          <containerEntry>2</containerEntry>
        </property>
        <property name="parentLocator" type="EntityLink" container="StaticArray" arraySize="1">
          <containerEntry packagePathHash="0xB8A0BF169F98" archivePathHash="0xB8A0BF169F98" nameInArchiveHash="0xB8A0BF169F98">0x0</containerEntry>
        </property>
        <property name="transforms" type="Matrix4" container="DynamicArray" arraySize="11">
          <containerEntry r11="-0.07426652" r12="-0.98984283" r13="-0.12122485" r14="0" r21="-0.9451192" r22="0.031078935" r23="0.3252438" r24="0" r31="-0.31817275" r32="0.13872671" r33="-0.93782765" r34="0" r41="1420.9083" r42="361.6674" r43="-4.245003" r44="1"></containerEntry>
          <containerEntry r11="-0.80828047" r12="-0.074190535" r13="-0.58410335" r14="0" r21="-0.063258596" r22="-0.9753447" r23="0.21142165" r24="0" r31="-0.5853882" r32="0.20783775" r33="0.7836606" r34="0" r41="1416.2189" r42="332.37775" r43="105.090805" r44="1"></containerEntry>
          <containerEntry r11="0.2531767" r12="0.7826607" r13="-0.56862915" r14="0" r21="0.03843993" r22="-0.5954498" r23="-0.80246615" r24="0" r31="-0.9666537" r32="0.18130574" r33="-0.18083583" r34="0" r41="1477.818" r42="342.682" r43="15.354551" r44="1"></containerEntry>
          <containerEntry r11="0.41146687" r12="0.89039236" r13="-0.19466266" r14="0" r21="0.86169165" r22="-0.44962078" r23="-0.23520531" r24="0" r31="-0.2969506" r32="-0.070960745" r33="-0.9522475" r34="0" r41="1508.8185" r42="341.9339" r43="26.612381" r44="1"></containerEntry>
          <containerEntry r11="-0.97166634" r12="-0.12679794" r13="-0.19944474" r14="0" r21="0.1313053" r22="-0.99129224" r23="-0.009482067" r24="0" r31="-0.19650659" r32="-0.035401657" r33="0.97986317" r34="0" r41="1463.4037" r42="337.96204" r43="29.91915" r44="1"></containerEntry>
          <containerEntry r11="-0.7038788" r12="0.46285462" r13="-0.53881043" r14="0" r21="-0.16481222" r22="-0.8442667" r23="-0.5099479" r24="0" r31="-0.6909327" r32="-0.27013978" r33="0.6705489" r34="0" r41="1482.8473" r42="327.98868" r43="81.66618" r44="1"></containerEntry>
          <containerEntry r11="0.054583192" r12="0.9815383" r13="-0.18331462" r14="0" r21="-0.85986257" r22="-0.047123477" r23="-0.5083472" r24="0" r31="-0.5076003" r32="0.18537277" r33="0.84141487" r34="0" r41="1465.2379" r42="332.37695" r43="86.739586" r44="1"></containerEntry>
          <containerEntry r11="-0.97166634" r12="-0.12679794" r13="-0.19944474" r14="0" r21="0.1313053" r22="-0.99129224" r23="-0.009482067" r24="0" r31="-0.19650659" r32="-0.035401657" r33="0.97986317" r34="0" r41="1505.7024" r42="331.63312" r43="95.91586" r44="1"></containerEntry>
          <containerEntry r11="-0.80827945" r12="-0.07419084" r13="-0.5841036" r14="0" r21="0.08020438" r22="-0.99665457" r23="0.015605238" r24="0" r31="-0.5833082" r32="-0.034234293" r33="0.8115289" r34="0" r41="1416.1538" r42="325.62878" r43="64.0976" r44="1"></containerEntry>
          <containerEntry r11="-0.27058613" r12="0.63996536" r13="-0.7191796" r14="0" r21="0.52748686" r22="-0.52636045" r23="-0.6668527" r24="0" r31="-0.8053152" r32="-0.5598028" r33="-0.19514236" r34="0" r41="1496.6929" r42="326.4447" r43="54.75801" r44="1"></containerEntry>
          <containerEntry r11="0.41146594" r12="0.89039266" r13="-0.19466394" r14="0" r21="-0.24191213" r22="-0.09922731" r23="-0.9652086" r24="0" r31="-0.878733" r32="0.44424087" r33="0.17457004" r34="0" r41="1522.9622" r42="335.9607" r43="36.7405" r44="1"></containerEntry>
        </property>
        <property name="colors" type="UInt32" container="DynamicArray" arraySize="11">
          <containerEntry>4294967295</containerEntry>
          <containerEntry>4294967295</containerEntry>
          <containerEntry>4294967295</containerEntry>
          <containerEntry>4294967295</containerEntry>
          <containerEntry>4294967295</containerEntry>
          <containerEntry>4294967295</containerEntry>
          <containerEntry>4294967295</containerEntry>
          <containerEntry>4294967295</containerEntry>
          <containerEntry>4294967295</containerEntry>
          <containerEntry>4294967295</containerEntry>
          <containerEntry>4294967295</containerEntry>
        </property>
      </staticProperties>
      <dynamicProperties></dynamicProperties>
    </entity>
    <entity class="StaticModelArray" classVersion="4" classID="0xD0" addr="0x3370A20" id="0x0">
      <staticProperties>
        <property name="name" type="String" container="StaticArray" arraySize="1">
          <containerEntry>StaticModelArray0007</containerEntry>
        </property>
        <property name="dataSet" type="EntityHandle" container="StaticArray" arraySize="1">
          <containerEntry>0x33738F0</containerEntry>
        </property>
        <property name="modelFile" type="FilePtr" container="StaticArray" arraySize="1">
          <containerEntry>/Assets/tpp/environ/object/afghanistan/cliff/afgh_clff007/scenes/afgh_clff007.fmdl</containerEntry>
        </property>
        <property name="geomFile" type="FilePtr" container="StaticArray" arraySize="1">
          <containerEntry>/Assets/tpp/environ/object/afghanistan/cliff/afgh_clff007/scenes/afgh_clff007.geom</containerEntry>
        </property>
        <property name="isVisibleGeom" type="Bool" container="StaticArray" arraySize="1">
          <containerEntry>false</containerEntry>
        </property>
        <property name="lodFarSize" type="Float" container="StaticArray" arraySize="1">
          <containerEntry>-1</containerEntry>
        </property>
        <property name="lodNearSize" type="Float" container="StaticArray" arraySize="1">
          <containerEntry>-1</containerEntry>
        </property>
        <property name="lodPolygonSize" type="Float" container="StaticArray" arraySize="1">
          <containerEntry>-1</containerEntry>
        </property>
        <property name="drawRejectionLevel" type="Int32" container="StaticArray" arraySize="1">
          <containerEntry>8</containerEntry>
        </property>
        <property name="drawMode" type="Int32" container="StaticArray" arraySize="1">
          <containerEntry>0</containerEntry>
        </property>
        <property name="rejectFarRangeShadowCast" type="Int32" container="StaticArray" arraySize="1">
          <containerEntry>2</containerEntry>
        </property>
        <property name="parentLocator" type="EntityLink" container="StaticArray" arraySize="1">
          <containerEntry packagePathHash="0xB8A0BF169F98" archivePathHash="0xB8A0BF169F98" nameInArchiveHash="0xB8A0BF169F98">0x0</containerEntry>
        </property>
        <property name="transforms" type="Matrix4" container="DynamicArray" arraySize="7">
          <containerEntry r11="-0.9628514" r12="0.13319221" r13="0.23488484" r14="0" r21="0.1324257" r22="0.9910087" r23="-0.019107148" r24="0" r31="-0.23531787" r32="0.012707434" r33="-0.9718322" r34="0" r41="1416.3494" r42="324.1098" r43="64.62806" r44="1"></containerEntry>
          <containerEntry r11="0.99386185" r12="-0.04020743" r13="0.103062764" r14="0" r21="0.02407787" r22="0.9878994" r23="0.15321532" r24="0" r31="-0.10797605" r32="-0.14979333" r33="0.98280364" r34="0" r41="1450.0867" r42="323.9266" r43="49.977345" r44="1"></containerEntry>
          <containerEntry r11="0.97341067" r12="-0.058089875" r13="0.22157876" r14="0" r21="0.024077794" r22="0.98789936" r23="0.15321568" r24="0" r31="-0.22779782" r32="-0.14380664" r33="0.96303046" r34="0" r41="1460.7295" r42="323.56927" r43="50.867813" r44="1"></containerEntry>
          <containerEntry r11="0.99406165" r12="-0.0028208331" r13="0.108781986" r14="0" r21="-0.013522478" r22="0.9887134" r23="0.14920793" r24="0" r31="-0.10797509" r32="-0.1497929" r33="0.9828039" r34="0" r41="1469.9507" r42="323.47894" r43="51.340004" r44="1"></containerEntry>
          <containerEntry r11="-0.8924165" r12="-0.20406583" r13="0.40243125" r14="0" r21="-0.12710103" r22="0.9694605" r23="0.20974211" r24="0" r31="-0.4329424" r32="0.1360278" r33="-0.89109945" r34="0" r41="1535.6472" r42="334.5846" r43="56.65847" r44="1"></containerEntry>
          <containerEntry r11="-0.45635077" r12="-0.01445693" r13="0.88968176" r14="0" r21="-0.0422213" r22="0.9990936" r23="-0.005422078" r24="0" r31="-0.888797" r32="-0.040037908" r33="-0.4565475" r34="0" r41="1543.2797" r42="336.0685" r43="38.08039" r44="1"></containerEntry>
          <containerEntry r11="-0.16220687" r12="-0.0015007108" r13="0.9867552" r14="0" r21="-0.04222168" r22="0.99909353" r23="-0.0054211114" r24="0" r31="-0.98585266" r32="-0.042541824" r33="-0.1621232" r34="0" r41="1540.0682" r42="335.8992" r43="48.14323" r44="1"></containerEntry>
        </property>
        <property name="colors" type="UInt32" container="DynamicArray" arraySize="7">
          <containerEntry>4294967295</containerEntry>
          <containerEntry>4294967295</containerEntry>
          <containerEntry>4294967295</containerEntry>
          <containerEntry>4294967295</containerEntry>
          <containerEntry>4294967295</containerEntry>
          <containerEntry>4294967295</containerEntry>
          <containerEntry>4294967295</containerEntry>
        </property>
      </staticProperties>
      <dynamicProperties></dynamicProperties>
    </entity>
    <entity class="StaticModelArray" classVersion="4" classID="0xD0" addr="0x3370400" id="0x0">
      <staticProperties>
        <property name="name" type="String" container="StaticArray" arraySize="1">
          <containerEntry>StaticModelArray0008</containerEntry>
        </property>
        <property name="dataSet" type="EntityHandle" container="StaticArray" arraySize="1">
          <containerEntry>0x33738F0</containerEntry>
        </property>
        <property name="modelFile" type="FilePtr" container="StaticArray" arraySize="1">
