<fox formatVersion="2" fileVersion="0">
  <entities>
    <entity class="DataSet" classVersion="0" classID="0xE8" addr="0x3304220" id="0x16F02CA">
      <staticProperties>
        <property name="name" type="String" container="StaticArray" arraySize="1">
          <containerEntry hash="0xB8A0BF169F98"></containerEntry>
        </property>
        <property name="dataSet" type="EntityHandle" container="StaticArray" arraySize="1">
          <containerEntry>0x0</containerEntry>
        </property>
        <property name="dataList" type="EntityPtr" container="StringMap" arraySize="3">
          <containerEntry key="StaticModelArray0000">
            <data>0x317A6C0</data>
          </containerEntry>
          <containerEntry key="StaticModelArray0001">
            <data>0x317A960</data>
          </containerEntry>
          <containerEntry key="TexturePackLoadConditioner0000">
            <data>0x317B290</data>
          </containerEntry>
        </property>
      </staticProperties>
      <dynamicProperties></dynamicProperties>
    </entity>
    <entity class="StaticModelArray" classVersion="4" classID="0xD0" addr="0x317A6C0" id="0x0">
      <staticProperties>
        <property name="name" type="String" container="StaticArray" arraySize="1">
          <containerEntry>StaticModelArray0000</containerEntry>
        </property>
        <property name="dataSet" type="EntityHandle" container="StaticArray" arraySize="1">
          <containerEntry>0x3304220</containerEntry>
        </property>
        <property name="modelFile" type="FilePtr" container="StaticArray" arraySize="1">
          <containerEntry>/Assets/tpp/environ/object/middle_africa/rock/mafr_rock002/scenes/mafr_rock002.fmdl</containerEntry>
        </property>
        <property name="geomFile" type="FilePtr" container="StaticArray" arraySize="1">
          <containerEntry>/Assets/tpp/environ/object/middle_africa/rock/mafr_rock002/scenes/mafr_rock002.geom</containerEntry>
        </property>
        <property name="isVisibleGeom" type="Bool" container="StaticArray" arraySize="1">
          <containerEntry>false</containerEntry>
        </property>
        <property name="lodFarSize" type="Float" container="StaticArray" arraySize="1">
          <containerEntry>-1</containerEntry>
        </property>
        <property name="lodNearSize" type="Float" container="StaticArray" arraySize="1">
          <containerEntry>-1</containerEntry>
        </property>
        <property name="lodPolygonSize" type="Float" container="StaticArray" arraySize="1">
          <containerEntry>-1</containerEntry>
        </property>
        <property name="drawRejectionLevel" type="Int32" container="StaticArray" arraySize="1">
          <containerEntry>8</containerEntry>
        </property>
        <property name="drawMode" type="Int32" container="StaticArray" arraySize="1">
          <containerEntry>0</containerEntry>
        </property>
        <property name="rejectFarRangeShadowCast" type="Int32" container="StaticArray" arraySize="1">
          <containerEntry>2</containerEntry>
        </property>
        <property name="parentLocator" type="EntityLink" container="StaticArray" arraySize="1">
          <containerEntry packagePathHash="0xB8A0BF169F98" archivePathHash="0xB8A0BF169F98" nameInArchiveHash="0xB8A0BF169F98">0x0</containerEntry>
        </property>
        <property name="transforms" type="Matrix4" container="DynamicArray" arraySize="7">
          <containerEntry r11="0.8532241" r12="-0.0013415068" r13="0.52154225" r14="0" r21="-0.087387495" r22="0.9854917" r23="0.14549735" r24="0" r31="-0.5141707" r32="-0.16971815" r33="0.84072804" r34="0" r41="1633.9081" r42="55.39163" r43="-433.1424" r44="1"></containerEntry>
          <containerEntry r11="0.565317" r12="-0.010144919" r13="0.8248101" r14="0" r21="-0.010229843" r22="0.9997612" r23="0.019308142" r24="0" r31="-0.824809" r32="-0.019352898" r33="0.5650782" r34="0" r41="1589.5895" r42="52.639095" r43="-457.58752" r44="1"></containerEntry>
          <containerEntry r11="-0.29139376" r12="0.015491134" r13="-0.95647544" r14="0" r21="-0.010229945" r22="0.9997612" r23="0.019308772" r24="0" r31="0.9565461" r32="0.015411206" r33="-0.2911657" r34="0" r41="1585.4987" r42="53.151253" r43="-467.72858" r44="1"></containerEntry>
          <containerEntry r11="0.4499305" r12="-0.0101454435" r13="0.8930048" r14="0" r21="-0.01272001" r22="0.9997612" r23="0.017767092" r24="0" r31="-0.89297175" r32="-0.01935299" r33="0.44969398" r34="0" r41="1548.083" r42="41.09941" r43="-394.3138" r44="1"></containerEntry>
          <containerEntry r11="0.5209875" r12="-0.011152107" r13="0.85349065" r14="0" r21="-0.09277162" r22="0.9932513" r23="0.069607735" r24="0" r31="-0.848507" r32="-0.11544454" r33="0.51643693" r34="0" r41="1619.364" r42="68.66439" r43="-508.28" r44="1"></containerEntry>
          <containerEntry r11="0.9646894" r12="0.024555493" r13="0.2622428" r14="0" r21="-0.03167221" r22="0.9992349" r23="0.022944888" r24="0" r31="-0.26147872" r32="-0.030440507" r33="0.9647291" r34="0" r41="1646.5972" r42="67.32825" r43="-483.16376" r44="1"></containerEntry>
          <containerEntry r11="0.96447057" r12="0.03085675" r13="0.262382" r14="0" r21="-0.084832326" r22="0.9767339" r23="0.19696246" r24="0" r31="-0.25019976" r32="-0.21222298" r33="0.9446488" r34="0" r41="1665.7743" r42="67.53942" r43="-474.44788" r44="1"></containerEntry>
        </property>
        <property name="colors" type="UInt32" container="DynamicArray" arraySize="7">
          <containerEntry>4294967295</containerEntry>
          <containerEntry>4294967295</containerEntry>
          <containerEntry>4294967295</containerEntry>
          <containerEntry>4294967295</containerEntry>
          <containerEntry>4294967295</containerEntry>
          <containerEntry>4294967295</containerEntry>
          <containerEntry>4294967295</containerEntry>
        </property>
      </staticProperties>
      <dynamicProperties></dynamicProperties>
    </entity>
    <entity class="StaticModelArray" classVersion="4" classID="0xD0" addr="0x317A960" id="0x0">
      <staticProperties>
        <property name="name" type="String" container="StaticArray" arraySize="1">
          <containerEntry>StaticModelArray0001</containerEntry>
        </property>
        <property name="dataSet" type="EntityHandle" container="StaticArray" arraySize="1">
          <containerEntry>0x3304220</containerEntry>
        </property>
        <property name="modelFile" type="FilePtr" container="StaticArray" arraySize="1">
          <containerEntry>/Assets/tpp/environ/object/middle_africa/cliff/mafr_clff003/scenes/mafr_clff003_vrtn001.fmdl</containerEntry>
        </property>
        <property name="geomFile" type="FilePtr" container="StaticArray" arraySize="1">
          <containerEntry>/Assets/tpp/environ/object/middle_africa/cliff/mafr_clff003/scenes/mafr_clff003_vrtn001.geom</containerEntry>
        </property>
        <property name="isVisibleGeom" type="Bool" container="StaticArray" arraySize="1">
          <containerEntry>false</containerEntry>
        </property>
        <property name="lodFarSize" type="Float" container="StaticArray" arraySize="1">
          <containerEntry>-1</containerEntry>
        </property>
        <property name="lodNearSize" type="Float" container="StaticArray" arraySize="1">
          <containerEntry>-1</containerEntry>
        </property>
        <property name="lodPolygonSize" type="Float" container="StaticArray" arraySize="1">
          <containerEntry>-1</containerEntry>
        </property>
        <property name="drawRejectionLevel" type="Int32" container="StaticArray" arraySize="1">
          <containerEntry>8</containerEntry>
        </property>
        <property name="drawMode" type="Int32" container="StaticArray" arraySize="1">
          <containerEntry>0</containerEntry>
        </property>
        <property name="rejectFarRangeShadowCast" type="Int32" container="StaticArray" arraySize="1">
          <containerEntry>2</containerEntry>
        </property>
        <property name="parentLocator" type="EntityLink" container="StaticArray" arraySize="1">
          <containerEntry packagePathHash="0xB8A0BF169F98" archivePathHash="0xB8A0BF169F98" nameInArchiveHash="0xB8A0BF169F98">0x0</containerEntry>
        </property>
        <property name="transforms" type="Matrix4" container="DynamicArray" arraySize="3">
          <containerEntry r11="0.8770064" r12="0.07137618" r13="0.4751461" r14="0" r21="0.20240587" r22="0.84199536" r23="-0.50007397" r24="0" r31="-0.435764" r32="0.5347406" r33="0.7239884" r34="0" r41="1576.8599" r42="42.803463" r43="-423.06598" r44="1"></containerEntry>
          <containerEntry r11="0.6180975" r12="0.071375474" r13="0.7828518" r14="0" r21="0.38343245" r22="0.8419952" r23="-0.37950224" r24="0" r31="-0.68624413" r32="0.534741" r33="0.49306762" r34="0" r41="1613.8251" r42="52.817207" r43="-455.05588" r44="1"></containerEntry>
          <containerEntry r11="0.6173409" r12="0.041559264" r13="0.7855945" r14="0" r21="0.33433473" r22="0.89007586" r23="-0.3098129" r24="0" r31="-0.7121139" r32="0.4539125" r33="0.5355857" r34="0" r41="1583.3005" r42="53.52166" r43="-495.94858" r44="1"></containerEntry>
        </property>
        <property name="colors" type="UInt32" container="DynamicArray" arraySize="3">
          <containerEntry>4294967295</containerEntry>
          <containerEntry>4294967295</containerEntry>
          <containerEntry>4294967295</containerEntry>
        </property>
      </staticProperties>
      <dynamicProperties></dynamicProperties>
    </entity>
    <entity class="TexturePackLoadConditioner" classVersion="0" classID="0x48" addr="0x317B290" id="0x0">
      <staticProperties>
        <property name="name" type="String" container="StaticArray" arraySize="1">
          <containerEntry>TexturePackLoadConditioner0000</containerEntry>
        </property>
        <property name="dataSet" type="EntityHandle" container="StaticArray" arraySize="1">
          <containerEntry>0x3304220</containerEntry>
        </property>
        <property name="texturePackPath" type="Path" container="StaticArray" arraySize="1">
          <containerEntry hash="0xB8A0BF169F98"></containerEntry>
        </property>
      </staticProperties>
      <dynamicProperties></dynamicProperties>
    </entity>
  </entities>
</fox>