<fox formatVersion="2" fileVersion="0">
  <entities>
    <entity class="DataSet" classVersion="0" classID="0xE8" addr="0x3353730" id="0xB7BF">
      <staticProperties>
        <property name="name" type="String" container="StaticArray" arraySize="1">
          <containerEntry hash="0xB8A0BF169F98"></containerEntry>
        </property>
        <property name="dataSet" type="EntityHandle" container="StaticArray" arraySize="1">
          <containerEntry>0x0</containerEntry>
        </property>
        <property name="dataList" type="EntityPtr" container="StringMap" arraySize="12">
          <containerEntry key="afgh_clff022_vrtn002_0011">
            <data>0x33539D0</data>
          </containerEntry>
          <containerEntry key="StaticModelArray0000">
            <data>0x317BA00</data>
          </containerEntry>
          <containerEntry key="StaticModelArray0001">
            <data>0x317BA70</data>
          </containerEntry>
          <containerEntry key="StaticModelArray0002">
            <data>0x317BAE0</data>
          </containerEntry>
          <containerEntry key="StaticModelArray0003">
            <data>0x317BB50</data>
          </containerEntry>
          <containerEntry key="StaticModelArray0004">
            <data>0x317BC30</data>
          </containerEntry>
          <containerEntry key="StaticModelArray0005">
            <data>0x317BCA0</data>
          </containerEntry>
          <containerEntry key="StaticModelArray0006">
            <data>0x317B5A0</data>
          </containerEntry>
          <containerEntry key="StaticModelArray0007">
            <data>0x317B990</data>
          </containerEntry>
          <containerEntry key="StaticModelArray0008">
            <data>0x317B8B0</data>
          </containerEntry>
          <containerEntry key="StaticModelArray0009">
            <data>0x317B4C0</data>
          </containerEntry>
          <containerEntry key="TexturePackLoadConditioner0000">
            <data>0x317BDF0</data>
          </containerEntry>
        </property>
      </staticProperties>
      <dynamicProperties></dynamicProperties>
    </entity>
    <entity class="StaticModel" classVersion="9" classID="0x160" addr="0x33539D0" id="0xB7CF">
      <staticProperties>
        <property name="name" type="String" container="StaticArray" arraySize="1">
          <containerEntry>afgh_clff022_vrtn002_0011</containerEntry>
        </property>
        <property name="dataSet" type="EntityHandle" container="StaticArray" arraySize="1">
          <containerEntry>0x3353730</containerEntry>
        </property>
        <property name="parent" type="EntityHandle" container="StaticArray" arraySize="1">
          <containerEntry>0x0</containerEntry>
        </property>
        <property name="transform" type="EntityPtr" container="StaticArray" arraySize="1">
          <containerEntry>0x3353A40</containerEntry>
        </property>
        <property name="shearTransform" type="EntityPtr" container="StaticArray" arraySize="1">
          <containerEntry>0x0</containerEntry>
        </property>
        <property name="pivotTransform" type="EntityPtr" container="StaticArray" arraySize="1">
          <containerEntry>0x0</containerEntry>
        </property>
        <property name="children" type="EntityHandle" container="List"></property>
        <property name="flags" type="UInt32" container="StaticArray" arraySize="1">
          <containerEntry>3221225479</containerEntry>
        </property>
        <property name="modelFile" type="FilePtr" container="StaticArray" arraySize="1">
          <containerEntry>/Assets/tpp/environ/object/afghanistan/cliff/afgh_clff022/scenes/afgh_clff022_vrtn002.fmdl</containerEntry>
        </property>
        <property name="geomFile" type="FilePtr" container="StaticArray" arraySize="1">
          <containerEntry>/Assets/tpp/environ/object/afghanistan/cliff/afgh_clff022/scenes/afgh_clff022_vrtn002.geom</containerEntry>
        </property>
        <property name="isVisibleGeom" type="Bool" container="StaticArray" arraySize="1">
          <containerEntry>false</containerEntry>
        </property>
        <property name="isIsolated" type="Bool" container="StaticArray" arraySize="1">
          <containerEntry>false</containerEntry>
        </property>
        <property name="lodFarSize" type="Float" container="StaticArray" arraySize="1">
          <containerEntry>-1</containerEntry>
        </property>
        <property name="lodNearSize" type="Float" container="StaticArray" arraySize="1">
          <containerEntry>-1</containerEntry>
        </property>
        <property name="lodPolygonSize" type="Float" container="StaticArray" arraySize="1">
          <containerEntry>-1</containerEntry>
        </property>
        <property name="color" type="Color" container="StaticArray" arraySize="1">
          <containerEntry r="1" g="1" b="1" a="1"></containerEntry>
        </property>
        <property name="drawRejectionLevel" type="Int32" container="StaticArray" arraySize="1">
          <containerEntry>8</containerEntry>
        </property>
        <property name="drawMode" type="Int32" container="StaticArray" arraySize="1">
          <containerEntry>0</containerEntry>
        </property>
        <property name="rejectFarRangeShadowCast" type="Int32" container="StaticArray" arraySize="1">
          <containerEntry>2</containerEntry>
        </property>
      </staticProperties>
      <dynamicProperties></dynamicProperties>
    </entity>
    <entity class="TransformEntity" classVersion="0" classID="0x50" addr="0x3353A40" id="0xB7D2">
      <staticProperties>
        <property name="owner" type="EntityHandle" container="StaticArray" arraySize="1">
          <containerEntry>0x33539D0</containerEntry>
        </property>
        <property name="transform_scale" type="Vector3" container="StaticArray" arraySize="1">
          <containerEntry x="1" y="1" z="1" w="0"></containerEntry>
        </property>
        <property name="transform_rotation_quat" type="Quat" container="StaticArray" arraySize="1">
          <containerEntry x="0" y="-0.001222" z="0" w="0.999999"></containerEntry>
        </property>
        <property name="transform_translation" type="Vector3" container="StaticArray" arraySize="1">
          <containerEntry x="1029.712" y="460.06842" z="-1402.5784" w="0"></containerEntry>
        </property>
      </staticProperties>
      <dynamicProperties></dynamicProperties>
    </entity>
    <entity class="StaticModelArray" classVersion="4" classID="0xD0" addr="0x317BA00" id="0x0">
      <staticProperties>
        <property name="name" type="String" container="StaticArray" arraySize="1">
          <containerEntry>StaticModelArray0000</containerEntry>
        </property>
        <property name="dataSet" type="EntityHandle" container="StaticArray" arraySize="1">
          <containerEntry>0x3353730</containerEntry>
        </property>
        <property name="modelFile" type="FilePtr" container="StaticArray" arraySize="1">
          <containerEntry>/Assets/tpp/environ/object/afghanistan/cliff/afgh_clff035/scenes/afgh_clff035_vrtn001_gen8.fmdl</containerEntry>
        </property>
        <property name="geomFile" type="FilePtr" container="StaticArray" arraySize="1">
          <containerEntry>/Assets/tpp/environ/object/afghanistan/cliff/afgh_clff035/scenes/afgh_clff035_vrtn001_gen8.geom</containerEntry>
        </property>
        <property name="isVisibleGeom" type="Bool" container="StaticArray" arraySize="1">
          <containerEntry>false</containerEntry>
        </property>
        <property name="lodFarSize" type="Float" container="StaticArray" arraySize="1">
          <containerEntry>-1</containerEntry>
        </property>
        <property name="lodNearSize" type="Float" container="StaticArray" arraySize="1">
          <containerEntry>-1</containerEntry>
        </property>
        <property name="lodPolygonSize" type="Float" container="StaticArray" arraySize="1">
          <containerEntry>-1</containerEntry>
        </property>
        <property name="drawRejectionLevel" type="Int32" container="StaticArray" arraySize="1">
          <containerEntry>8</containerEntry>
        </property>
        <property name="drawMode" type="Int32" container="StaticArray" arraySize="1">
          <containerEntry>0</containerEntry>
        </property>
        <property name="rejectFarRangeShadowCast" type="Int32" container="StaticArray" arraySize="1">
          <containerEntry>2</containerEntry>
        </property>
        <property name="parentLocator" type="EntityLink" container="StaticArray" arraySize="1">
          <containerEntry packagePathHash="0xB8A0BF169F98" archivePathHash="0xB8A0BF169F98" nameInArchiveHash="0xB8A0BF169F98">0x0</containerEntry>
        </property>
        <property name="transforms" type="Matrix4" container="DynamicArray" arraySize="2">
          <containerEntry r11="-0.93845487" r12="-0.088055424" r13="-0.33397853" r14="0" r21="-0.116470195" r22="0.9909994" r23="0.065990835" r24="0" r31="0.3251617" r32="0.100828275" r33="-0.94026405" r34="0" r41="1049.3578" r42="455.54178" r43="-1313.1542" r44="1"></containerEntry>
          <containerEntry r11="-0.77723086" r12="-0.17066139" r13="0.6056227" r14="0" r21="-0.034132503" r22="0.97253275" r23="0.23024979" r24="0" r31="-0.6282827" r32="0.15828672" r33="-0.7617074" r34="0" r41="1138.6462" r42="461.48004" r43="-1346.3796" r44="1"></containerEntry>
        </property>
        <property name="colors" type="UInt32" container="DynamicArray" arraySize="2">
          <containerEntry>4294967295</containerEntry>
          <containerEntry>4294967295</containerEntry>
        </property>
      </staticProperties>
      <dynamicProperties></dynamicProperties>
    </entity>
    <entity class="StaticModelArray" classVersion="4" classID="0xD0" addr="0x317BA70" id="0x0">
      <staticProperties>
        <property name="name" type="String" container="StaticArray" arraySize="1">
          <containerEntry>StaticModelArray0001</containerEntry>
        </property>
        <property name="dataSet" type="EntityHandle" container="StaticArray" arraySize="1">
          <containerEntry>0x3353730</containerEntry>
        </property>
        <property name="modelFile" type="FilePtr" container="StaticArray" arraySize="1">
          <containerEntry>/Assets/tpp/environ/object/afghanistan/rock/afgh_rock001/scenes/afgh_rock001.fmdl</containerEntry>
        </property>
        <property name="geomFile" type="FilePtr" container="StaticArray" arraySize="1">
          <containerEntry>/Assets/tpp/environ/object/afghanistan/rock/afgh_rock001/scenes/afgh_rock001.geom</containerEntry>
        </property>
        <property name="isVisibleGeom" type="Bool" container="StaticArray" arraySize="1">
          <containerEntry>false</containerEntry>
        </property>
        <property name="lodFarSize" type="Float" container="StaticArray" arraySize="1">
          <containerEntry>-1</containerEntry>
        </property>
        <property name="lodNearSize" type="Float" container="StaticArray" arraySize="1">
          <containerEntry>-1</containerEntry>
        </property>
        <property name="lodPolygonSize" type="Float" container="StaticArray" arraySize="1">
          <containerEntry>-1</containerEntry>
        </property>
        <property name="drawRejectionLevel" type="Int32" container="StaticArray" arraySize="1">
          <containerEntry>8</containerEntry>
        </property>
        <property name="drawMode" type="Int32" container="StaticArray" arraySize="1">
          <containerEntry>0</containerEntry>
        </property>
        <property name="rejectFarRangeShadowCast" type="Int32" container="StaticArray" arraySize="1">
          <containerEntry>2</containerEntry>
        </property>
        <property name="parentLocator" type="EntityLink" container="StaticArray" arraySize="1">
          <containerEntry packagePathHash="0xB8A0BF169F98" archivePathHash="0xB8A0BF169F98" nameInArchiveHash="0xB8A0BF169F98">0x0</containerEntry>
        </property>
        <property name="transforms" type="Matrix4" container="DynamicArray" arraySize="3">
          <containerEntry r11="-0.77208465" r12="0.6230568" r13="0.12524736" r14="0" r21="-0.6052386" r22="-0.78098446" r23="0.15411346" r24="0" r31="0.19383755" r32="0.043184023" r33="0.98008275" r34="0" r41="1026.6167" r42="442.9588" r43="-1361.0104" r44="1"></containerEntry>
          <containerEntry r11="0.98139787" r12="0.19066757" r13="0.022452082" r14="0" r21="-0.19066757" r22="0.95429903" r23="0.23012885" r24="0" r31="0.022452082" r32="-0.23012885" r33="0.97290117" r34="0" r41="1040.777" r42="444.60538" r43="-1364.133" r44="1"></containerEntry>
          <containerEntry r11="0.98139805" r12="0.19066653" r13="0.022451267" r14="0" r21="-0.1562672" r22="0.861273" r23="-0.4835176" r24="0" r31="-0.11152732" r32="0.47101486" r33="0.8750466" r34="0" r41="1064.9645" r42="442.96973" r43="-1338.6578" r44="1"></containerEntry>
        </property>
        <property name="colors" type="UInt32" container="DynamicArray" arraySize="3">
          <containerEntry>4294967295</containerEntry>
          <containerEntry>4294967295</containerEntry>
          <containerEntry>4294967295</containerEntry>
        </property>
      </staticProperties>
      <dynamicProperties></dynamicProperties>
    </entity>
    <entity class="StaticModelArray" classVersion="4" classID="0xD0" addr="0x317BAE0" id="0x0">
      <staticProperties>
        <property name="name" type="String" container="StaticArray" arraySize="1">
          <containerEntry>StaticModelArray0002</containerEntry>
        </property>
        <property name="dataSet" type="EntityHandle" container="StaticArray" arraySize="1">
          <containerEntry>0x3353730</containerEntry>
        </property>
        <property name="modelFile" type="FilePtr" container="StaticArray" arraySize="1">
          <containerEntry>/Assets/tpp/environ/object/afghanistan/rock/afgh_rock010/scenes/afgh_rock010.fmdl</containerEntry>
        </property>
        <property name="geomFile" type="FilePtr" container="StaticArray" arraySize="1">
          <containerEntry>/Assets/tpp/environ/object/afghanistan/rock/afgh_rock010/scenes/afgh_rock010.geom</containerEntry>
        </property>
        <property name="isVisibleGeom" type="Bool" container="StaticArray" arraySize="1">
          <containerEntry>false</containerEntry>
        </property>
        <property name="lodFarSize" type="Float" container="StaticArray" arraySize="1">
          <containerEntry>-1</containerEntry>
        </property>
        <property name="lodNearSize" type="Float" container="StaticArray" arraySize="1">
          <containerEntry>-1</containerEntry>
        </property>
        <property name="lodPolygonSize" type="Float" container="StaticArray" arraySize="1">
          <containerEntry>-1</containerEntry>
        </property>
        <property name="drawRejectionLevel" type="Int32" container="StaticArray" arraySize="1">
          <containerEntry>8</containerEntry>
        </property>
        <property name="drawMode" type="Int32" container="StaticArray" arraySize="1">
          <containerEntry>0</containerEntry>
        </property>
        <property name="rejectFarRangeShadowCast" type="Int32" container="StaticArray" arraySize="1">
          <containerEntry>2</containerEntry>
        </property>
        <property name="parentLocator" type="EntityLink" container="StaticArray" arraySize="1">
          <containerEntry packagePathHash="0xB8A0BF169F98" archivePathHash="0xB8A0BF169F98" nameInArchiveHash="0xB8A0BF169F98">0x0</containerEntry>
        </property>
        <property name="transforms" type="Matrix4" container="DynamicArray" arraySize="4">
          <containerEntry r11="0.9452776" r12="0.06883641" r13="0.31892246" r14="0" r21="-0.2263977" r22="0.84224916" r23="0.48924404" r24="0" r31="-0.23493417" r32="-0.5346748" r33="0.8117437" r34="0" r41="1133.0983" r42="461.38083" r43="-1382.0538" r44="1"></containerEntry>
          <containerEntry r11="0.93454945" r12="0.3205552" r13="-0.15447085" r14="0" r21="-0.26943696" r22="0.9210394" r23="0.2812289" r24="0" r31="0.23242338" r32="-0.22120197" r33="0.94712657" r34="0" r41="1114.7231" r42="456.1677" r43="-1380.6622" r44="1"></containerEntry>
          <containerEntry r11="0.9872019" r12="-0.08858265" r13="0.13261002" r14="0" r21="0.08656907" r22="0.9960269" r23="0.020884912" r24="0" r31="-0.13393319" r32="-0.009137679" r33="0.9909482" r34="0" r41="1032.6313" r42="442.6802" r43="-1367.7866" r44="1"></containerEntry>
          <containerEntry r11="-0.005882353" r12="0.16252041" r13="-0.9866841" r14="0" r21="-0.0025152639" r22="0.9866991" r23="0.16253732" r24="0" r31="0.99997604" r32="0.003438443" r33="-0.0053952932" r34="0" r41="1105.3124" r42="450.37943" r43="-1371.4869" r44="1"></containerEntry>
        </property>
        <property name="colors" type="UInt32" container="DynamicArray" arraySize="4">
          <containerEntry>4294967295</containerEntry>
          <containerEntry>4294967295</containerEntry>
          <containerEntry>4294967295</containerEntry>
          <containerEntry>4294967295</containerEntry>
        </property>
      </staticProperties>
      <dynamicProperties></dynamicProperties>
    </entity>
    <entity class="StaticModelArray" classVersion="4" classID="0xD0" addr="0x317BB50" id="0x0">
      <staticProperties>
        <property name="name" type="String" container="StaticArray" arraySize="1">
          <containerEntry>StaticModelArray0003</containerEntry>
        </property>
        <property name="dataSet" type="EntityHandle" container="StaticArray" arraySize="1">
          <containerEntry>0x3353730</containerEntry>
        </property>
        <property name="modelFile" type="FilePtr" container="StaticArray" arraySize="1">
          <containerEntry>/Assets/tpp/environ/object/afghanistan/cliff/afgh_clff035/scenes/afgh_clff035_vrtn002_gen8.fmdl</containerEntry>
        </property>
        <property name="geomFile" type="FilePtr" container="StaticArray" arraySize="1">
          <containerEntry>/Assets/tpp/environ/object/afghanistan/cliff/afgh_clff035/scenes/afgh_clff035_vrtn002_gen8.geom</containerEntry>
        </property>
        <property name="isVisibleGeom" type="Bool" container="StaticArray" arraySize="1">
          <containerEntry>false</containerEntry>
        </property>
        <property name="lodFarSize" type="Float" container="StaticArray" arraySize="1">
          <containerEntry>-1</containerEntry>
        </property>
        <property name="lodNearSize" type="Float" container="StaticArray" arraySize="1">
          <containerEntry>-1</containerEntry>
        </property>
        <property name="lodPolygonSize" type="Float" container="StaticArray" arraySize="1">
          <containerEntry>-1</containerEntry>
        </property>
        <property name="drawRejectionLevel" type="Int32" container="StaticArray" arraySize="1">
          <containerEntry>8</containerEntry>
        </property>
        <property name="drawMode" type="Int32" container="StaticArray" arraySize="1">
          <containerEntry>0</containerEntry>
        </property>
        <property name="rejectFarRangeShadowCast" type="Int32" container="StaticArray" arraySize="1">
          <containerEntry>2</containerEntry>
        </property>
        <property name="parentLocator" type="EntityLink" container="StaticArray" arraySize="1">
          <containerEntry packagePathHash="0xB8A0BF169F98" archivePathHash="0xB8A0BF169F98" nameInArchiveHash="0xB8A0BF169F98">0x0</containerEntry>
        </property>
        <property name="transforms" type="Matrix4" container="DynamicArray" arraySize="2">
          <containerEntry r11="-0.9978533" r12="-0.056104425" r13="-0.03370942" r14="0" r21="-0.058677305" r22="0.9949912" r23="0.080928944" r24="0" r31="0.029000102" r32="0.082733385" r33="-0.9961473" r34="0" r41="1091.753" r42="454.19983" r43="-1325.8292" r44="1"></containerEntry>
          <containerEntry r11="-0.9963759" r12="-0.07727239" r13="-0.035424113" r14="0" r21="-0.07990565" r22="0.99357134" r23="0.08019384" r24="0" r31="0.028999599" r32="0.082734175" r33="-0.99614507" r34="0" r41="1068.7559" r42="451.3048" r43="-1323.2085" r44="1"></containerEntry>
        </property>
        <property name="colors" type="UInt32" container="DynamicArray" arraySize="2">
          <containerEntry>4294967295</containerEntry>
          <containerEntry>4294967295</containerEntry>
        </property>
      </staticProperties>
      <dynamicProperties></dynamicProperties>
    </entity>
    <entity class="StaticModelArray" classVersion="4" classID="0xD0" addr="0x317BC30" id="0x0">
      <staticProperties>
        <property name="name" type="String" container="StaticArray" arraySize="1">
          <containerEntry>StaticModelArray0004</containerEntry>
        </property>
        <property name="dataSet" type="EntityHandle" container="StaticArray" arraySize="1">
          <containerEntry>0x3353730</containerEntry>
        </property>
        <property name="modelFile" type="FilePtr" container="StaticArray" arraySize="1">
          <containerEntry>/Assets/tpp/environ/object/afghanistan/cliff/afgh_clff013/scenes/afgh_clff013.fmdl</containerEntry>
        </property>
        <property name="geomFile" type="FilePtr" container="StaticArray" arraySize="1">
          <containerEntry>/Assets/tpp/environ/object/afghanistan/cliff/afgh_clff013/scenes/afgh_clff013.geom</containerEntry>
        </property>
        <property name="isVisibleGeom" type="Bool" container="StaticArray" arraySize="1">
          <containerEntry>false</containerEntry>
        </property>
        <property name="lodFarSize" type="Float" container="StaticArray" arraySize="1">
          <containerEntry>-1</containerEntry>
        </property>
        <property name="lodNearSize" type="Float" container="StaticArray" arraySize="1">
          <containerEntry>-1</containerEntry>
        </property>
        <property name="lodPolygonSize" type="Float" container="StaticArray" arraySize="1">
          <containerEntry>-1</containerEntry>
        </property>
        <property name="drawRejectionLevel" type="Int32" container="StaticArray" arraySize="1">
          <containerEntry>8</containerEntry>
        </property>
        <property name="drawMode" type="Int32" container="StaticArray" arraySize="1">
          <containerEntry>0</containerEntry>
        </property>
        <property name="rejectFarRangeShadowCast" type="Int32" container="StaticArray" arraySize="1">
          <containerEntry>2</containerEntry>
        </property>
        <property name="parentLocator" type="EntityLink" container="StaticArray" arraySize="1">
          <containerEntry packagePathHash="0xB8A0BF169F98" archivePathHash="0xB8A0BF169F98" nameInArchiveHash="0xB8A0BF169F98">0x0</containerEntry>
        </property>
        <property name="transforms" type="Matrix4" container="DynamicArray" arraySize="3">
          <containerEntry r11="0.9761232" r12="0" r13="0.2172177" r14="0" r21="0" r22="1" r23="0" r24="0" r31="-0.2172177" r32="0" r33="0.9761232" r34="0" r41="1036.792" r42="447.002" r43="-1374.8173" r44="1"></containerEntry>
          <containerEntry r11="0.9425442" r12="0" r13="-0.3340812" r14="0" r21="0" r22="1" r23="0" r24="0" r31="0.3340812" r32="0" r33="0.9425442" r34="0" r41="1059.5071" r42="447.002" r43="-1375.071" r44="1"></containerEntry>
          <containerEntry r11="-0.7010982" r12="-0.030933728" r13="0.7123917" r14="0" r21="-0.02302826" r22="0.9995197" r23="0.020738253" r24="0" r31="-0.712691" r32="-0.0018655751" r33="-0.70147383" r34="0" r41="1116.8148" r42="454.12616" r43="-1320.0485" r44="1"></containerEntry>
        </property>
        <property name="colors" type="UInt32" container="DynamicArray" arraySize="3">
          <containerEntry>4294967295</containerEntry>
          <containerEntry>4294967295</containerEntry>
          <containerEntry>4294967295</containerEntry>
        </property>
      </staticProperties>
      <dynamicProperties></dynamicProperties>
    </entity>
    <entity class="StaticModelArray" classVersion="4" classID="0xD0" addr="0x317BCA0" id="0x0">
      <staticProperties>
        <property name="name" type="String" container="StaticArray" arraySize="1">
          <containerEntry>StaticModelArray0005</containerEntry>
        </property>
        <property name="dataSet" type="EntityHandle" container="StaticArray" arraySize="1">
          <containerEntry>0x3353730</containerEntry>
        </property>
        <property name="modelFile" type="FilePtr" container="StaticArray" arraySize="1">
          <containerEntry>/Assets/tpp/environ/object/afghanistan/cliff/afgh_clff007/scenes/afgh_clff007.fmdl</containerEntry>
        </property>
        <property name="geomFile" type="FilePtr" container="StaticArray" arraySize="1">
          <containerEntry>/Assets/tpp/environ/object/afghanistan/cliff/afgh_clff007/scenes/afgh_clff007.geom</containerEntry>
        </property>
        <property name="isVisibleGeom" type="Bool" container="StaticArray" arraySize="1">
          <containerEntry>false</containerEntry>
        </property>
        <property name="lodFarSize" type="Float" container="StaticArray" arraySize="1">
          <containerEntry>-1</containerEntry>
        </property>
        <property name="lodNearSize" type="Float" container="StaticArray" arraySize="1">
          <containerEntry>-1</containerEntry>
        </property>
        <property name="lodPolygonSize" type="Float" container="StaticArray" arraySize="1">
          <containerEntry>-1</containerEntry>
        </property>
        <property name="drawRejectionLevel" type="Int32" container="StaticArray" arraySize="1">
          <containerEntry>8</containerEntry>
        </property>
        <property name="drawMode" type="Int32" container="StaticArray" arraySize="1">
          <containerEntry>0</containerEntry>
        </property>
        <property name="rejectFarRangeShadowCast" type="Int32" container="StaticArray" arraySize="1">
          <containerEntry>2</containerEntry>
        </property>
        <property name="parentLocator" type="EntityLink" container="StaticArray" arraySize="1">
          <containerEntry packagePathHash="0xB8A0BF169F98" archivePathHash="0xB8A0BF169F98" nameInArchiveHash="0xB8A0BF169F98">0x0</containerEntry>
        </property>
        <property name="transforms" type="Matrix4" container="DynamicArray" arraySize="4">
          <containerEntry r11="-0.99435526" r12="-0.10113335" r13="-0.031888515" r14="0" r21="-0.098945975" r22="0.993033" r23="-0.06399362" r24="0" r31="0.038138255" r32="-0.06047755" r33="-0.99743426" r34="0" r41="1073.9607" r42="454.62003" r43="-1304.2722" r44="1"></containerEntry>
          <containerEntry r11="0.9777899" r12="-0.03244685" r13="0.20706058" r14="0" r21="0.029882893" r22="0.9994332" r23="0.015499166" r24="0" r31="-0.20744613" r32="-0.0089673465" r33="0.97820526" r34="0" r41="1076.86" r42="449.47253" r43="-1379.229" r44="1"></containerEntry>
          <containerEntry r11="-0.72114724" r12="-0.027246606" r13="0.6922369" r14="0" r21="-0.04027002" r22="0.9991854" r23="-0.0026240246" r24="0" r31="-0.6916015" r32="-0.029768817" r33="-0.72165704" r34="0" r41="1143.1458" r42="461.2576" r43="-1308.1122" r44="1"></containerEntry>
          <containerEntry r11="-0.44695416" r12="-0.015664544" r13="0.89441395" r14="0" r21="-0.04027075" r22="0.9991854" r23="-0.0026247296" r24="0" r31="-0.8936442" r32="-0.037191994" r33="-0.44722086" r34="0" r41="1137.0514" r42="460.90353" r43="-1300.0685" r44="1"></containerEntry>
        </property>
        <property name="colors" type="UInt32" container="DynamicArray" arraySize="4">
          <containerEntry>4294967295</containerEntry>
          <containerEntry>4294967295</containerEntry>
          <containerEntry>4294967295</containerEntry>
          <containerEntry>4294967295</containerEntry>
        </property>
      </staticProperties>
      <dynamicProperties></dynamicProperties>
    </entity>
    <entity class="StaticModelArray" classVersion="4" classID="0xD0" addr="0x317B5A0" id="0x0">
      <staticProperties>
        <property name="name" type="String" container="StaticArray" arraySize="1">
          <containerEntry>StaticModelArray0006</containerEntry>
        </property>
        <property name="dataSet" type="EntityHandle" container="StaticArray" arraySize="1">
          <containerEntry>0x3353730</containerEntry>
        </property>
        <property name="modelFile" type="FilePtr" container="StaticArray" arraySize="1">
          <containerEntry>/Assets/tpp/environ/object/afghanistan/rock/afgh_rock011/scenes/afgh_rock011.fmdl</containerEntry>
        </property>
        <property name="geomFile" type="FilePtr" container="StaticArray" arraySize="1">
          <containerEntry>/Assets/tpp/environ/object/afghanistan/rock/afgh_rock011/scenes/afgh_rock011.geom</containerEntry>
        </property>
        <property name="isVisibleGeom" type="Bool" container="StaticArray" arraySize="1">
          <containerEntry>false</containerEntry>
        </property>
        <property name="lodFarSize" type="Float" container="StaticArray" arraySize="1">
          <containerEntry>-1</containerEntry>
        </property>
        <property name="lodNearSize" type="Float" container="StaticArray" arraySize="1">
          <containerEntry>-1</containerEntry>
        </property>
        <property name="lodPolygonSize" type="Float" container="StaticArray" arraySize="1">
          <containerEntry>-1</containerEntry>
        </property>
        <property name="drawRejectionLevel" type="Int32" container="StaticArray" arraySize="1">
          <containerEntry>8</containerEntry>
        </property>
        <property name="drawMode" type="Int32" container="StaticArray" arraySize="1">
          <containerEntry>0</containerEntry>
        </property>
        <property name="rejectFarRangeShadowCast" type="Int32" container="StaticArray" arraySize="1">
          <containerEntry>2</containerEntry>
        </property>
        <property name="parentLocator" type="EntityLink" container="StaticArray" arraySize="1">
          <containerEntry packagePathHash="0xB8A0BF169F98" archivePathHash="0xB8A0BF169F98" nameInArchiveHash="0xB8A0BF169F98">0x0</containerEntry>
        </property>
        <property name="transforms" type="Matrix4" container="DynamicArray" arraySize="6">
          <containerEntry r11="0.6059636" r12="0.020780645" r13="-0.7952208" r14="0" r21="-0.17761683" r22="0.9779563" r23="-0.10978929" r24="0" r31="0.77540976" r32="0.20777294" r33="0.5962969" r34="0" r41="1114.5209" r42="450.05405" r43="-1341.2876" r44="1"></containerEntry>
          <containerEntry r11="0.5783584" r12="-0.45681244" r13="0.6758863" r14="0" r21="-0.050062433" r22="0.8070778" r23="0.5883182" r24="0" r31="-0.81424415" r32="-0.37409487" r33="0.44391125" r34="0" r41="1076.8938" r42="446.20377" r43="-1372.9836" r44="1"></containerEntry>
          <containerEntry r11="0.2072134" r12="-0.09353816" r13="-0.97381455" r14="0" r21="0.04453949" r22="0.9952884" r23="-0.0861235" r24="0" r31="0.9772821" r32="-0.025527153" r33="0.2104032" r34="0" r41="1056.3976" r42="443.37924" r43="-1347.191" r44="1"></containerEntry>
          <containerEntry r11="0.9668212" r12="0.14738542" r13="0.208649" r14="0" r21="-0.14470342" r22="0.98907465" r23="-0.028147083" r24="0" r31="-0.2105179" r32="-0.0029789815" r33="0.9775855" r34="0" r41="1109.6898" r42="458.5779" r43="-1277.6461" r44="1"></containerEntry>
          <containerEntry r11="0.45636263" r12="0.042002473" r13="0.88880336" r14="0" r21="-0.105706885" r22="0.99437064" r23="0.0072848387" r24="0" r31="-0.883494" r32="-0.097276956" r33="0.45823354" r34="0" r41="1035.7107" r42="441.81137" r43="-1348.9875" r44="1"></containerEntry>
          <containerEntry r11="-0.8412617" r12="-0.003771294" r13="-0.54061145" r14="0" r21="-0.05271173" r22="0.9957834" r23="0.07507986" r24="0" r31="0.5380487" r32="0.09165855" r33="-0.83791316" r34="0" r41="1047.7004" r42="451.6996" r43="-1393.4319" r44="1"></containerEntry>
        </property>
        <property name="colors" type="UInt32" container="DynamicArray" arraySize="6">
          <containerEntry>4294967295</containerEntry>
          <containerEntry>4294967295</containerEntry>
          <containerEntry>4294967295</containerEntry>
          <containerEntry>4294967295</containerEntry>
          <containerEntry>4294967295</containerEntry>
          <containerEntry>4294967295</containerEntry>
        </property>
      </staticProperties>
      <dynamicProperties></dynamicProperties>
    </entity>
    <entity class="StaticModelArray" classVersion="4" classID="0xD0" addr="0x317B990" id="0x0">
      <staticProperties>
        <property name="name" type="String" container="StaticArray" arraySize="1">
          <containerEntry>StaticModelArray0007</containerEntry>
        </property>
        <property name="dataSet" type="EntityHandle" container="StaticArray" arraySize="1">
          <containerEntry>0x3353730</containerEntry>
        </property>
        <property name="modelFile" type="FilePtr" container="StaticArray" arraySize="1">
          <containerEntry>/Assets/tpp/environ/object/afghanistan/rock/afgh_rock009/scenes/afgh_rock009_rock001.fmdl</containerEntry>
        </property>
        <property name="geomFile" type="FilePtr" container="StaticArray" arraySize="1">
          <containerEntry>/Assets/tpp/environ/object/afghanistan/rock/afgh_rock009/scenes/afgh_rock009_rock001.geom</containerEntry>
        </property>
        <property name="isVisibleGeom" type="Bool" container="StaticArray" arraySize="1">
          <containerEntry>false</containerEntry>
        </property>
        <property name="lodFarSize" type="Float" container="StaticArray" arraySize="1">
          <containerEntry>-1</containerEntry>
        </property>
        <property name="lodNearSize" type="Float" container="StaticArray" arraySize="1">
          <containerEntry>-1</containerEntry>
        </property>
        <property name="lodPolygonSize" type="Float" container="StaticArray" arraySize="1">
          <containerEntry>-1</containerEntry>
        </property>
        <property name="drawRejectionLevel" type="Int32" container="StaticArray" arraySize="1">
          <containerEntry>8</containerEntry>
        </property>
        <property name="drawMode" type="Int32" container="StaticArray" arraySize="1">
          <containerEntry>0</containerEntry>
        </property>
        <property name="rejectFarRangeShadowCast" type="Int32" container="StaticArray" arraySize="1">
          <containerEntry>2</containerEntry>
        </property>
        <property name="parentLocator" type="EntityLink" container="StaticArray" arraySize="1">
          <containerEntry packagePathHash="0xB8A0BF169F98" archivePathHash="0xB8A0BF169F98" nameInArchiveHash="0xB8A0BF169F98">0x0</containerEntry>
        </property>
        <property name="transforms" type="Matrix4" container="DynamicArray" arraySize="9">
          <containerEntry r11="0.007461548" r12="-0.91392756" r13="0.40580824" r14="0" r21="0.8019122" r22="-0.23697245" r23="-0.54843444" r24="0" r31="0.59739494" r32="0.32951468" r33="0.7311219" r34="0" r41="1085.118" r42="444.74805" r43="-1340.7837" r44="1"></containerEntry>
          <containerEntry r11="-0.28484195" r12="-0.75539964" r13="0.59011596" r14="0" r21="0.6931773" r22="-0.58753324" r23="-0.41750506" r24="0" r31="0.6620957" r32="0.29013208" r33="0.69097954" r34="0" r41="1110.1787" r42="461.0986" r43="-1399.0243" r44="1"></containerEntry>
          <containerEntry r11="0.25530046" r12="-0.959605" r13="0.118233085" r14="0" r21="0.71593404" r22="0.2698107" r23="0.64392537" r24="0" r31="-0.64981484" r32="-0.07974702" r33="0.75589734" r34="0" r41="1033.45" r42="451.4756" r43="-1381.6416" r44="1"></containerEntry>
          <containerEntry r11="-0.8525207" r12="-0.39933977" r13="0.3372512" r14="0" r21="0.49372682" r22="-0.40341336" r23="0.7703851" r24="0" r31="-0.17159384" r32="0.82327825" r33="0.54108137" r34="0" r41="1050.974" r42="442.22986" r43="-1358.6561" r44="1"></containerEntry>
          <containerEntry r11="-0.6292474" r12="-0.7771982" r13="-0.0037074387" r14="0" r21="0.493727" r22="-0.4034143" r23="0.7703851" r24="0" r31="-0.6002369" r32="0.4829312" r33="0.6375687" r34="0" r41="1038.3793" r42="446.31918" r43="-1326.6243" r44="1"></containerEntry>
          <containerEntry r11="0.42865813" r12="-0.45453042" r13="-0.7808031" r14="0" r21="-0.8613182" r22="0.055292368" r23="-0.50504696" r24="0" r31="0.27273127" r32="0.8890127" r33="-0.36779365" r34="0" r41="1033.4294" r42="442.7731" r43="-1343.9816" r44="1"></containerEntry>
          <containerEntry r11="-0.85252" r12="-0.39933917" r13="0.3372516" r14="0" r21="-0.057237327" r22="0.71265906" r23="0.6991717" r24="0" r31="-0.51955205" r32="0.5767543" r33="-0.63041335" r34="0" r41="1036.2876" r42="441.85406" r43="-1336.1118" r44="1"></containerEntry>
          <containerEntry r11="-0.5900069" r12="0.59659904" r13="-0.54402274" r14="0" r21="-0.76672035" r22="-0.20282865" r23="0.60909766" r24="0" r31="0.2530436" r32="0.7764854" r33="0.57709545" r34="0" r41="1022.64166" r42="443.29388" r43="-1353.8572" r44="1"></containerEntry>
          <containerEntry r11="-0.1823622" r12="-0.86548513" r13="-0.46656066" r14="0" r21="0.9370912" r22="-0.009335088" r23="-0.34895915" r24="0" r31="0.29766357" r32="-0.50084704" r33="0.8127414" r34="0" r41="1099.9191" r42="460.8968" r43="-1402.7249" r44="1"></containerEntry>
        </property>
        <property name="colors" type="UInt32" container="DynamicArray" arraySize="9">
          <containerEntry>4294967295</containerEntry>
          <containerEntry>4294967295</containerEntry>
          <containerEntry>4294967295</containerEntry>
          <containerEntry>4294967295</containerEntry>
          <containerEntry>4294967295</containerEntry>
          <containerEntry>4294967295</containerEntry>
          <containerEntry>4294967295</containerEntry>
          <containerEntry>4294967295</containerEntry>
          <containerEntry>4294967295</containerEntry>
        </property>
      </staticProperties>
      <dynamicProperties></dynamicProperties>
    </entity>
    <entity class="StaticModelArray" classVersion="4" classID="0xD0" addr="0x317B8B0" id="0x0">
      <staticProperties>
        <property name="name" type="String" container="StaticArray" arraySize="1">
          <containerEntry>StaticModelArray0008</containerEntry>
        </property>
        <property name="dataSet" type="EntityHandle" container="StaticArray" arraySize="1">
          <containerEntry>0x3353730</containerEntry>
        </property>
        <property name="modelFile" type="FilePtr" container="StaticArray" arraySize="1">
          <containerEntry>/Assets/tpp/environ/object/afghanistan/rock/afgh_rock010/scenes/afgh_rock010_vrtn001.fmdl</containerEntry>
        </property>
        <property name="geomFile" type="FilePtr" container="StaticArray" arraySize="1">
          <containerEntry>/Assets/tpp/environ/object/afghanistan/rock/afgh_rock010/scenes/afgh_rock010_vrtn001.geom</containerEntry>
        </property>
        <property name="isVisibleGeom" type="Bool" container="StaticArray" arraySize="1">
          <containerEntry>false</containerEntry>
        </property>
        <property name="lodFarSize" type="Float" container="StaticArray" arraySize="1">
          <containerEntry>-1</containerEntry>
        </property>
        <property name="lodNearSize" type="Float" container="StaticArray" arraySize="1">
          <containerEntry>-1</containerEntry>
        </property>
        <property name="lodPolygonSize" type="Float" container="StaticArray" arraySize="1">
          <containerEntry>-1</containerEntry>
        </property>
        <property name="drawRejectionLevel" type="Int32" container="StaticArray" arraySize="1">
          <containerEntry>8</containerEntry>
        </property>
        <property name="drawMode" type="Int32" container="StaticArray" arraySize="1">
