<fox formatVersion="2" fileVersion="0">
  <entities>
    <entity class="DataSet" classVersion="0" classID="0xE8" addr="0x3357A90" id="0x585B6F">
      <staticProperties>
        <property name="name" type="String" container="StaticArray" arraySize="1">
          <containerEntry hash="0xB8A0BF169F98"></containerEntry>
        </property>
        <property name="dataSet" type="EntityHandle" container="StaticArray" arraySize="1">
          <containerEntry>0x0</containerEntry>
        </property>
        <property name="dataList" type="EntityPtr" container="StringMap" arraySize="13">
          <containerEntry key="afgh_clff013_0013">
            <data>0x3357860</data>
          </containerEntry>
          <containerEntry key="afgh_clff022_vrtn001_0007">
            <data>0x33576A0</data>
          </containerEntry>
          <containerEntry key="afgh_clff022_vrtn004_0002">
            <data>0x3176670</data>
          </containerEntry>
          <containerEntry key="afgh_clff035_vrtn002_0000">
            <data>0x3179380</data>
          </containerEntry>
          <containerEntry key="StaticModelArray0000">
            <data>0x317DF30</data>
          </containerEntry>
          <containerEntry key="StaticModelArray0001">
            <data>0x317DFA0</data>
          </containerEntry>
          <containerEntry key="StaticModelArray0002">
            <data>0x317E010</data>
          </containerEntry>
          <containerEntry key="StaticModelArray0003">
            <data>0x317DA60</data>
          </containerEntry>
          <containerEntry key="StaticModelArray0004">
            <data>0x317D910</data>
          </containerEntry>
          <containerEntry key="StaticModelArray0005">
            <data>0x317D980</data>
          </containerEntry>
          <containerEntry key="StaticModelArray0006">
            <data>0x317AEA0</data>
          </containerEntry>
          <containerEntry key="StaticModelArray0007">
            <data>0x317D670</data>
          </containerEntry>
          <containerEntry key="TexturePackLoadConditioner0000">
            <data>0x317E4E0</data>
          </containerEntry>
        </property>
      </staticProperties>
      <dynamicProperties></dynamicProperties>
    </entity>
    <entity class="StaticModel" classVersion="9" classID="0x160" addr="0x3357860" id="0x585B7A">
      <staticProperties>
        <property name="name" type="String" container="StaticArray" arraySize="1">
          <containerEntry>afgh_clff013_0013</containerEntry>
        </property>
        <property name="dataSet" type="EntityHandle" container="StaticArray" arraySize="1">
          <containerEntry>0x3357A90</containerEntry>
        </property>
        <property name="parent" type="EntityHandle" container="StaticArray" arraySize="1">
          <containerEntry>0x0</containerEntry>
        </property>
        <property name="transform" type="EntityPtr" container="StaticArray" arraySize="1">
          <containerEntry>0x33577F0</containerEntry>
        </property>
        <property name="shearTransform" type="EntityPtr" container="StaticArray" arraySize="1">
          <containerEntry>0x0</containerEntry>
        </property>
        <property name="pivotTransform" type="EntityPtr" container="StaticArray" arraySize="1">
          <containerEntry>0x0</containerEntry>
        </property>
        <property name="children" type="EntityHandle" container="List"></property>
        <property name="flags" type="UInt32" container="StaticArray" arraySize="1">
          <containerEntry>7</containerEntry>
        </property>
        <property name="modelFile" type="FilePtr" container="StaticArray" arraySize="1">
          <containerEntry>/Assets/tpp/environ/object/afghanistan/cliff/afgh_clff013/scenes/afgh_clff013.fmdl</containerEntry>
        </property>
        <property name="geomFile" type="FilePtr" container="StaticArray" arraySize="1">
          <containerEntry>/Assets/tpp/environ/object/afghanistan/cliff/afgh_clff013/scenes/afgh_clff013.geom</containerEntry>
        </property>
        <property name="isVisibleGeom" type="Bool" container="StaticArray" arraySize="1">
          <containerEntry>false</containerEntry>
        </property>
        <property name="isIsolated" type="Bool" container="StaticArray" arraySize="1">
          <containerEntry>false</containerEntry>
        </property>
        <property name="lodFarSize" type="Float" container="StaticArray" arraySize="1">
          <containerEntry>-1</containerEntry>
        </property>
        <property name="lodNearSize" type="Float" container="StaticArray" arraySize="1">
          <containerEntry>-1</containerEntry>
        </property>
        <property name="lodPolygonSize" type="Float" container="StaticArray" arraySize="1">
          <containerEntry>-1</containerEntry>
        </property>
        <property name="color" type="Color" container="StaticArray" arraySize="1">
          <containerEntry r="1" g="1" b="1" a="1"></containerEntry>
        </property>
        <property name="drawRejectionLevel" type="Int32" container="StaticArray" arraySize="1">
          <containerEntry>5</containerEntry>
        </property>
        <property name="drawMode" type="Int32" container="StaticArray" arraySize="1">
          <containerEntry>0</containerEntry>
        </property>
        <property name="rejectFarRangeShadowCast" type="Int32" container="StaticArray" arraySize="1">
          <containerEntry>2</containerEntry>
        </property>
      </staticProperties>
      <dynamicProperties></dynamicProperties>
    </entity>
    <entity class="TransformEntity" classVersion="0" classID="0x50" addr="0x33577F0" id="0x585B7D">
      <staticProperties>
        <property name="owner" type="EntityHandle" container="StaticArray" arraySize="1">
          <containerEntry>0x3357860</containerEntry>
        </property>
        <property name="transform_scale" type="Vector3" container="StaticArray" arraySize="1">
          <containerEntry x="1" y="1" z="1" w="0"></containerEntry>
        </property>
        <property name="transform_rotation_quat" type="Quat" container="StaticArray" arraySize="1">
          <containerEntry x="0" y="0.999048" z="0" w="-0.043619"></containerEntry>
        </property>
        <property name="transform_translation" type="Vector3" container="StaticArray" arraySize="1">
          <containerEntry x="514.1725" y="309.69498" z="183.47487" w="0"></containerEntry>
        </property>
      </staticProperties>
      <dynamicProperties></dynamicProperties>
    </entity>
    <entity class="StaticModel" classVersion="9" classID="0x160" addr="0x33576A0" id="0x585B83">
      <staticProperties>
        <property name="name" type="String" container="StaticArray" arraySize="1">
          <containerEntry>afgh_clff022_vrtn001_0007</containerEntry>
        </property>
        <property name="dataSet" type="EntityHandle" container="StaticArray" arraySize="1">
          <containerEntry>0x3357A90</containerEntry>
        </property>
        <property name="parent" type="EntityHandle" container="StaticArray" arraySize="1">
          <containerEntry>0x0</containerEntry>
        </property>
        <property name="transform" type="EntityPtr" container="StaticArray" arraySize="1">
          <containerEntry>0x3357630</containerEntry>
        </property>
        <property name="shearTransform" type="EntityPtr" container="StaticArray" arraySize="1">
          <containerEntry>0x0</containerEntry>
        </property>
        <property name="pivotTransform" type="EntityPtr" container="StaticArray" arraySize="1">
          <containerEntry>0x0</containerEntry>
        </property>
        <property name="children" type="EntityHandle" container="List"></property>
        <property name="flags" type="UInt32" container="StaticArray" arraySize="1">
          <containerEntry>7</containerEntry>
        </property>
        <property name="modelFile" type="FilePtr" container="StaticArray" arraySize="1">
          <containerEntry>/Assets/tpp/environ/object/afghanistan/cliff/afgh_clff022/scenes/afgh_clff022_vrtn001.fmdl</containerEntry>
        </property>
        <property name="geomFile" type="FilePtr" container="StaticArray" arraySize="1">
          <containerEntry>/Assets/tpp/environ/object/afghanistan/cliff/afgh_clff022/scenes/afgh_clff022_vrtn001.geom</containerEntry>
        </property>
        <property name="isVisibleGeom" type="Bool" container="StaticArray" arraySize="1">
          <containerEntry>false</containerEntry>
        </property>
        <property name="isIsolated" type="Bool" container="StaticArray" arraySize="1">
          <containerEntry>false</containerEntry>
        </property>
        <property name="lodFarSize" type="Float" container="StaticArray" arraySize="1">
          <containerEntry>-1</containerEntry>
        </property>
        <property name="lodNearSize" type="Float" container="StaticArray" arraySize="1">
          <containerEntry>-1</containerEntry>
        </property>
        <property name="lodPolygonSize" type="Float" container="StaticArray" arraySize="1">
          <containerEntry>-1</containerEntry>
        </property>
        <property name="color" type="Color" container="StaticArray" arraySize="1">
          <containerEntry r="1" g="1" b="1" a="1"></containerEntry>
        </property>
        <property name="drawRejectionLevel" type="Int32" container="StaticArray" arraySize="1">
          <containerEntry>8</containerEntry>
        </property>
        <property name="drawMode" type="Int32" container="StaticArray" arraySize="1">
          <containerEntry>0</containerEntry>
        </property>
        <property name="rejectFarRangeShadowCast" type="Int32" container="StaticArray" arraySize="1">
          <containerEntry>2</containerEntry>
        </property>
      </staticProperties>
      <dynamicProperties></dynamicProperties>
    </entity>
    <entity class="TransformEntity" classVersion="0" classID="0x50" addr="0x3357630" id="0x585B86">
      <staticProperties>
        <property name="owner" type="EntityHandle" container="StaticArray" arraySize="1">
          <containerEntry>0x33576A0</containerEntry>
        </property>
        <property name="transform_scale" type="Vector3" container="StaticArray" arraySize="1">
          <containerEntry x="1" y="1" z="1" w="0"></containerEntry>
        </property>
        <property name="transform_rotation_quat" type="Quat" container="StaticArray" arraySize="1">
          <containerEntry x="0" y="0.708457" z="0" w="0.705754"></containerEntry>
        </property>
        <property name="transform_translation" type="Vector3" container="StaticArray" arraySize="1">
          <containerEntry x="534.32306" y="339.51355" z="222.98572" w="0"></containerEntry>
        </property>
      </staticProperties>
      <dynamicProperties></dynamicProperties>
    </entity>
    <entity class="StaticModel" classVersion="9" classID="0x160" addr="0x3176670" id="0x585C25">
      <staticProperties>
        <property name="name" type="String" container="StaticArray" arraySize="1">
          <containerEntry>afgh_clff022_vrtn004_0002</containerEntry>
        </property>
        <property name="dataSet" type="EntityHandle" container="StaticArray" arraySize="1">
          <containerEntry>0x3357A90</containerEntry>
        </property>
        <property name="parent" type="EntityHandle" container="StaticArray" arraySize="1">
          <containerEntry>0x0</containerEntry>
        </property>
        <property name="transform" type="EntityPtr" container="StaticArray" arraySize="1">
          <containerEntry>0x31766E0</containerEntry>
        </property>
        <property name="shearTransform" type="EntityPtr" container="StaticArray" arraySize="1">
          <containerEntry>0x0</containerEntry>
        </property>
        <property name="pivotTransform" type="EntityPtr" container="StaticArray" arraySize="1">
          <containerEntry>0x0</containerEntry>
        </property>
        <property name="children" type="EntityHandle" container="List"></property>
        <property name="flags" type="UInt32" container="StaticArray" arraySize="1">
          <containerEntry>7</containerEntry>
        </property>
        <property name="modelFile" type="FilePtr" container="StaticArray" arraySize="1">
          <containerEntry>/Assets/tpp/environ/object/afghanistan/cliff/afgh_clff022/scenes/afgh_clff022_vrtn004.fmdl</containerEntry>
        </property>
        <property name="geomFile" type="FilePtr" container="StaticArray" arraySize="1">
          <containerEntry>/Assets/tpp/environ/object/afghanistan/cliff/afgh_clff022/scenes/afgh_clff022_vrtn004.geom</containerEntry>
        </property>
        <property name="isVisibleGeom" type="Bool" container="StaticArray" arraySize="1">
          <containerEntry>false</containerEntry>
        </property>
        <property name="isIsolated" type="Bool" container="StaticArray" arraySize="1">
          <containerEntry>false</containerEntry>
        </property>
        <property name="lodFarSize" type="Float" container="StaticArray" arraySize="1">
          <containerEntry>-1</containerEntry>
        </property>
        <property name="lodNearSize" type="Float" container="StaticArray" arraySize="1">
          <containerEntry>-1</containerEntry>
        </property>
        <property name="lodPolygonSize" type="Float" container="StaticArray" arraySize="1">
          <containerEntry>-1</containerEntry>
        </property>
        <property name="color" type="Color" container="StaticArray" arraySize="1">
          <containerEntry r="1" g="1" b="1" a="1"></containerEntry>
        </property>
        <property name="drawRejectionLevel" type="Int32" container="StaticArray" arraySize="1">
          <containerEntry>8</containerEntry>
        </property>
        <property name="drawMode" type="Int32" container="StaticArray" arraySize="1">
          <containerEntry>0</containerEntry>
        </property>
        <property name="rejectFarRangeShadowCast" type="Int32" container="StaticArray" arraySize="1">
          <containerEntry>2</containerEntry>
        </property>
      </staticProperties>
      <dynamicProperties></dynamicProperties>
    </entity>
    <entity class="TransformEntity" classVersion="0" classID="0x50" addr="0x31766E0" id="0x585C28">
      <staticProperties>
        <property name="owner" type="EntityHandle" container="StaticArray" arraySize="1">
          <containerEntry>0x3176670</containerEntry>
        </property>
        <property name="transform_scale" type="Vector3" container="StaticArray" arraySize="1">
          <containerEntry x="1" y="1" z="1" w="0"></containerEntry>
        </property>
        <property name="transform_rotation_quat" type="Quat" container="StaticArray" arraySize="1">
          <containerEntry x="0" y="0.984946" z="0" w="-0.172861"></containerEntry>
        </property>
        <property name="transform_translation" type="Vector3" container="StaticArray" arraySize="1">
          <containerEntry x="599.9114" y="335.7227" z="184.2243" w="0"></containerEntry>
        </property>
      </staticProperties>
      <dynamicProperties></dynamicProperties>
    </entity>
    <entity class="StaticModel" classVersion="9" classID="0x160" addr="0x3179380" id="0x585D13">
      <staticProperties>
        <property name="name" type="String" container="StaticArray" arraySize="1">
          <containerEntry>afgh_clff035_vrtn002_0000</containerEntry>
        </property>
        <property name="dataSet" type="EntityHandle" container="StaticArray" arraySize="1">
          <containerEntry>0x3357A90</containerEntry>
        </property>
        <property name="parent" type="EntityHandle" container="StaticArray" arraySize="1">
          <containerEntry>0x0</containerEntry>
        </property>
        <property name="transform" type="EntityPtr" container="StaticArray" arraySize="1">
          <containerEntry>0x31793F0</containerEntry>
        </property>
        <property name="shearTransform" type="EntityPtr" container="StaticArray" arraySize="1">
          <containerEntry>0x0</containerEntry>
        </property>
        <property name="pivotTransform" type="EntityPtr" container="StaticArray" arraySize="1">
          <containerEntry>0x0</containerEntry>
        </property>
        <property name="children" type="EntityHandle" container="List"></property>
        <property name="flags" type="UInt32" container="StaticArray" arraySize="1">
          <containerEntry>7</containerEntry>
        </property>
        <property name="modelFile" type="FilePtr" container="StaticArray" arraySize="1">
          <containerEntry>/Assets/tpp/environ/object/afghanistan/cliff/afgh_clff035/scenes/afgh_clff035_vrtn002_gen8.fmdl</containerEntry>
        </property>
        <property name="geomFile" type="FilePtr" container="StaticArray" arraySize="1">
          <containerEntry>/Assets/tpp/environ/object/afghanistan/cliff/afgh_clff035/scenes/afgh_clff035_vrtn002_gen8.geom</containerEntry>
        </property>
        <property name="isVisibleGeom" type="Bool" container="StaticArray" arraySize="1">
          <containerEntry>false</containerEntry>
        </property>
        <property name="isIsolated" type="Bool" container="StaticArray" arraySize="1">
          <containerEntry>false</containerEntry>
        </property>
        <property name="lodFarSize" type="Float" container="StaticArray" arraySize="1">
          <containerEntry>-1</containerEntry>
        </property>
        <property name="lodNearSize" type="Float" container="StaticArray" arraySize="1">
          <containerEntry>-1</containerEntry>
        </property>
        <property name="lodPolygonSize" type="Float" container="StaticArray" arraySize="1">
          <containerEntry>-1</containerEntry>
        </property>
        <property name="color" type="Color" container="StaticArray" arraySize="1">
          <containerEntry r="1" g="1" b="1" a="1"></containerEntry>
        </property>
        <property name="drawRejectionLevel" type="Int32" container="StaticArray" arraySize="1">
          <containerEntry>8</containerEntry>
        </property>
        <property name="drawMode" type="Int32" container="StaticArray" arraySize="1">
          <containerEntry>0</containerEntry>
        </property>
        <property name="rejectFarRangeShadowCast" type="Int32" container="StaticArray" arraySize="1">
          <containerEntry>2</containerEntry>
        </property>
      </staticProperties>
      <dynamicProperties></dynamicProperties>
    </entity>
    <entity class="TransformEntity" classVersion="0" classID="0x50" addr="0x31793F0" id="0x585D16">
      <staticProperties>
        <property name="owner" type="EntityHandle" container="StaticArray" arraySize="1">
          <containerEntry>0x3179380</containerEntry>
        </property>
        <property name="transform_scale" type="Vector3" container="StaticArray" arraySize="1">
          <containerEntry x="1" y="1" z="1" w="0"></containerEntry>
        </property>
        <property name="transform_rotation_quat" type="Quat" container="StaticArray" arraySize="1">
          <containerEntry x="-0.023002" y="-0.914682" z="0.022282" w="0.402903"></containerEntry>
        </property>
        <property name="transform_translation" type="Vector3" container="StaticArray" arraySize="1">
          <containerEntry x="583.52203" y="323.18518" z="152.89317" w="0"></containerEntry>
        </property>
      </staticProperties>
      <dynamicProperties></dynamicProperties>
    </entity>
    <entity class="StaticModelArray" classVersion="4" classID="0xD0" addr="0x317DF30" id="0x0">
      <staticProperties>
        <property name="name" type="String" container="StaticArray" arraySize="1">
          <containerEntry>StaticModelArray0000</containerEntry>
        </property>
        <property name="dataSet" type="EntityHandle" container="StaticArray" arraySize="1">
          <containerEntry>0x3357A90</containerEntry>
        </property>
        <property name="modelFile" type="FilePtr" container="StaticArray" arraySize="1">
          <containerEntry>/Assets/tpp/environ/object/afghanistan/cliff/afgh_clff025/scenes/afgh_clff025.fmdl</containerEntry>
        </property>
        <property name="geomFile" type="FilePtr" container="StaticArray" arraySize="1">
          <containerEntry>/Assets/tpp/environ/object/afghanistan/cliff/afgh_clff025/scenes/afgh_clff025.geom</containerEntry>
        </property>
        <property name="isVisibleGeom" type="Bool" container="StaticArray" arraySize="1">
          <containerEntry>false</containerEntry>
        </property>
        <property name="lodFarSize" type="Float" container="StaticArray" arraySize="1">
          <containerEntry>-1</containerEntry>
        </property>
        <property name="lodNearSize" type="Float" container="StaticArray" arraySize="1">
          <containerEntry>-1</containerEntry>
        </property>
        <property name="lodPolygonSize" type="Float" container="StaticArray" arraySize="1">
          <containerEntry>-1</containerEntry>
        </property>
        <property name="drawRejectionLevel" type="Int32" container="StaticArray" arraySize="1">
          <containerEntry>4</containerEntry>
        </property>
        <property name="drawMode" type="Int32" container="StaticArray" arraySize="1">
          <containerEntry>0</containerEntry>
        </property>
        <property name="rejectFarRangeShadowCast" type="Int32" container="StaticArray" arraySize="1">
          <containerEntry>2</containerEntry>
        </property>
        <property name="parentLocator" type="EntityLink" container="StaticArray" arraySize="1">
          <containerEntry packagePathHash="0xB8A0BF169F98" archivePathHash="0xB8A0BF169F98" nameInArchiveHash="0xB8A0BF169F98">0x0</containerEntry>
        </property>
        <property name="transforms" type="Matrix4" container="DynamicArray" arraySize="3">
          <containerEntry r11="0.36025473" r12="-0.12332607" r13="-0.92466587" r14="0" r21="-0.21241564" r22="0.95433855" r23="-0.21004182" r24="0" r31="0.9083479" r32="0.27208206" r33="0.3176086" r34="0" r41="597.9058" r42="340.2585" r43="230.02702" r44="1"></containerEntry>
          <containerEntry r11="-0.6362983" r12="0" r13="-0.77144176" r14="0" r21="0" r22="1" r23="0" r24="0" r31="0.77144176" r32="0" r33="-0.6362983" r34="0" r41="583.0525" r42="346.72266" r43="234.80247" r44="1"></containerEntry>
          <containerEntry r11="-0.8612306" r12="-0.0032766545" r13="-0.5082051" r14="0" r21="-0.027445622" r22="0.9988198" r23="0.040070858" r24="0" r31="0.507474" r32="0.048458222" r33="-0.8603041" r34="0" r41="623.6415" r42="332.17548" r43="178.779" r44="1"></containerEntry>
        </property>
        <property name="colors" type="UInt32" container="DynamicArray" arraySize="3">
          <containerEntry>4294967295</containerEntry>
          <containerEntry>4294967295</containerEntry>
          <containerEntry>4294967295</containerEntry>
        </property>
      </staticProperties>
      <dynamicProperties></dynamicProperties>
    </entity>
    <entity class="StaticModelArray" classVersion="4" classID="0xD0" addr="0x317DFA0" id="0x0">
      <staticProperties>
        <property name="name" type="String" container="StaticArray" arraySize="1">
          <containerEntry>StaticModelArray0001</containerEntry>
        </property>
        <property name="dataSet" type="EntityHandle" container="StaticArray" arraySize="1">
          <containerEntry>0x3357A90</containerEntry>
        </property>
        <property name="modelFile" type="FilePtr" container="StaticArray" arraySize="1">
          <containerEntry>/Assets/tpp/environ/object/afghanistan/rock/afgh_rock010/scenes/afgh_rock010.fmdl</containerEntry>
        </property>
        <property name="geomFile" type="FilePtr" container="StaticArray" arraySize="1">
          <containerEntry>/Assets/tpp/environ/object/afghanistan/rock/afgh_rock010/scenes/afgh_rock010.geom</containerEntry>
        </property>
        <property name="isVisibleGeom" type="Bool" container="StaticArray" arraySize="1">
          <containerEntry>false</containerEntry>
        </property>
        <property name="lodFarSize" type="Float" container="StaticArray" arraySize="1">
          <containerEntry>-1</containerEntry>
        </property>
        <property name="lodNearSize" type="Float" container="StaticArray" arraySize="1">
          <containerEntry>-1</containerEntry>
        </property>
        <property name="lodPolygonSize" type="Float" container="StaticArray" arraySize="1">
          <containerEntry>-1</containerEntry>
        </property>
        <property name="drawRejectionLevel" type="Int32" container="StaticArray" arraySize="1">
          <containerEntry>4</containerEntry>
        </property>
        <property name="drawMode" type="Int32" container="StaticArray" arraySize="1">
          <containerEntry>0</containerEntry>
        </property>
        <property name="rejectFarRangeShadowCast" type="Int32" container="StaticArray" arraySize="1">
          <containerEntry>2</containerEntry>
        </property>
        <property name="parentLocator" type="EntityLink" container="StaticArray" arraySize="1">
          <containerEntry packagePathHash="0xB8A0BF169F98" archivePathHash="0xB8A0BF169F98" nameInArchiveHash="0xB8A0BF169F98">0x0</containerEntry>
        </property>
        <property name="transforms" type="Matrix4" container="DynamicArray" arraySize="5">
          <containerEntry r11="-0.98687226" r12="0.008258186" r13="0.76714784" r14="0" r21="0.084628165" r22="1.2434715" r23="0.095481396" r24="0" r31="-0.7625104" r32="0.12732017" r33="-0.98227715" r34="0" r41="593.19135" r42="339.36838" r43="238.49817" r44="1"></containerEntry>
          <containerEntry r11="0.8072351" r12="-0.336525" r13="-0.89309704" r14="0" r21="0.24923304" r22="1.2034569" r23="-0.2281987" r24="0" r31="0.9212786" r32="-0.030703451" r33="0.84427655" r34="0" r41="604.1646" r42="333.98337" r43="216.65509" r44="1"></containerEntry>
          <containerEntry r11="-0.9161963" r12="0.10434739" r13="0.3868985" r14="0" r21="0.086717114" r22="0.9942516" r23="-0.06280065" r24="0" r31="-0.3912275" r32="-0.023987088" r33="-0.9199783" r34="0" r41="587.834" r42="341.45206" r43="231.26102" r44="1"></containerEntry>
          <containerEntry r11="0.18351963" r12="0.49450958" r13="1.1332612" r14="0" r21="-0.10673959" r22="1.147735" r23="-0.48354" r24="0" r31="-1.231839" r32="-0.025779773" r33="0.21073252" r34="0" r41="607.5178" r42="321.50848" r43="153.18234" r44="1"></containerEntry>
          <containerEntry r11="1.1417688" r12="-0.0519727" r13="-0.50612545" r14="0" r21="-0.09482488" r22="1.1999371" r23="-0.33713388" r24="0" r31="0.49987233" r32="0.34633774" r33="1.0920979" r34="0" r41="636.8594" r42="320.87054" r43="139.86218" r44="1"></containerEntry>
        </property>
        <property name="colors" type="UInt32" container="DynamicArray" arraySize="5">
          <containerEntry>4294967295</containerEntry>
          <containerEntry>4294967295</containerEntry>
          <containerEntry>4294967295</containerEntry>
          <containerEntry>4294967295</containerEntry>
          <containerEntry>4294967295</containerEntry>
        </property>
      </staticProperties>
      <dynamicProperties></dynamicProperties>
    </entity>
    <entity class="StaticModelArray" classVersion="4" classID="0xD0" addr="0x317E010" id="0x0">
      <staticProperties>
        <property name="name" type="String" container="StaticArray" arraySize="1">
          <containerEntry>StaticModelArray0002</containerEntry>
        </property>
        <property name="dataSet" type="EntityHandle" container="StaticArray" arraySize="1">
          <containerEntry>0x3357A90</containerEntry>
        </property>
        <property name="modelFile" type="FilePtr" container="StaticArray" arraySize="1">
          <containerEntry>/Assets/tpp/environ/object/afghanistan/cliff/afgh_clff030/scenes/afgh_clff030_vrtn011.fmdl</containerEntry>
        </property>
        <property name="geomFile" type="FilePtr" container="StaticArray" arraySize="1">
          <containerEntry>/Assets/tpp/environ/object/afghanistan/cliff/afgh_clff030/scenes/afgh_clff030_vrtn011.geom</containerEntry>
        </property>
        <property name="isVisibleGeom" type="Bool" container="StaticArray" arraySize="1">
          <containerEntry>false</containerEntry>
        </property>
        <property name="lodFarSize" type="Float" container="StaticArray" arraySize="1">
          <containerEntry>-1</containerEntry>
        </property>
        <property name="lodNearSize" type="Float" container="StaticArray" arraySize="1">
          <containerEntry>-1</containerEntry>
        </property>
        <property name="lodPolygonSize" type="Float" container="StaticArray" arraySize="1">
          <containerEntry>-1</containerEntry>
        </property>
        <property name="drawRejectionLevel" type="Int32" container="StaticArray" arraySize="1">
          <containerEntry>8</containerEntry>
        </property>
        <property name="drawMode" type="Int32" container="StaticArray" arraySize="1">
          <containerEntry>0</containerEntry>
        </property>
        <property name="rejectFarRangeShadowCast" type="Int32" container="StaticArray" arraySize="1">
          <containerEntry>2</containerEntry>
        </property>
        <property name="parentLocator" type="EntityLink" container="StaticArray" arraySize="1">
          <containerEntry packagePathHash="0xB8A0BF169F98" archivePathHash="0xB8A0BF169F98" nameInArchiveHash="0xB8A0BF169F98">0x0</containerEntry>
        </property>
        <property name="transforms" type="Matrix4" container="DynamicArray" arraySize="32">
          <containerEntry r11="0.9645369" r12="-0.26256135" r13="0.02701902" r14="0" r21="0.25903615" r22="0.92195964" r23="-0.28790727" r24="0" r31="0.050682906" r32="0.28469607" r33="0.95727706" r34="0" r41="631.7185" r42="331.16354" r43="178.80997" r44="1"></containerEntry>
          <containerEntry r11="0.9970851" r12="0.0028748559" r13="0.07624351" r14="0" r21="0.029587578" r22="0.90652347" r23="-0.42111754" r24="0" r31="-0.070327185" r32="0.4221459" r33="0.90379596" r34="0" r41="615.08966" r42="330.45612" r43="169.50017" r44="1"></containerEntry>
          <containerEntry r11="0.9455447" r12="-0.3254502" r13="-0.0052357037" r14="0" r21="0.3254502" r22="0.9450413" r23="0.031291015" r24="0" r31="-0.0052357037" r32="-0.031291015" r33="0.9994966" r34="0" r41="628.63495" r42="333.64282" r43="189.70145" r44="1"></containerEntry>
          <containerEntry r11="0.5169115" r12="-0.25607088" r13="0.8168419" r14="0" r21="0.23514643" r22="0.9599793" r23="0.1521382" r24="0" r31="-0.82310945" r32="0.11343535" r33="0.55643845" r34="0" r41="625.298" r42="333.6996" r43="196.85573" r44="1"></containerEntry>
          <containerEntry r11="0.17672719" r12="0.017705873" r13="-0.9841006" r14="0" r21="0.28054452" r22="0.95745707" r23="0.06760737" r24="0" r31="0.94343114" r32="-0.28803208" r33="0.16424143" r34="0" r41="610.5448" r42="335.0133" r43="211.16515" r44="1"></containerEntry>
          <containerEntry r11="0.9974278" r12="-0.07135634" r13="0.0067811455" r14="0" r21="0.07135634" r22="0.9795503" r23="-0.18812072" r24="0" r31="0.0067811455" r32="0.18812072" r33="0.9821225" r34="0" r41="597.1002" r42="337.43793" r43="208.47229" r44="1"></containerEntry>
          <containerEntry r11="0.94556254" r12="-0.32537982" r13="0.0062808264" r14="0" r21="0.32537982" r22="0.94483787" r23="-0.037541322" r24="0" r31="0.0062808264" r32="0.037541322" r33="0.9992753" r34="0" r41="605.8172" r42="337.02634" r43="222.29259" r44="1"></containerEntry>
          <containerEntry r11="0.91859144" r12="-0.3951369" r13="0.007514089" r14="0" r21="0.3951369" r22="0.9178979" r23="-0.036471523" r24="0" r31="0.007514089" r32="0.036471523" r33="0.99930644" r34="0" r41="604.75964" r42="337.9319" r43="230.94789" r44="1"></containerEntry>
          <containerEntry r11="0.8844205" r12="-0.4661182" r13="0.02311542" r14="0" r21="0.4661182" r22="0.8797975" r23="-0.0932217" r24="0" r31="0.02311542" r32="0.0932217" r33="0.995377" r34="0" r41="596.5312" r42="342.51837" r43="246.21994" r44="1"></containerEntry>
          <containerEntry r11="0.8957769" r12="-0.07203385" r13="0.43862844" r14="0" r21="0.15196706" r22="0.97695076" r23="-0.14991067" r24="0" r31="-0.41771978" r32="0.20094357" r33="0.88607675" r34="0" r41="629.6886" r42="328.66806" r43="168.69357" r44="1"></containerEntry>
          <containerEntry r11="0.92884016" r12="-0.11798474" r13="-0.3511914" r14="0" r21="-0.0082159005" r22="0.941142" r23="-0.33791134" r24="0" r31="0.3703894" r32="0.31675097" r33="0.8732012" r34="0" r41="624.8722" r42="325.2689" r43="151.57886" r44="1"></containerEntry>
          <containerEntry r11="-0.0071575344" r12="0.33134943" r13="0.94348174" r14="0" r21="0.024986476" r22="0.9432698" r23="-0.33108574" r24="0" r31="-0.99966294" r32="0.02120477" r33="-0.015030801" r34="0" r41="617.3845" r42="328.10236" r43="161.22795" r44="1"></containerEntry>
          <containerEntry r11="-0.25455076" r12="0.42307568" r13="0.86960423" r14="0" r21="0.029875383" r22="0.90223604" r23="-0.43020654" r24="0" r31="-0.96659815" r32="-0.08352953" r33="-0.24230444" r34="0" r41="603.732" r42="329.46252" r43="165.2267" r44="1"></containerEntry>
          <containerEntry r11="-0.41737723" r12="0.22459391" r13="0.8805416" r14="0" r21="-0.08138027" r22="0.95584583" r23="-0.28237554" r24="0" r31="-0.9050819" r32="-0.18951589" r33="-0.3806708" r34="0" r41="596.83344" r42="333.56287" r43="175.64943" r44="1"></containerEntry>
          <containerEntry r11="-0.15048328" r12="0.42359594" r13="0.89326394" r14="0" r21="-0.10219291" r22="0.89204794" r23="-0.44023508" r24="0" r31="-0.98331606" r32="-0.15753347" r33="-0.090949774" r34="0" r41="595.6989" r42="329.02896" r43="164.73692" r44="1"></containerEntry>
          <containerEntry r11="-0.25410366" r12="0.31103265" r13="0.91580075" r14="0" r21="-0.104970746" r22="0.93241733" r23="-0.34580207" r24="0" r31="-0.9614642" r32="-0.18400164" r33="-0.20428139" r34="0" r41="613.8261" r42="323.31345" r43="147.94302" r44="1"></containerEntry>
          <containerEntry r11="-0.25410366" r12="0.31103265" r13="0.91580075" r14="0" r21="-0.104970746" r22="0.93241733" r23="-0.34580207" r24="0" r31="-0.9614642" r32="-0.18400164" r33="-0.20428139" r34="0" r41="599.94916" r42="320.6577" r43="144.99458" r44="1"></containerEntry>
          <containerEntry r11="-0.25455076" r12="0.42307568" r13="0.86960423" r14="0" r21="0.029875383" r22="0.90223604" r23="-0.43020654" r24="0" r31="-0.96659815" r32="-0.08352953" r33="-0.24230444" r34="0" r41="608.955" r42="331.66525" r43="170.85725" r44="1"></containerEntry>
          <containerEntry r11="0.97777313" r12="-0.04706651" r13="-0.20431471" r14="0" r21="-0.02056998" r22="0.94824255" r23="-0.31688008" r24="0" r31="0.20865434" r32="0.31403956" r33="0.9261979" r34="0" r41="633.92535" r42="320.6382" r43="127.12529" r44="1"></containerEntry>
          <containerEntry r11="0.97777313" r12="-0.04706651" r13="-0.20431471" r14="0" r21="-0.02056998" r22="0.94824255" r23="-0.31688008" r24="0" r31="0.20865434" r32="0.31403956" r33="0.9261979" r34="0" r41="623.82355" r42="318.97314" r43="122.968765" r44="1"></containerEntry>
          <containerEntry r11="0.40709394" r12="0.45312995" r13="0.79306245" r14="0" r21="-0.41080016" r22="0.8663255" r23="-0.2841186" r24="0" r31="-0.8157929" r32="-0.21012713" r33="0.53882164" r34="0" r41="574.1258" r42="331.3317" r43="190.24597" r44="1"></containerEntry>
          <containerEntry r11="0.3499254" r12="0.51758343" r13="0.7808067" r14="0" r21="-0.28650862" r22="0.85269445" r23="-0.43683508" r24="0" r31="-0.8918882" r32="-0.070848316" r33="0.44667166" r34="0" r41="570.4612" r42="335.65955" r43="202.69565" r44="1"></containerEntry>
          <containerEntry r11="0.09912999" r12="0.50973976" r13="0.85459775" r14="0" r21="-0.15525004" r22="0.85623413" r23="-0.49270713" r24="0" r31="-0.9828883" r32="-0.08383469" r33="0.16401577" r34="0" r41="556.48157" r42="339.62946" r43="218.03712" r44="1"></containerEntry>
          <containerEntry r11="-0.089468956" r12="0.38511693" r13="0.91851765" r14="0" r21="-0.051957652" r22="0.9191584" r23="-0.39044565" r24="0" r31="-0.99463063" r32="-0.08265798" r33="-0.062226117" r34="0" r41="565.64105" r42="343.62195" r43="225.73206" r44="1"></containerEntry>
          <containerEntry r11="-0.8024948" r12="0.19427519" r13="0.5641358" r14="0" r21="0.016650036" r22="0.9524281" r23="-0.3043079" r24="0" r31="-0.5964184" r32="-0.23481414" r33="-0.76755303" r34="0" r41="579.5064" r42="342.55884" r43="223.02725" r44="1"></containerEntry>
          <containerEntry r11="0.4989212" r12="0.5467451" r13="0.6724186" r14="0" r21="-0.32717115" r22="0.83729774" r23="-0.43805403" r24="0" r31="-0.8025185" r32="-0.0014418364" r33="0.596625" r34="0" r41="539.06586" r42="318.94846" r43="185.03612" r44="1"></containerEntry>
          <containerEntry r11="0.51161814" r12="0.56749135" r13="0.6451355" r14="0" r21="-0.3540852" r22="0.8233778" r23="-0.44347775" r24="0" r31="-0.78286016" r32="-0.0015419275" r33="0.6221955" r34="0" r41="528.7828" r42="328.52603" r43="211.53508" r44="1"></containerEntry>
          <containerEntry r11="-0.47927517" r12="0.35064942" r13="0.80457264" r14="0" r21="-0.012104496" r22="0.9139937" r23="-0.40554744" r24="0" r31="-0.8775794" r32="-0.20410842" r33="-0.43380994" r34="0" r41="510.7474" r42="327.05835" r43="211.85802" r44="1"></containerEntry>
          <containerEntry r11="0.3375025" r12="0.40819535" r13="0.84821427" r14="0" r21="-0.20159766" r22="0.911523" r23="-0.35844666" r24="0" r31="-0.9194832" r32="-0.050021738" r33="0.38993263" r34="0" r41="527.7685" r42="317.58224" r43="188.61142" r44="1"></containerEntry>
          <containerEntry r11="0.8690969" r12="0.45035824" r13="0.20456715" r14="0" r21="-0.37940553" r22="0.8722925" r23="-0.30847502" r24="0" r31="-0.31736684" r32="0.19048059" r33="0.92897534" r34="0" r41="538.33655" r42="325.08066" r43="198.23836" r44="1"></containerEntry>
          <containerEntry r11="-0.22365586" r12="0.4732765" r13="0.85204923" r14="0" r21="-0.12436582" r22="0.8531908" r23="-0.5065557" r24="0" r31="-0.9667014" r32="-0.21925981" r33="-0.13196176" r34="0" r41="553.68616" r42="322.45596" r43="182.26312" r44="1"></containerEntry>
          <containerEntry r11="0.98555034" r12="0.16195352" r13="-0.04961409" r14="0" r21="-0.16195352" r22="0.81519634" r23="-0.55608064" r24="0" r31="-0.04961409" r32="0.55608064" r33="0.829646" r34="0" r41="543.0786" r42="334.45297" r43="214.21693" r44="1"></containerEntry>
        </property>
        <property name="colors" type="UInt32" container="DynamicArray" arraySize="32">
          <containerEntry>4294967295</containerEntry>
          <containerEntry>4294967295</containerEntry>
          <containerEntry>4294967295</containerEntry>
          <containerEntry>4294967295</containerEntry>
          <containerEntry>4294967295</containerEntry>
          <containerEntry>4294967295</containerEntry>
          <containerEntry>4294967295</containerEntry>
          <containerEntry>4294967295</containerEntry>
          <containerEntry>4294967295</containerEntry>
          <containerEntry>4294967295</containerEntry>
          <containerEntry>4294967295</containerEntry>
          <containerEntry>4294967295</containerEntry>
          <containerEntry>4294967295</containerEntry>
          <containerEntry>4294967295</containerEntry>
          <containerEntry>4294967295</containerEntry>
          <containerEntry>4294967295</containerEntry>
          <containerEntry>4294967295</containerEntry>
          <containerEntry>4294967295</containerEntry>
          <containerEntry>4294967295</containerEntry>
          <containerEntry>4294967295</containerEntry>
          <containerEntry>4294967295</containerEntry>
          <containerEntry>4294967295</containerEntry>
          <containerEntry>4294967295</containerEntry>
