<fox formatVersion="2" fileVersion="0">
  <entities>
    <entity class="DataSet" classVersion="0" classID="0xE8" addr="0x32F1F20" id="0x4E991">
      <staticProperties>
        <property name="name" type="String" container="StaticArray" arraySize="1">
          <containerEntry hash="0xB8A0BF169F98"></containerEntry>
        </property>
        <property name="dataSet" type="EntityHandle" container="StaticArray" arraySize="1">
          <containerEntry>0x0</containerEntry>
        </property>
        <property name="dataList" type="EntityPtr" container="StringMap" arraySize="9">
          <containerEntry key="mafr_clod005_0000">
            <data>0x317AB20</data>
          </containerEntry>
          <containerEntry key="StaticModelArray0000">
            <data>0x317E9B0</data>
          </containerEntry>
          <containerEntry key="StaticModelArray0001">
            <data>0x317E400</data>
          </containerEntry>
          <containerEntry key="StaticModelArray0002">
            <data>0x317E390</data>
          </containerEntry>
          <containerEntry key="StaticModelArray0003">
            <data>0x317E4E0</data>
          </containerEntry>
          <containerEntry key="StaticModelArray0004">
            <data>0x317E2B0</data>
          </containerEntry>
          <containerEntry key="StaticModelArray0005">
            <data>0x317E320</data>
          </containerEntry>
          <containerEntry key="StaticModelArray0006">
            <data>0x317E470</data>
          </containerEntry>
          <containerEntry key="TexturePackLoadConditioner0000">
            <data>0x317F120</data>
          </containerEntry>
        </property>
      </staticProperties>
      <dynamicProperties></dynamicProperties>
    </entity>
    <entity class="StaticModel" classVersion="9" classID="0x160" addr="0x317AB20" id="0x4EBD1">
      <staticProperties>
        <property name="name" type="String" container="StaticArray" arraySize="1">
          <containerEntry>mafr_clod005_0000</containerEntry>
        </property>
        <property name="dataSet" type="EntityHandle" container="StaticArray" arraySize="1">
          <containerEntry>0x32F1F20</containerEntry>
        </property>
        <property name="parent" type="EntityHandle" container="StaticArray" arraySize="1">
          <containerEntry>0x0</containerEntry>
        </property>
        <property name="transform" type="EntityPtr" container="StaticArray" arraySize="1">
          <containerEntry>0x317AB90</containerEntry>
        </property>
        <property name="shearTransform" type="EntityPtr" container="StaticArray" arraySize="1">
          <containerEntry>0x0</containerEntry>
        </property>
        <property name="pivotTransform" type="EntityPtr" container="StaticArray" arraySize="1">
          <containerEntry>0x0</containerEntry>
        </property>
        <property name="children" type="EntityHandle" container="List"></property>
        <property name="flags" type="UInt32" container="StaticArray" arraySize="1">
          <containerEntry>7</containerEntry>
        </property>
        <property name="modelFile" type="FilePtr" container="StaticArray" arraySize="1">
          <containerEntry>/Assets/tpp/environ/object/middle_africa/clod/mafr_clod005/scenes/mafr_clod005.fmdl</containerEntry>
        </property>
        <property name="geomFile" type="FilePtr" container="StaticArray" arraySize="1">
          <containerEntry>/Assets/tpp/environ/object/middle_africa/clod/mafr_clod005/scenes/mafr_clod005.geom</containerEntry>
        </property>
        <property name="isVisibleGeom" type="Bool" container="StaticArray" arraySize="1">
          <containerEntry>false</containerEntry>
        </property>
        <property name="isIsolated" type="Bool" container="StaticArray" arraySize="1">
          <containerEntry>false</containerEntry>
        </property>
        <property name="lodFarSize" type="Float" container="StaticArray" arraySize="1">
          <containerEntry>-1</containerEntry>
        </property>
        <property name="lodNearSize" type="Float" container="StaticArray" arraySize="1">
          <containerEntry>-1</containerEntry>
        </property>
        <property name="lodPolygonSize" type="Float" container="StaticArray" arraySize="1">
          <containerEntry>-1</containerEntry>
        </property>
        <property name="color" type="Color" container="StaticArray" arraySize="1">
          <containerEntry r="1" g="1" b="1" a="1"></containerEntry>
        </property>
        <property name="drawRejectionLevel" type="Int32" container="StaticArray" arraySize="1">
          <containerEntry>8</containerEntry>
        </property>
        <property name="drawMode" type="Int32" container="StaticArray" arraySize="1">
          <containerEntry>0</containerEntry>
        </property>
        <property name="rejectFarRangeShadowCast" type="Int32" container="StaticArray" arraySize="1">
          <containerEntry>2</containerEntry>
        </property>
      </staticProperties>
      <dynamicProperties></dynamicProperties>
    </entity>
    <entity class="TransformEntity" classVersion="0" classID="0x50" addr="0x317AB90" id="0x4EBD4">
      <staticProperties>
        <property name="owner" type="EntityHandle" container="StaticArray" arraySize="1">
          <containerEntry>0x317AB20</containerEntry>
        </property>
        <property name="transform_scale" type="Vector3" container="StaticArray" arraySize="1">
          <containerEntry x="1" y="1" z="1" w="0"></containerEntry>
        </property>
        <property name="transform_rotation_quat" type="Quat" container="StaticArray" arraySize="1">
          <containerEntry x="0" y="0.255745" z="0" w="0.966744"></containerEntry>
        </property>
        <property name="transform_translation" type="Vector3" container="StaticArray" arraySize="1">
          <containerEntry x="2357.2092" y="-2.736078" z="1559.6104" w="0"></containerEntry>
        </property>
      </staticProperties>
      <dynamicProperties></dynamicProperties>
    </entity>
    <entity class="StaticModelArray" classVersion="4" classID="0xD0" addr="0x317E9B0" id="0x0">
      <staticProperties>
        <property name="name" type="String" container="StaticArray" arraySize="1">
          <containerEntry>StaticModelArray0000</containerEntry>
        </property>
        <property name="dataSet" type="EntityHandle" container="StaticArray" arraySize="1">
          <containerEntry>0x32F1F20</containerEntry>
        </property>
        <property name="modelFile" type="FilePtr" container="StaticArray" arraySize="1">
          <containerEntry>/Assets/tpp/environ/object/middle_africa/rock/mafr_rock007/scenes/mafr_rock007.fmdl</containerEntry>
        </property>
        <property name="geomFile" type="FilePtr" container="StaticArray" arraySize="1">
          <containerEntry>/Assets/tpp/environ/object/middle_africa/rock/mafr_rock007/scenes/mafr_rock007.geom</containerEntry>
        </property>
        <property name="isVisibleGeom" type="Bool" container="StaticArray" arraySize="1">
          <containerEntry>false</containerEntry>
        </property>
        <property name="lodFarSize" type="Float" container="StaticArray" arraySize="1">
          <containerEntry>-1</containerEntry>
        </property>
        <property name="lodNearSize" type="Float" container="StaticArray" arraySize="1">
          <containerEntry>-1</containerEntry>
        </property>
        <property name="lodPolygonSize" type="Float" container="StaticArray" arraySize="1">
          <containerEntry>-1</containerEntry>
        </property>
        <property name="drawRejectionLevel" type="Int32" container="StaticArray" arraySize="1">
          <containerEntry>8</containerEntry>
        </property>
        <property name="drawMode" type="Int32" container="StaticArray" arraySize="1">
          <containerEntry>0</containerEntry>
        </property>
        <property name="rejectFarRangeShadowCast" type="Int32" container="StaticArray" arraySize="1">
          <containerEntry>2</containerEntry>
        </property>
        <property name="parentLocator" type="EntityLink" container="StaticArray" arraySize="1">
          <containerEntry packagePathHash="0xB8A0BF169F98" archivePathHash="0xB8A0BF169F98" nameInArchiveHash="0xB8A0BF169F98">0x0</containerEntry>
        </property>
        <property name="transforms" type="Matrix4" container="DynamicArray" arraySize="6">
          <containerEntry r11="-0.32615933" r12="-0.055362105" r13="0.67309594" r14="0" r21="0.0739249" r22="0.74005604" r23="0.09669106" r24="0" r31="-0.6713089" r32="0.10839367" r33="-0.31637806" r34="0" r41="2341.9597" r42="-11.063347" r43="1612.4562" r44="1"></containerEntry>
          <containerEntry r11="-0.9556345" r12="0.034516543" r13="0.29252556" r14="0" r21="-0.070461504" r22="0.9374896" r23="-0.3408056" r24="0" r31="-0.28600308" r32="-0.34629738" r33="-0.8934653" r34="0" r41="2316.5308" r42="-10.678427" r43="1629.9652" r44="1"></containerEntry>
          <containerEntry r11="0.5673935" r12="0.07288484" r13="0.48502803" r14="0" r21="-0.005683774" r22="0.7426002" r23="-0.104940966" r24="0" r31="-0.49044073" r32="0.07571468" r33="0.5623477" r34="0" r41="2316.1035" r42="-10.276912" r43="1633.0884" r44="1"></containerEntry>
          <containerEntry r11="-0.36607718" r12="-0.0154703185" r13="0.34021753" r14="0" r21="0.11474576" r22="-0.4758826" r23="0.101828255" r24="0" r31="0.32065672" r32="0.1526311" r33="0.35197014" r34="0" r41="2313.7708" r42="-10.961521" r43="1632.0023" r44="1"></containerEntry>
          <containerEntry r11="0.32562095" r12="0.020520594" r13="0.37887955" r14="0" r21="0.06913996" r22="-0.49411744" r23="-0.032658912" r24="0" r31="0.3730824" r32="0.07366033" r33="-0.32462725" r34="0" r41="2329.8193" r42="-10.374414" r43="1634.6078" r44="1"></containerEntry>
          <containerEntry r11="-0.9955251" r12="0.018021023" r13="-0.09277515" r14="0" r21="0.03161275" r22="0.9886028" r23="-0.14719054" r24="0" r31="0.089065254" r32="-0.14946458" r33="-0.98474866" r34="0" r41="2339.7856" r42="-11.266711" r43="1614.4513" r44="1"></containerEntry>
        </property>
        <property name="colors" type="UInt32" container="DynamicArray" arraySize="6">
          <containerEntry>4294967295</containerEntry>
          <containerEntry>4294967295</containerEntry>
          <containerEntry>4294967295</containerEntry>
          <containerEntry>4294967295</containerEntry>
          <containerEntry>4294967295</containerEntry>
          <containerEntry>4294967295</containerEntry>
        </property>
      </staticProperties>
      <dynamicProperties></dynamicProperties>
    </entity>
    <entity class="StaticModelArray" classVersion="4" classID="0xD0" addr="0x317E400" id="0x0">
      <staticProperties>
        <property name="name" type="String" container="StaticArray" arraySize="1">
          <containerEntry>StaticModelArray0001</containerEntry>
        </property>
        <property name="dataSet" type="EntityHandle" container="StaticArray" arraySize="1">
          <containerEntry>0x32F1F20</containerEntry>
        </property>
        <property name="modelFile" type="FilePtr" container="StaticArray" arraySize="1">
          <containerEntry>/Assets/tpp/environ/object/middle_africa/rock/mafr_rock010/scenes/mafr_rock010.fmdl</containerEntry>
        </property>
        <property name="geomFile" type="FilePtr" container="StaticArray" arraySize="1">
          <containerEntry>/Assets/tpp/environ/object/middle_africa/rock/mafr_rock010/scenes/mafr_rock010.geom</containerEntry>
        </property>
        <property name="isVisibleGeom" type="Bool" container="StaticArray" arraySize="1">
          <containerEntry>false</containerEntry>
        </property>
        <property name="lodFarSize" type="Float" container="StaticArray" arraySize="1">
          <containerEntry>-1</containerEntry>
        </property>
        <property name="lodNearSize" type="Float" container="StaticArray" arraySize="1">
          <containerEntry>-1</containerEntry>
        </property>
        <property name="lodPolygonSize" type="Float" container="StaticArray" arraySize="1">
          <containerEntry>-1</containerEntry>
        </property>
        <property name="drawRejectionLevel" type="Int32" container="StaticArray" arraySize="1">
          <containerEntry>8</containerEntry>
        </property>
        <property name="drawMode" type="Int32" container="StaticArray" arraySize="1">
          <containerEntry>0</containerEntry>
        </property>
        <property name="rejectFarRangeShadowCast" type="Int32" container="StaticArray" arraySize="1">
          <containerEntry>2</containerEntry>
        </property>
        <property name="parentLocator" type="EntityLink" container="StaticArray" arraySize="1">
          <containerEntry packagePathHash="0xB8A0BF169F98" archivePathHash="0xB8A0BF169F98" nameInArchiveHash="0xB8A0BF169F98">0x0</containerEntry>
        </property>
        <property name="transforms" type="Matrix4" container="DynamicArray" arraySize="8">
          <containerEntry r11="0.96414137" r12="0.099631235" r13="0.24597774" r14="0" r21="-0.14278354" r22="0.9760165" r23="0.16433086" r24="0" r31="-0.22370581" r32="-0.19355978" r33="0.9552436" r34="0" r41="2319.385" r42="-14.145531" r43="1622.4174" r44="1"></containerEntry>
          <containerEntry r11="0.8743941" r12="-3.1804666e-05" r13="-0.48521602" r14="0" r21="-0.04626137" r22="0.9954392" r23="-0.08343142" r24="0" r31="0.48300564" r32="0.095398724" r33="0.87040466" r34="0" r41="2326.3987" r42="-12.341189" r43="1610.0773" r44="1"></containerEntry>
          <containerEntry r11="-0.81819797" r12="0.005164452" r13="-0.57491034" r14="0" r21="0.012192134" r22="0.9998906" r23="-0.008369494" r24="0" r31="0.57480425" r32="-0.013857309" r33="-0.81817144" r34="0" r41="2331.1785" r42="-11.793165" r43="1605.5446" r44="1"></containerEntry>
          <containerEntry r11="-0.72553587" r12="-0.07177905" r13="0.6844264" r14="0" r21="-0.08382381" r22="0.9963579" r23="0.015633795" r24="0" r31="-0.6830559" r32="-0.0460284" r33="-0.7289102" r34="0" r41="2319.385" r42="-12.727798" r43="1630.692" r44="1"></containerEntry>
          <containerEntry r11="0.98201" r12="0.12092199" r13="0.1450312" r14="0" r21="-0.08824938" r22="0.9729171" r23="-0.21364515" r24="0" r31="-0.16693778" r32="0.19700272" r33="0.9660857" r34="0" r41="2361.4587" r42="-12.314024" r43="1630.692" r44="1"></containerEntry>
          <containerEntry r11="-0.72553587" r12="-0.07177905" r13="0.6844264" r14="0" r21="-0.08382381" r22="0.9963579" r23="0.015633795" r24="0" r31="-0.6830559" r32="-0.0460284" r33="-0.7289102" r34="0" r41="2325.6624" r42="-12.314024" r43="1636.0061" r44="1"></containerEntry>
          <containerEntry r11="-0.98702395" r12="0.15951172" r13="-0.018098803" r14="0" r21="0.15210196" r22="0.96527725" r23="0.21237862" r24="0" r31="0.051347345" r32="0.20687121" r33="-0.97701365" r34="0" r41="2375.8245" r42="-12.005769" r43="1628.1362" r44="1"></containerEntry>
          <containerEntry r11="-0.6074526" r12="0.118752345" r13="-0.78542423" r14="0" r21="0.34383047" r22="0.93064594" r23="-0.12521319" r24="0" r31="0.71608233" r32="-0.34611505" r33="-0.6061538" r34="0" r41="2364.8923" r42="-12.314024" r43="1630.0532" r44="1"></containerEntry>
        </property>
        <property name="colors" type="UInt32" container="DynamicArray" arraySize="8">
          <containerEntry>4294967295</containerEntry>
          <containerEntry>4294967295</containerEntry>
          <containerEntry>4294967295</containerEntry>
          <containerEntry>4294967295</containerEntry>
          <containerEntry>4294967295</containerEntry>
          <containerEntry>4294967295</containerEntry>
          <containerEntry>4294967295</containerEntry>
          <containerEntry>4294967295</containerEntry>
        </property>
      </staticProperties>
      <dynamicProperties></dynamicProperties>
    </entity>
    <entity class="StaticModelArray" classVersion="4" classID="0xD0" addr="0x317E390" id="0x0">
      <staticProperties>
        <property name="name" type="String" container="StaticArray" arraySize="1">
          <containerEntry>StaticModelArray0002</containerEntry>
        </property>
        <property name="dataSet" type="EntityHandle" container="StaticArray" arraySize="1">
          <containerEntry>0x32F1F20</containerEntry>
        </property>
        <property name="modelFile" type="FilePtr" container="StaticArray" arraySize="1">
          <containerEntry>/Assets/tpp/environ/object/middle_africa/mud/mafr_mudd003/scenes/mafr_mudd003_rock001.fmdl</containerEntry>
        </property>
        <property name="geomFile" type="FilePtr" container="StaticArray" arraySize="1">
          <containerEntry>/Assets/tpp/environ/object/middle_africa/mud/mafr_mudd003/scenes/mafr_mudd003_rock001.geom</containerEntry>
        </property>
        <property name="isVisibleGeom" type="Bool" container="StaticArray" arraySize="1">
          <containerEntry>false</containerEntry>
        </property>
        <property name="lodFarSize" type="Float" container="StaticArray" arraySize="1">
          <containerEntry>-1</containerEntry>
        </property>
        <property name="lodNearSize" type="Float" container="StaticArray" arraySize="1">
          <containerEntry>-1</containerEntry>
        </property>
        <property name="lodPolygonSize" type="Float" container="StaticArray" arraySize="1">
          <containerEntry>-1</containerEntry>
        </property>
        <property name="drawRejectionLevel" type="Int32" container="StaticArray" arraySize="1">
          <containerEntry>8</containerEntry>
        </property>
        <property name="drawMode" type="Int32" container="StaticArray" arraySize="1">
          <containerEntry>0</containerEntry>
        </property>
        <property name="rejectFarRangeShadowCast" type="Int32" container="StaticArray" arraySize="1">
          <containerEntry>2</containerEntry>
        </property>
        <property name="parentLocator" type="EntityLink" container="StaticArray" arraySize="1">
          <containerEntry packagePathHash="0xB8A0BF169F98" archivePathHash="0xB8A0BF169F98" nameInArchiveHash="0xB8A0BF169F98">0x0</containerEntry>
        </property>
        <property name="transforms" type="Matrix4" container="DynamicArray" arraySize="12">
          <containerEntry r11="0.5007005" r12="-0.1337595" r13="-0.8552241" r14="0" r21="-0.34657642" r22="0.87436575" r23="-0.33966082" r24="0" r31="0.7932115" r32="0.46646875" r33="0.3914375" r34="0" r41="2397.4465" r42="-14.910396" r43="1601.3691" r44="1"></containerEntry>
          <containerEntry r11="0.55508995" r12="-0.13375904" r13="0.8209657" r14="0" r21="0.45603347" r22="0.8743661" r23="-0.16588467" r24="0" r31="-0.6956362" r32="0.4664684" r33="0.5463503" r34="0" r41="2402.4482" r42="-15.504437" r43="1612.7991" r44="1"></containerEntry>
          <containerEntry r11="0.046925455" r12="-0.1403317" r13="0.9889916" r14="0" r21="0.57782304" r22="0.8114342" r23="0.087721124" r24="0" r31="-0.8148116" r32="0.567346" r33="0.11916387" r34="0" r41="2407.7217" r42="-15.94194" r43="1604.9865" r44="1"></containerEntry>
          <containerEntry r11="0.9713765" r12="-0.030967126" r13="-0.2355182" r14="0" r21="0.029030366" r22="0.99951017" r23="-0.011687183" r24="0" r31="0.23576476" r32="0.0045154756" r33="0.9717997" r34="0" r41="2373.8562" r42="-13.426724" r43="1601.4663" r44="1"></containerEntry>
          <containerEntry r11="-0.5307581" r12="0.3549599" r13="0.76960975" r14="0" r21="0.09682223" r22="0.927519" r23="-0.36101785" r24="0" r31="-0.84197456" r32="-0.1170978" r33="-0.52665627" r34="0" r41="2373.8562" r42="-15.243323" r43="1623.28" r44="1"></containerEntry>
          <containerEntry r11="0.9288215" r12="-0.20670149" r13="0.30751404" r14="0" r21="0.017205536" r22="0.85310185" r23="0.52146035" r24="0" r31="-0.37012747" r32="-0.4790526" r33="0.7959358" r34="0" r41="2311.2268" r42="-16.79398" r43="1620.4572" r44="1"></containerEntry>
          <containerEntry r11="-0.33675203" r12="-0.30704755" r13="-0.89012283" r14="0" r21="0.6432544" r22="0.61533505" r23="-0.4556163" r24="0" r31="0.6876196" r32="-0.7260056" r33="-0.009705365" r34="0" r41="2311.2268" r42="-16.79398" r43="1630.5988" r44="1"></containerEntry>
          <containerEntry r11="-0.8000536" r12="-0.20865595" r13="0.5624732" r14="0" r21="-0.35221428" r22="0.9223437" r23="-0.15883055" r24="0" r31="-0.48565266" r32="-0.32518414" r33="-0.811416" r34="0" r41="2389.1301" r42="-14.663724" r43="1599.8508" r44="1"></containerEntry>
          <containerEntry r11="-0.9369328" r12="-0.1409586" r13="0.31982523" r14="0" r21="-0.30822933" r22="0.7646521" r23="-0.56595224" r24="0" r31="-0.16477922" r32="-0.6288386" r33="-0.75987524" r34="0" r41="2376.0698" r42="-17.11509" r43="1618.8318" r44="1"></containerEntry>
          <containerEntry r11="0.36165226" r12="-0.2306173" r13="0.90334046" r14="0" r21="0.6566582" r22="0.7508188" r23="-0.07121384" r24="0" r31="-0.66182196" r32="0.61894023" r33="0.4229719" r34="0" r41="2368.0479" r42="-15.621855" r43="1603.8949" r44="1"></containerEntry>
          <containerEntry r11="-0.9716369" r12="-0.20598331" r13="0.11616499" r14="0" r21="-0.10975542" r22="0.8279084" r23="0.5500197" r24="0" r31="-0.20946881" r32="0.5216692" r33="-0.82703424" r34="0" r41="2354.197" r42="-15.621855" r43="1622.2295" r44="1"></containerEntry>
          <containerEntry r11="-0.9267858" r12="-0.20598307" r13="0.3140719" r14="0" r21="0.0060489774" r22="0.8279083" r23="0.5608311" r24="0" r31="-0.37554437" r32="0.52166957" r33="-0.76604784" r34="0" r41="2337.8862" r42="-15.54022" r43="1629.7335" r44="1"></containerEntry>
        </property>
        <property name="colors" type="UInt32" container="DynamicArray" arraySize="12">
          <containerEntry>4294967295</containerEntry>
          <containerEntry>4294967295</containerEntry>
          <containerEntry>4294967295</containerEntry>
          <containerEntry>4294967295</containerEntry>
          <containerEntry>4294967295</containerEntry>
          <containerEntry>4294967295</containerEntry>
          <containerEntry>4294967295</containerEntry>
          <containerEntry>4294967295</containerEntry>
          <containerEntry>4294967295</containerEntry>
          <containerEntry>4294967295</containerEntry>
          <containerEntry>4294967295</containerEntry>
          <containerEntry>4294967295</containerEntry>
        </property>
      </staticProperties>
      <dynamicProperties></dynamicProperties>
    </entity>
    <entity class="StaticModelArray" classVersion="4" classID="0xD0" addr="0x317E4E0" id="0x0">
      <staticProperties>
        <property name="name" type="String" container="StaticArray" arraySize="1">
          <containerEntry>StaticModelArray0003</containerEntry>
        </property>
        <property name="dataSet" type="EntityHandle" container="StaticArray" arraySize="1">
          <containerEntry>0x32F1F20</containerEntry>
        </property>
        <property name="modelFile" type="FilePtr" container="StaticArray" arraySize="1">
          <containerEntry>/Assets/tpp/environ/object/middle_africa/rock/mafr_rock002/scenes/mafr_rock002.fmdl</containerEntry>
        </property>
        <property name="geomFile" type="FilePtr" container="StaticArray" arraySize="1">
          <containerEntry>/Assets/tpp/environ/object/middle_africa/rock/mafr_rock002/scenes/mafr_rock002.geom</containerEntry>
        </property>
        <property name="isVisibleGeom" type="Bool" container="StaticArray" arraySize="1">
          <containerEntry>false</containerEntry>
        </property>
        <property name="lodFarSize" type="Float" container="StaticArray" arraySize="1">
          <containerEntry>-1</containerEntry>
        </property>
        <property name="lodNearSize" type="Float" container="StaticArray" arraySize="1">
          <containerEntry>-1</containerEntry>
        </property>
        <property name="lodPolygonSize" type="Float" container="StaticArray" arraySize="1">
          <containerEntry>-1</containerEntry>
        </property>
        <property name="drawRejectionLevel" type="Int32" container="StaticArray" arraySize="1">
          <containerEntry>8</containerEntry>
        </property>
        <property name="drawMode" type="Int32" container="StaticArray" arraySize="1">
          <containerEntry>0</containerEntry>
        </property>
        <property name="rejectFarRangeShadowCast" type="Int32" container="StaticArray" arraySize="1">
          <containerEntry>2</containerEntry>
        </property>
        <property name="parentLocator" type="EntityLink" container="StaticArray" arraySize="1">
          <containerEntry packagePathHash="0xB8A0BF169F98" archivePathHash="0xB8A0BF169F98" nameInArchiveHash="0xB8A0BF169F98">0x0</containerEntry>
        </property>
        <property name="transforms" type="Matrix4" container="DynamicArray" arraySize="19">
          <containerEntry r11="0.7167665" r12="-0.005302904" r13="0.69729304" r14="0" r21="0.058774047" r22="0.9968722" r23="-0.05283424" r24="0" r31="-0.69483185" r32="0.07885255" r33="0.71483624" r34="0" r41="2323.507" r42="-0.458666" r43="1543.4756" r44="1"></containerEntry>
          <containerEntry r11="-0.92916125" r12="-0.005302988" r13="0.36963162" r14="0" r21="0.024235116" r22="0.9968722" r23="0.075222865" r24="0" r31="-0.3688744" r32="0.078852385" r33="-0.92612654" r34="0" r41="2331.148" r42="0.315182" r43="1545.2396" r44="1"></containerEntry>
          <containerEntry r11="0.9087407" r12="0" r13="-0.4173613" r14="0" r21="0" r22="1" r23="0" r24="0" r31="0.4173613" r32="0" r33="0.9087407" r34="0" r41="2369.1885" r42="-9.010439" r43="1585.2155" r44="1"></containerEntry>
          <containerEntry r11="-0.9862099" r12="-0.016848186" r13="0.16463369" r14="0" r21="0.03237869" r22="0.9559351" r23="0.29178697" r24="0" r31="-0.16229519" r32="0.2930941" r33="-0.94220716" r34="0" r41="2365.0813" r42="-8.618728" r43="1584.7185" r44="1"></containerEntry>
          <containerEntry r11="-0.3052611" r12="-0.15704392" r13="0.9392282" r14="0" r21="0.12940376" r22="0.9703175" r23="0.20430003" r24="0" r31="-0.94343364" r32="0.18390499" r33="-0.27587807" r34="0" r41="2369.0635" r42="-1.242998" r43="1557.767" r44="1"></containerEntry>
          <containerEntry r11="0.97282743" r12="0.08280906" r13="0.21621627" r14="0" r21="-0.06445445" r22="0.9937981" r23="-0.0906149" r24="0" r31="-0.22237903" r32="0.07421656" r33="0.97213143" r34="0" r41="2350.2766" r42="-6.912472" r43="1653.1768" r44="1"></containerEntry>
          <containerEntry r11="-0.8097607" r12="0" r13="0.58676267" r14="0" r21="0" r22="1" r23="0" r24="0" r31="-0.58676267" r32="0" r33="-0.8097607" r34="0" r41="2368.716" r42="-10.747198" r43="1598.7573" r44="1"></containerEntry>
          <containerEntry r11="-0.8385644" r12="0.05766967" r13="-0.54174364" r14="0" r21="-0.09005095" r22="0.96603185" r23="0.2422257" r24="0" r31="0.5373107" r32="0.2519061" r33="-0.80488676" r34="0" r41="2359.0579" r42="-10.326808" r43="1598.7573" r44="1"></containerEntry>
          <containerEntry r11="0.9536071" r12="0.006724892" r13="0.30097884" r14="0" r21="-0.022598622" r22="0.99852884" r23="0.04928983" r24="0" r31="-0.30020458" r32="-0.053804845" r33="0.9523561" r34="0" r41="2330.8528" r42="-11.127239" r43="1608.5935" r44="1"></containerEntry>
          <containerEntry r11="-0.41270298" r12="-0.0061229486" r13="-0.91084486" r14="0" r21="-0.001935238" r22="0.99998105" r23="-0.0058452906" r24="0" r31="0.91086334" r32="-0.0006496683" r33="-0.41270703" r34="0" r41="2380.8594" r42="-6.912472" r43="1657.208" r44="1"></containerEntry>
          <containerEntry r11="0.51396513" r12="0.039369687" r13="0.85690695" r14="0" r21="0.028457394" r22="0.9976139" r23="-0.06290278" r24="0" r31="-0.8573387" r32="0.056715168" r33="0.5116184" r34="0" r41="2378.15" r42="-6.912472" r43="1656.4235" r44="1"></containerEntry>
          <containerEntry r11="-0.89915085" r12="0.004283736" r13="-0.43761548" r14="0" r21="-0.012518369" r22="0.9992912" r23="0.03550287" r24="0" r31="0.43745735" r32="0.037400704" r33="-0.8984599" r34="0" r41="2378.092" r42="-10.933492" r43="1627.0449" r44="1"></containerEntry>
          <containerEntry r11="-0.36373708" r12="0.0067246202" r13="0.93147737" r14="0" r21="-0.047677718" r22="0.99852884" r23="-0.025826586" r24="0" r31="-0.9302806" r32="-0.0538048" r33="-0.36288136" r34="0" r41="2318.7595" r42="-8.120288" r43="1589.5499" r44="1"></containerEntry>
          <containerEntry r11="0.9876567" r12="0.0067257388" r13="-0.15648948" r14="0" r21="0.0017868818" r22="0.99852884" r23="0.05419322" r24="0" r31="0.15662374" r32="-0.05380393" r33="0.98619175" r34="0" r41="2312.3015" r42="-8.1203" r43="1594.391" r44="1"></containerEntry>
          <containerEntry r11="0.21386227" r12="0.0067254677" r13="-0.9768406" r14="0" r21="0.05112474" r22="0.99852884" r23="0.018067656" r24="0" r31="0.975525" r32="-0.05380471" r33="0.21320379" r34="0" r41="2316.729" r42="-6.956472" r43="1587.3228" r44="1"></containerEntry>
          <containerEntry r11="-0.9655827" r12="0.006726017" r13="-0.260005" r14="0" r21="0.020475253" r22="0.99852884" r23="-0.050208434" r24="0" r31="0.2592848" r32="-0.053804122" r33="-0.9642999" r34="0" r41="2330.3767" r42="-9.525188" r43="1639.2162" r44="1"></containerEntry>
          <containerEntry r11="0.35902974" r12="-0.0010129772" r13="0.93332595" r14="0" r21="-0.12337601" r22="0.9911724" r23="0.048535835" r24="0" r31="-0.925136" r32="-0.1325758" r33="0.35573536" r34="0" r41="2310.3535" r42="1.898148" r43="1519.5994" r44="1"></containerEntry>
          <containerEntry r11="-0.99352306" r12="-0.030433666" r13="-0.109461635" r14="0" r21="-0.02872051" r22="0.9994396" r23="-0.017193822" r24="0" r31="0.10992357" r32="-0.013938694" r33="-0.9938404" r34="0" r41="2317.1494" r42="2.708067" r43="1521.5707" r44="1"></containerEntry>
          <containerEntry r11="-0.60399973" r12="-0.1166498" r13="-0.7884005" r14="0" r21="-0.1431823" r22="0.9890179" r23="-0.036639415" r24="0" r31="0.7840162" r32="0.09075483" r33="-0.6140687" r34="0" r41="2312.2092" r42="3.120207" r43="1516.6545" r44="1"></containerEntry>
        </property>
        <property name="colors" type="UInt32" container="DynamicArray" arraySize="19">
          <containerEntry>4294967295</containerEntry>
          <containerEntry>4294967295</containerEntry>
          <containerEntry>4294967295</containerEntry>
          <containerEntry>4294967295</containerEntry>
          <containerEntry>4294967295</containerEntry>
          <containerEntry>4294967295</containerEntry>
          <containerEntry>4294967295</containerEntry>
          <containerEntry>4294967295</containerEntry>
          <containerEntry>4294967295</containerEntry>
          <containerEntry>4294967295</containerEntry>
          <containerEntry>4294967295</containerEntry>
          <containerEntry>4294967295</containerEntry>
          <containerEntry>4294967295</containerEntry>
          <containerEntry>4294967295</containerEntry>
          <containerEntry>4294967295</containerEntry>
          <containerEntry>4294967295</containerEntry>
          <containerEntry>4294967295</containerEntry>
          <containerEntry>4294967295</containerEntry>
          <containerEntry>4294967295</containerEntry>
        </property>
      </staticProperties>
      <dynamicProperties></dynamicProperties>
    </entity>
    <entity class="StaticModelArray" classVersion="4" classID="0xD0" addr="0x317E2B0" id="0x0">
      <staticProperties>
        <property name="name" type="String" container="StaticArray" arraySize="1">
          <containerEntry>StaticModelArray0004</containerEntry>
        </property>
        <property name="dataSet" type="EntityHandle" container="StaticArray" arraySize="1">
          <containerEntry>0x32F1F20</containerEntry>
        </property>
        <property name="modelFile" type="FilePtr" container="StaticArray" arraySize="1">
          <containerEntry>/Assets/tpp/environ/object/middle_africa/cliff/mafr_clff003/scenes/mafr_clff003_vrtn001.fmdl</containerEntry>
        </property>
        <property name="geomFile" type="FilePtr" container="StaticArray" arraySize="1">
          <containerEntry>/Assets/tpp/environ/object/middle_africa/cliff/mafr_clff003/scenes/mafr_clff003_vrtn001.geom</containerEntry>
        </property>
        <property name="isVisibleGeom" type="Bool" container="StaticArray" arraySize="1">
          <containerEntry>false</containerEntry>
        </property>
        <property name="lodFarSize" type="Float" container="StaticArray" arraySize="1">
          <containerEntry>-1</containerEntry>
        </property>
        <property name="lodNearSize" type="Float" container="StaticArray" arraySize="1">
          <containerEntry>-1</containerEntry>
        </property>
        <property name="lodPolygonSize" type="Float" container="StaticArray" arraySize="1">
          <containerEntry>-1</containerEntry>
        </property>
        <property name="drawRejectionLevel" type="Int32" container="StaticArray" arraySize="1">
          <containerEntry>8</containerEntry>
        </property>
        <property name="drawMode" type="Int32" container="StaticArray" arraySize="1">
          <containerEntry>0</containerEntry>
        </property>
        <property name="rejectFarRangeShadowCast" type="Int32" container="StaticArray" arraySize="1">
          <containerEntry>2</containerEntry>
        </property>
        <property name="parentLocator" type="EntityLink" container="StaticArray" arraySize="1">
          <containerEntry packagePathHash="0xB8A0BF169F98" archivePathHash="0xB8A0BF169F98" nameInArchiveHash="0xB8A0BF169F98">0x0</containerEntry>
        </property>
        <property name="transforms" type="Matrix4" container="DynamicArray" arraySize="24">
          <containerEntry r11="-0.666049" r12="-0.14303726" r13="0.31369865" r14="0" r21="0.16801342" r22="0.46123436" r23="0.56703776" r24="0" r31="-0.30106142" r32="0.5738473" r33="-0.37756" r34="0" r41="2334.2708" r42="-2.874431" r43="1545.932" r44="1"></containerEntry>
          <containerEntry r11="-0.59052813" r12="-0.10493691" r13="-0.80015296" r14="0" r21="-0.58563673" r22="0.7379053" r23="0.33544308" r24="0" r31="0.5552352" r32="0.66669387" r33="-0.4972065" r34="0" r41="2326.3743" r42="-3.111648" r43="1540.52" r44="1"></containerEntry>
          <containerEntry r11="-0.52376544" r12="-0.13222957" r13="0.84153" r14="0" r21="0.79395247" r22="0.282222" r23="0.53850204" r24="0" r31="-0.30870205" r32="0.95018965" r33="-0.042829275" r34="0" r41="2377.7053" r42="-7.144277" r43="1557.162" r44="1"></containerEntry>
          <containerEntry r11="-0.8881533" r12="-0.027225405" r13="-0.4587252" r14="0" r21="-0.4133623" r22="0.48343056" r23="0.7716364" r24="0" r31="0.20075274" r32="0.87495714" r33="-0.44061095" r34="0" r41="2361.3604" r42="-4.085346" r43="1555.9763" r44="1"></containerEntry>
          <containerEntry r11="0.9522126" r12="-0.010956798" r13="0.3052387" r14="0" r21="0.13010891" r22="0.91870207" r23="-0.37290394" r24="0" r31="-0.27633747" r32="0.39479822" r33="0.8762253" r34="0" r41="2331.8887" r42="-9.816159" r43="1575.1763" r44="1"></containerEntry>
          <containerEntry r11="0.09618424" r12="0.09533365" r13="-0.7376697" r14="0" r21="-0.385757" r22="0.64235544" r23="0.032718044" r24="0" r31="0.63595337" r32="0.37522054" r33="0.13141398" r34="0" r41="2384.5356" r42="-8.055918" r43="1554.6771" r44="1"></containerEntry>
          <containerEntry r11="0.3464462" r12="-0.2521581" r13="0.6155396" r14="0" r21="0.44215563" r22="0.60580283" r23="-0.0006896518" r24="0" r31="-0.49696183" r32="0.3632057" r33="0.42849585" r34="0" r41="2355.1743" r42="-4.282175" r43="1557.334" r44="1"></containerEntry>
          <containerEntry r11="0.673183" r12="-0.02804758" r13="0.3294502" r14="0" r21="0.28895187" r22="0.41315532" r23="-0.55525416" r24="0" r31="-0.16071998" r32="0.62531084" r33="0.38164496" r34="0" r41="2370.9631" r42="-12.913141" r43="1646.1455" r44="1"></containerEntry>
          <containerEntry r11="-0.5478504" r12="0.03397629" r13="0.5110761" r14="0" r21="0.23730947" r22="0.6800207" r23="0.20917869" r24="0" r31="-0.45391336" r32="0.3145109" r33="-0.50748295" r34="0" r41="2363.6665" r42="-13.020428" r43="1644.8202" r44="1"></containerEntry>
          <containerEntry r11="-0.73570657" r12="0.03201737" r13="-0.14213583" r14="0" r21="-0.08367607" r22="0.50611657" r23="0.5471224" r24="0" r31="0.11927287" r32="0.5525573" r33="-0.49289715" r34="0" r41="2361.3604" r42="-13.298008" r43="1595.3079" r44="1"></containerEntry>
          <containerEntry r11="-0.62925535" r12="0.073779054" r13="0.40135342" r14="0" r21="0.31075454" r22="0.5647426" r23="0.3834006" r24="0" r31="-0.26449862" r32="0.48797652" r33="-0.50439125" r34="0" r41="2342.1013" r42="-13.670548" r43="1637.5212" r44="1"></containerEntry>
          <containerEntry r11="-0.67666763" r12="-0.13744256" r13="-0.29277802" r14="0" r21="-0.24510929" r22="0.660872" r23="0.25625944" r24="0" r31="0.21102333" r32="0.32688993" r33="-0.6411715" r34="0" r41="2335.3562" r42="-13.342612" r43="1637.5212" r44="1"></containerEntry>
          <containerEntry r11="0.29207402" r12="-0.23275913" r13="0.92763513" r14="0" r21="0.65898764" r22="0.7519163" r23="-0.01881674" r24="0" r31="-0.6931227" r32="0.6167997" r33="0.3730027" r34="0" r41="2355.3262" r42="-14.470527" r43="1597.065" r44="1"></containerEntry>
          <containerEntry r11="-0.71401983" r12="-0.029628094" r13="0.22756273" r14="0" r21="0.15903963" r22="0.47226718" r23="0.5605066" r24="0" r31="-0.16543584" r32="0.58187926" r33="-0.44332486" r34="0" r41="2345.3687" r42="-13.806131" r43="1603.517" r44="1"></containerEntry>
          <containerEntry r11="-0.53536737" r12="-0.011733323" r13="-0.5251016" r14="0" r21="-0.46146107" r22="0.36861166" r23="0.46225047" r24="0" r31="0.25084466" r32="0.6530576" r33="-0.27033868" r34="0" r41="2342.7285" r42="-10.531523" r43="1587.2021" r44="1"></containerEntry>
          <containerEntry r11="0.6313451" r12="-0.0012513846" r13="0.7754991" r14="0" r21="0.48916042" r22="0.7766142" r23="-0.39697683" r24="0" r31="-0.6017661" r32="0.62997377" r33="0.49092406" r34="0" r41="2372.2676" r42="-11.261622" r43="1654.4532" r44="1"></containerEntry>
          <containerEntry r11="-0.72280514" r12="-0.07536335" r13="-0.18536967" r14="0" r21="-0.17087822" r22="0.5940007" r23="0.42480892" r24="0" r31="0.104125835" r32="0.45164406" r33="-0.5896315" r34="0" r41="2378.153" r42="-13.955334" r43="1630.6295" r44="1"></containerEntry>
          <containerEntry r11="0.6880227" r12="0.0009950884" r13="0.2985352" r14="0" r21="0.23120575" r22="0.4726872" r23="-0.5344235" r24="0" r31="-0.18886018" r32="0.5822916" r33="0.43331945" r34="0" r41="2360.783" r42="-14.005304" r43="1633.0437" r44="1"></containerEntry>
          <containerEntry r11="-0.64228356" r12="-0.11851035" r13="0.3686675" r14="0" r21="0.18254085" r22="0.5370574" r23="0.49065918" r24="0" r31="-0.34152493" r32="0.5099244" r33="-0.4310779" r34="0" r41="2327.3413" r42="-13.551485" r43="1603.2394" r44="1"></containerEntry>
          <containerEntry r11="0.44897777" r12="-0.19389307" r13="0.56861377" r14="0" r21="0.43327582" r22="0.5962429" r23="-0.13879848" r24="0" r31="-0.41615885" r32="0.4115804" r33="0.46894643" r34="0" r41="2325.445" r42="-10.147938" r43="1575.6571" r44="1"></containerEntry>
          <containerEntry r11="-0.5509659" r12="-0.034306962" r13="0.50769025" r14="0" r21="0.29046112" r22="0.5932012" r23="0.3553074" r24="0" r31="-0.4178022" r32="0.45763966" r33="-0.42249024" r34="0" r41="2397.5361" r42="-13.761292" r43="1633.717" r44="1"></containerEntry>
          <containerEntry r11="-0.5256324" r12="0.0695738" r13="0.5304372" r14="0" r21="0.2574424" r22="0.68476284" r23="0.1652964" r24="0" r31="-0.46896428" r32="0.2979245" r33="-0.50379276" r34="0" r41="2346.2146" r42="-12.21511" r43="1648.4556" r44="1"></containerEntry>
