<fox formatVersion="2" fileVersion="0">
  <entities>
    <entity class="DataSet" classVersion="0" classID="0xE8" addr="0x2EF4450" id="0x6D014D">
      <staticProperties>
        <property name="name" type="String" container="StaticArray" arraySize="1">
          <containerEntry hash="0xB8A0BF169F98"></containerEntry>
        </property>
        <property name="dataSet" type="EntityHandle" container="StaticArray" arraySize="1">
          <containerEntry>0x0</containerEntry>
        </property>
        <property name="dataList" type="EntityPtr" container="StringMap" arraySize="12">
          <containerEntry key="mafr_rock011_0012">
            <data>0x2D74A70</data>
          </containerEntry>
          <containerEntry key="cm_mafr_dc_grnd006">
            <data>0x2D760C0</data>
          </containerEntry>
          <containerEntry key="cm_mafr_dc_grnd004">
            <data>0x2D76210</data>
          </containerEntry>
          <containerEntry key="cm_mafr_dc_grbg003">
            <data>0x2D76360</data>
          </containerEntry>
          <containerEntry key="StaticModelArray0000">
            <data>0x2D7C2C0</data>
          </containerEntry>
          <containerEntry key="StaticModelArray0001">
            <data>0x2D7C330</data>
          </containerEntry>
          <containerEntry key="StaticModelArray0002">
            <data>0x2D7C3A0</data>
          </containerEntry>
          <containerEntry key="StaticModelArray0003">
            <data>0x2D7C480</data>
          </containerEntry>
          <containerEntry key="DecalArray0000">
            <data>0x2D7C4F0</data>
          </containerEntry>
          <containerEntry key="DecalArray0001">
            <data>0x2D7C560</data>
          </containerEntry>
          <containerEntry key="DecalArray0002">
            <data>0x2D7C5D0</data>
          </containerEntry>
          <containerEntry key="TexturePackLoadConditioner0000">
            <data>0x2D7CBF0</data>
          </containerEntry>
        </property>
      </staticProperties>
      <dynamicProperties></dynamicProperties>
    </entity>
    <entity class="StaticModel" classVersion="9" classID="0x160" addr="0x2D74A70" id="0x6D0177">
      <staticProperties>
        <property name="name" type="String" container="StaticArray" arraySize="1">
          <containerEntry>mafr_rock011_0012</containerEntry>
        </property>
        <property name="dataSet" type="EntityHandle" container="StaticArray" arraySize="1">
          <containerEntry>0x2EF4450</containerEntry>
        </property>
        <property name="parent" type="EntityHandle" container="StaticArray" arraySize="1">
          <containerEntry>0x0</containerEntry>
        </property>
        <property name="transform" type="EntityPtr" container="StaticArray" arraySize="1">
          <containerEntry>0x2D74AE0</containerEntry>
        </property>
        <property name="shearTransform" type="EntityPtr" container="StaticArray" arraySize="1">
          <containerEntry>0x0</containerEntry>
        </property>
        <property name="pivotTransform" type="EntityPtr" container="StaticArray" arraySize="1">
          <containerEntry>0x0</containerEntry>
        </property>
        <property name="children" type="EntityHandle" container="List"></property>
        <property name="flags" type="UInt32" container="StaticArray" arraySize="1">
          <containerEntry>2147483655</containerEntry>
        </property>
        <property name="modelFile" type="FilePtr" container="StaticArray" arraySize="1">
          <containerEntry>/Assets/tpp/environ/object/middle_africa/rock/mafr_rock011/scenes/mafr_rock011.fmdl</containerEntry>
        </property>
        <property name="geomFile" type="FilePtr" container="StaticArray" arraySize="1">
          <containerEntry>/Assets/tpp/environ/object/middle_africa/rock/mafr_rock011/scenes/mafr_rock011.geom</containerEntry>
        </property>
        <property name="isVisibleGeom" type="Bool" container="StaticArray" arraySize="1">
          <containerEntry>false</containerEntry>
        </property>
        <property name="isIsolated" type="Bool" container="StaticArray" arraySize="1">
          <containerEntry>false</containerEntry>
        </property>
        <property name="lodFarSize" type="Float" container="StaticArray" arraySize="1">
          <containerEntry>-1</containerEntry>
        </property>
        <property name="lodNearSize" type="Float" container="StaticArray" arraySize="1">
          <containerEntry>-1</containerEntry>
        </property>
        <property name="lodPolygonSize" type="Float" container="StaticArray" arraySize="1">
          <containerEntry>-1</containerEntry>
        </property>
        <property name="color" type="Color" container="StaticArray" arraySize="1">
          <containerEntry r="1" g="1" b="1" a="1"></containerEntry>
        </property>
        <property name="drawRejectionLevel" type="Int32" container="StaticArray" arraySize="1">
          <containerEntry>8</containerEntry>
        </property>
        <property name="drawMode" type="Int32" container="StaticArray" arraySize="1">
          <containerEntry>0</containerEntry>
        </property>
        <property name="rejectFarRangeShadowCast" type="Int32" container="StaticArray" arraySize="1">
          <containerEntry>2</containerEntry>
        </property>
      </staticProperties>
      <dynamicProperties></dynamicProperties>
    </entity>
    <entity class="TransformEntity" classVersion="0" classID="0x50" addr="0x2D74AE0" id="0x6D017A">
      <staticProperties>
        <property name="owner" type="EntityHandle" container="StaticArray" arraySize="1">
          <containerEntry>0x2D74A70</containerEntry>
        </property>
        <property name="transform_scale" type="Vector3" container="StaticArray" arraySize="1">
          <containerEntry x="0.99999964" y="0.9999999" z="0.99999964" w="1.1e-44"></containerEntry>
        </property>
        <property name="transform_rotation_quat" type="Quat" container="StaticArray" arraySize="1">
          <containerEntry x="0.340891" y="0.515268" z="-0.18101989" w="0.76519537"></containerEntry>
        </property>
        <property name="transform_translation" type="Vector3" container="StaticArray" arraySize="1">
          <containerEntry x="1935.7382" y="-3.6060648" z="1894.5154" w="1"></containerEntry>
        </property>
      </staticProperties>
      <dynamicProperties></dynamicProperties>
    </entity>
    <entity class="Material" classVersion="6" classID="0xB0" addr="0x2D760C0" id="0x6D01F3">
      <staticProperties>
        <property name="name" type="String" container="StaticArray" arraySize="1">
          <containerEntry>cm_mafr_dc_grnd006</containerEntry>
        </property>
        <property name="dataSet" type="EntityHandle" container="StaticArray" arraySize="1">
          <containerEntry>0x2EF4450</containerEntry>
        </property>
        <property name="materialName" type="String" container="StaticArray" arraySize="1">
          <containerEntry hash="0xB8A0BF169F98"></containerEntry>
        </property>
        <property name="shader" type="Path" container="StaticArray" arraySize="1">
          <containerEntry hash="0xB8A0BF169F98"></containerEntry>
        </property>
        <property name="diffuseTexture" type="Path" container="StaticArray" arraySize="1">
          <containerEntry>/Assets/tpp/common_source/fmtr/decal/middle_africa/cm_mafr_dc_grnd006/sourceimages/cm_mafr_dc_grnd006_bsm_alp.ftex</containerEntry>
        </property>
        <property name="srmTexture" type="Path" container="StaticArray" arraySize="1">
          <containerEntry>/Assets/tpp/common_source/fmtr/decal/middle_africa/cm_mafr_dc_grnd006/sourceimages/cm_mafr_dc_grnd006_srm.ftex</containerEntry>
        </property>
        <property name="normalTexture" type="Path" container="StaticArray" arraySize="1">
          <containerEntry>/Assets/tpp/common_source/fmtr/decal/middle_africa/cm_mafr_dc_grnd006/sourceimages/cm_mafr_dc_grnd006_nrm.ftex</containerEntry>
        </property>
        <property name="materialMapTexture" type="Path" container="StaticArray" arraySize="1">
          <containerEntry hash="0xB8A0BF169F98"></containerEntry>
        </property>
        <property name="materialIndex" type="UInt8" container="StaticArray" arraySize="1">
          <containerEntry>21</containerEntry>
        </property>
        <property name="diffuseColor" type="Color" container="StaticArray" arraySize="1">
          <containerEntry r="1" g="1" b="1" a="1"></containerEntry>
        </property>
        <property name="specularColor" type="Color" container="StaticArray" arraySize="1">
          <containerEntry r="0" g="0" b="0" a="0"></containerEntry>
        </property>
        <property name="fmtrPath" type="Path" container="StaticArray" arraySize="1">
          <containerEntry hash="0xB8A0BF169F98"></containerEntry>
        </property>
        <property name="residentFlag" type="Bool" container="StaticArray" arraySize="1">
          <containerEntry>false</containerEntry>
        </property>
      </staticProperties>
      <dynamicProperties></dynamicProperties>
    </entity>
    <entity class="Material" classVersion="6" classID="0xB0" addr="0x2D76210" id="0x6D01F5">
      <staticProperties>
        <property name="name" type="String" container="StaticArray" arraySize="1">
          <containerEntry>cm_mafr_dc_grnd004</containerEntry>
        </property>
        <property name="dataSet" type="EntityHandle" container="StaticArray" arraySize="1">
          <containerEntry>0x2EF4450</containerEntry>
        </property>
        <property name="materialName" type="String" container="StaticArray" arraySize="1">
          <containerEntry hash="0xB8A0BF169F98"></containerEntry>
        </property>
        <property name="shader" type="Path" container="StaticArray" arraySize="1">
          <containerEntry hash="0xB8A0BF169F98"></containerEntry>
        </property>
        <property name="diffuseTexture" type="Path" container="StaticArray" arraySize="1">
          <containerEntry>/Assets/tpp/common_source/fmtr/decal/middle_africa/cm_mafr_dc_grnd004/sourceimages/cm_mafr_dc_grnd004_bsm_alp.ftex</containerEntry>
        </property>
        <property name="srmTexture" type="Path" container="StaticArray" arraySize="1">
          <containerEntry>/Assets/tpp/common_source/fmtr/decal/middle_africa/cm_mafr_dc_grnd004/sourceimages/cm_mafr_dc_grnd004_srm.ftex</containerEntry>
        </property>
        <property name="normalTexture" type="Path" container="StaticArray" arraySize="1">
          <containerEntry>/Assets/tpp/common_source/fmtr/decal/middle_africa/cm_mafr_dc_grnd004/sourceimages/cm_mafr_dc_grnd004_nrm.ftex</containerEntry>
        </property>
        <property name="materialMapTexture" type="Path" container="StaticArray" arraySize="1">
          <containerEntry hash="0xB8A0BF169F98"></containerEntry>
        </property>
        <property name="materialIndex" type="UInt8" container="StaticArray" arraySize="1">
          <containerEntry>21</containerEntry>
        </property>
        <property name="diffuseColor" type="Color" container="StaticArray" arraySize="1">
          <containerEntry r="1" g="1" b="1" a="1"></containerEntry>
        </property>
        <property name="specularColor" type="Color" container="StaticArray" arraySize="1">
          <containerEntry r="0" g="0" b="0" a="0"></containerEntry>
        </property>
        <property name="fmtrPath" type="Path" container="StaticArray" arraySize="1">
          <containerEntry hash="0xB8A0BF169F98"></containerEntry>
        </property>
        <property name="residentFlag" type="Bool" container="StaticArray" arraySize="1">
          <containerEntry>false</containerEntry>
        </property>
      </staticProperties>
      <dynamicProperties></dynamicProperties>
    </entity>
    <entity class="Material" classVersion="6" classID="0xB0" addr="0x2D76360" id="0x6D01F7">
      <staticProperties>
        <property name="name" type="String" container="StaticArray" arraySize="1">
          <containerEntry>cm_mafr_dc_grbg003</containerEntry>
        </property>
        <property name="dataSet" type="EntityHandle" container="StaticArray" arraySize="1">
          <containerEntry>0x2EF4450</containerEntry>
        </property>
        <property name="materialName" type="String" container="StaticArray" arraySize="1">
          <containerEntry hash="0xB8A0BF169F98"></containerEntry>
        </property>
        <property name="shader" type="Path" container="StaticArray" arraySize="1">
          <containerEntry hash="0xB8A0BF169F98"></containerEntry>
        </property>
        <property name="diffuseTexture" type="Path" container="StaticArray" arraySize="1">
          <containerEntry>/Assets/tpp/common_source/fmtr/decal/middle_africa/cm_mafr_dc_grbg003/sourceimages/cm_mafr_dc_grbg003_bsm_alp.ftex</containerEntry>
        </property>
        <property name="srmTexture" type="Path" container="StaticArray" arraySize="1">
          <containerEntry>/Assets/tpp/common_source/fmtr/decal/middle_africa/cm_mafr_dc_grbg003/sourceimages/cm_mafr_dc_grbg003_srm.ftex</containerEntry>
        </property>
        <property name="normalTexture" type="Path" container="StaticArray" arraySize="1">
          <containerEntry>/Assets/tpp/common_source/fmtr/decal/middle_africa/cm_mafr_dc_grbg003/sourceimages/cm_mafr_dc_grbg003_nrm.ftex</containerEntry>
        </property>
        <property name="materialMapTexture" type="Path" container="StaticArray" arraySize="1">
          <containerEntry hash="0xB8A0BF169F98"></containerEntry>
        </property>
        <property name="materialIndex" type="UInt8" container="StaticArray" arraySize="1">
          <containerEntry>21</containerEntry>
        </property>
        <property name="diffuseColor" type="Color" container="StaticArray" arraySize="1">
          <containerEntry r="1" g="1" b="1" a="1"></containerEntry>
        </property>
        <property name="specularColor" type="Color" container="StaticArray" arraySize="1">
          <containerEntry r="0" g="0" b="0" a="0"></containerEntry>
        </property>
        <property name="fmtrPath" type="Path" container="StaticArray" arraySize="1">
          <containerEntry hash="0xB8A0BF169F98"></containerEntry>
        </property>
        <property name="residentFlag" type="Bool" container="StaticArray" arraySize="1">
          <containerEntry>false</containerEntry>
        </property>
      </staticProperties>
      <dynamicProperties></dynamicProperties>
    </entity>
    <entity class="StaticModelArray" classVersion="4" classID="0xD0" addr="0x2D7C2C0" id="0x0">
      <staticProperties>
        <property name="name" type="String" container="StaticArray" arraySize="1">
          <containerEntry>StaticModelArray0000</containerEntry>
        </property>
        <property name="dataSet" type="EntityHandle" container="StaticArray" arraySize="1">
          <containerEntry>0x2EF4450</containerEntry>
        </property>
        <property name="modelFile" type="FilePtr" container="StaticArray" arraySize="1">
          <containerEntry>/Assets/tpp/environ/object/middle_africa/tree/mafr_tree010/scenes/mafr_tree010_dead001.fmdl</containerEntry>
        </property>
        <property name="geomFile" type="FilePtr" container="StaticArray" arraySize="1">
          <containerEntry>/Assets/tpp/environ/object/middle_africa/tree/mafr_tree010/scenes/mafr_tree010_dead001.geom</containerEntry>
        </property>
        <property name="isVisibleGeom" type="Bool" container="StaticArray" arraySize="1">
          <containerEntry>false</containerEntry>
        </property>
        <property name="lodFarSize" type="Float" container="StaticArray" arraySize="1">
          <containerEntry>-1</containerEntry>
        </property>
        <property name="lodNearSize" type="Float" container="StaticArray" arraySize="1">
          <containerEntry>-1</containerEntry>
        </property>
        <property name="lodPolygonSize" type="Float" container="StaticArray" arraySize="1">
          <containerEntry>-1</containerEntry>
        </property>
        <property name="drawRejectionLevel" type="Int32" container="StaticArray" arraySize="1">
          <containerEntry>8</containerEntry>
        </property>
        <property name="drawMode" type="Int32" container="StaticArray" arraySize="1">
          <containerEntry>0</containerEntry>
        </property>
        <property name="rejectFarRangeShadowCast" type="Int32" container="StaticArray" arraySize="1">
          <containerEntry>2</containerEntry>
        </property>
        <property name="parentLocator" type="EntityLink" container="StaticArray" arraySize="1">
          <containerEntry packagePathHash="0xB8A0BF169F98" archivePathHash="0xB8A0BF169F98" nameInArchiveHash="0xB8A0BF169F98">0x0</containerEntry>
        </property>
        <property name="transforms" type="Matrix4" container="DynamicArray" arraySize="2">
          <containerEntry r11="0.18443626" r12="0" r13="-0.98284304" r14="0" r21="0" r22="1" r23="0" r24="0" r31="0.98284304" r32="0" r33="0.18443626" r34="0" r41="1958.7437" r42="-2.254173" r43="1875.9891" r44="1"></containerEntry>
          <containerEntry r11="-0.65114427" r12="0" r13="0.7589492" r14="0" r21="0" r22="1" r23="0" r24="0" r31="-0.7589492" r32="0" r33="-0.65114427" r34="0" r41="1920.2208" r42="0.937029" r43="1887.5748" r44="1"></containerEntry>
        </property>
        <property name="colors" type="UInt32" container="DynamicArray" arraySize="2">
          <containerEntry>4294967295</containerEntry>
          <containerEntry>4294967295</containerEntry>
        </property>
      </staticProperties>
      <dynamicProperties></dynamicProperties>
    </entity>
    <entity class="StaticModelArray" classVersion="4" classID="0xD0" addr="0x2D7C330" id="0x0">
      <staticProperties>
        <property name="name" type="String" container="StaticArray" arraySize="1">
          <containerEntry>StaticModelArray0001</containerEntry>
        </property>
        <property name="dataSet" type="EntityHandle" container="StaticArray" arraySize="1">
          <containerEntry>0x2EF4450</containerEntry>
        </property>
        <property name="modelFile" type="FilePtr" container="StaticArray" arraySize="1">
          <containerEntry>/Assets/tpp/environ/object/middle_africa/rock/mafr_rock002/scenes/mafr_rock002.fmdl</containerEntry>
        </property>
        <property name="geomFile" type="FilePtr" container="StaticArray" arraySize="1">
          <containerEntry>/Assets/tpp/environ/object/middle_africa/rock/mafr_rock002/scenes/mafr_rock002.geom</containerEntry>
        </property>
        <property name="isVisibleGeom" type="Bool" container="StaticArray" arraySize="1">
          <containerEntry>false</containerEntry>
        </property>
        <property name="lodFarSize" type="Float" container="StaticArray" arraySize="1">
          <containerEntry>-1</containerEntry>
        </property>
        <property name="lodNearSize" type="Float" container="StaticArray" arraySize="1">
          <containerEntry>-1</containerEntry>
        </property>
        <property name="lodPolygonSize" type="Float" container="StaticArray" arraySize="1">
          <containerEntry>-1</containerEntry>
        </property>
        <property name="drawRejectionLevel" type="Int32" container="StaticArray" arraySize="1">
          <containerEntry>8</containerEntry>
        </property>
        <property name="drawMode" type="Int32" container="StaticArray" arraySize="1">
          <containerEntry>0</containerEntry>
        </property>
        <property name="rejectFarRangeShadowCast" type="Int32" container="StaticArray" arraySize="1">
          <containerEntry>2</containerEntry>
        </property>
        <property name="parentLocator" type="EntityLink" container="StaticArray" arraySize="1">
          <containerEntry packagePathHash="0xB8A0BF169F98" archivePathHash="0xB8A0BF169F98" nameInArchiveHash="0xB8A0BF169F98">0x0</containerEntry>
        </property>
        <property name="transforms" type="Matrix4" container="DynamicArray" arraySize="2">
          <containerEntry r11="0.28820843" r12="0" r13="0.95756763" r14="0" r21="0" r22="1" r23="0" r24="0" r31="-0.95756763" r32="0" r33="0.28820843" r34="0" r41="2010.9514" r42="-8.460986" r43="1837.5924" r44="1"></containerEntry>
          <containerEntry r11="-0.9578841" r12="0" r13="-0.28715792" r14="0" r21="0" r22="1" r23="0" r24="0" r31="0.28715792" r32="0" r33="-0.9578841" r34="0" r41="2008.8455" r42="-9.082803" r43="1827.5375" r44="1"></containerEntry>
        </property>
        <property name="colors" type="UInt32" container="DynamicArray" arraySize="2">
          <containerEntry>4294967295</containerEntry>
          <containerEntry>4294967295</containerEntry>
        </property>
      </staticProperties>
      <dynamicProperties></dynamicProperties>
    </entity>
    <entity class="StaticModelArray" classVersion="4" classID="0xD0" addr="0x2D7C3A0" id="0x0">
      <staticProperties>
        <property name="name" type="String" container="StaticArray" arraySize="1">
          <containerEntry>StaticModelArray0002</containerEntry>
        </property>
        <property name="dataSet" type="EntityHandle" container="StaticArray" arraySize="1">
          <containerEntry>0x2EF4450</containerEntry>
        </property>
        <property name="modelFile" type="FilePtr" container="StaticArray" arraySize="1">
          <containerEntry>/Assets/tpp/environ/object/middle_africa/cliff/mafr_clff003/scenes/mafr_clff003_vrtn001.fmdl</containerEntry>
        </property>
        <property name="geomFile" type="FilePtr" container="StaticArray" arraySize="1">
          <containerEntry>/Assets/tpp/environ/object/middle_africa/cliff/mafr_clff003/scenes/mafr_clff003_vrtn001.geom</containerEntry>
        </property>
        <property name="isVisibleGeom" type="Bool" container="StaticArray" arraySize="1">
          <containerEntry>false</containerEntry>
        </property>
        <property name="lodFarSize" type="Float" container="StaticArray" arraySize="1">
          <containerEntry>-1</containerEntry>
        </property>
        <property name="lodNearSize" type="Float" container="StaticArray" arraySize="1">
          <containerEntry>-1</containerEntry>
        </property>
        <property name="lodPolygonSize" type="Float" container="StaticArray" arraySize="1">
          <containerEntry>-1</containerEntry>
        </property>
        <property name="drawRejectionLevel" type="Int32" container="StaticArray" arraySize="1">
          <containerEntry>5</containerEntry>
        </property>
        <property name="drawMode" type="Int32" container="StaticArray" arraySize="1">
          <containerEntry>0</containerEntry>
        </property>
        <property name="rejectFarRangeShadowCast" type="Int32" container="StaticArray" arraySize="1">
          <containerEntry>2</containerEntry>
        </property>
        <property name="parentLocator" type="EntityLink" container="StaticArray" arraySize="1">
          <containerEntry packagePathHash="0xB8A0BF169F98" archivePathHash="0xB8A0BF169F98" nameInArchiveHash="0xB8A0BF169F98">0x0</containerEntry>
        </property>
        <property name="transforms" type="Matrix4" container="DynamicArray" arraySize="7">
          <containerEntry r11="-0.35081232" r12="-0.019900488" r13="-0.6054161" r14="0" r21="-0.40309584" r22="0.52989376" r23="0.21616052" r24="0" r31="0.4521487" r32="0.45696342" r33="-0.2770205" r34="0" r41="1956.5747" r42="-4.650385" r43="1853.3906" r44="1"></containerEntry>
          <containerEntry r11="0.96723014" r12="-0.19210011" r13="-0.16602133" r14="0" r21="0.01977574" r22="0.7088963" r23="-0.70503354" r24="0" r31="0.25312933" r32="0.67864645" r33="0.6894649" r34="0" r41="1956.5405" r42="-6.155588" r43="1847.7019" r44="1"></containerEntry>
          <containerEntry r11="-0.6692573" r12="-0.0071870177" r13="-0.20502716" r14="0" r21="-0.06267926" r22="0.6732832" r23="0.1809996" r24="0" r31="0.19534352" r32="0.19141027" r33="-0.64435726" r34="0" r41="1942.074" r42="-3.343568" r43="1858.4977" r44="1"></containerEntry>
          <containerEntry r11="0.4138397" r12="-0.01953687" r13="0.5642283" r14="0" r21="0.43670186" r22="0.45445538" r23="-0.3045662" r24="0" r31="-0.35780826" r32="0.53205955" r33="0.28086245" r34="0" r41="1958.1118" r42="-5.368917" r43="1843.0753" r44="1"></containerEntry>
          <containerEntry r11="-0.6416932" r12="0.14147191" r13="0.75380135" r14="0" r21="0.6391273" r22="0.6419367" r23="0.4235962" r24="0" r31="-0.4239642" r32="0.7535905" r33="-0.50234306" r34="0" r41="1988.9156" r42="-6.737188" r43="1870.8632" r44="1"></containerEntry>
          <containerEntry r11="0.9684431" r12="-0.21838672" r13="0.12003041" r14="0" r21="0.2335374" r22="0.6272943" r23="-0.7429362" r24="0" r31="0.0869538" r32="0.7475297" r33="0.6585062" r34="0" r41="1985.775" r42="-6.067671" r43="1866.553" r44="1"></containerEntry>
          <containerEntry r11="-0.5732315" r12="-0.0639152" r13="-0.816891" r14="0" r21="-0.62455815" r22="0.67942435" r23="0.38510737" r24="0" r31="0.530402" r32="0.7309522" r33="-0.42938673" r34="0" r41="1985.4424" r42="-5.998107" r43="1870.5536" r44="1"></containerEntry>
        </property>
        <property name="colors" type="UInt32" container="DynamicArray" arraySize="7">
          <containerEntry>4294967295</containerEntry>
          <containerEntry>4294967295</containerEntry>
          <containerEntry>4294967295</containerEntry>
          <containerEntry>4294967295</containerEntry>
          <containerEntry>4294967295</containerEntry>
          <containerEntry>4294967295</containerEntry>
          <containerEntry>4294967295</containerEntry>
        </property>
      </staticProperties>
      <dynamicProperties></dynamicProperties>
    </entity>
    <entity class="StaticModelArray" classVersion="4" classID="0xD0" addr="0x2D7C480" id="0x0">
      <staticProperties>
        <property name="name" type="String" container="StaticArray" arraySize="1">
          <containerEntry>StaticModelArray0003</containerEntry>
        </property>
        <property name="dataSet" type="EntityHandle" container="StaticArray" arraySize="1">
          <containerEntry>0x2EF4450</containerEntry>
        </property>
        <property name="modelFile" type="FilePtr" container="StaticArray" arraySize="1">
          <containerEntry>/Assets/tpp/environ/object/middle_africa/rock/mafr_rock011/scenes/mafr_rock011.fmdl</containerEntry>
        </property>
        <property name="geomFile" type="FilePtr" container="StaticArray" arraySize="1">
          <containerEntry>/Assets/tpp/environ/object/middle_africa/rock/mafr_rock011/scenes/mafr_rock011.geom</containerEntry>
        </property>
        <property name="isVisibleGeom" type="Bool" container="StaticArray" arraySize="1">
          <containerEntry>false</containerEntry>
        </property>
        <property name="lodFarSize" type="Float" container="StaticArray" arraySize="1">
          <containerEntry>-1</containerEntry>
        </property>
        <property name="lodNearSize" type="Float" container="StaticArray" arraySize="1">
          <containerEntry>-1</containerEntry>
        </property>
        <property name="lodPolygonSize" type="Float" container="StaticArray" arraySize="1">
          <containerEntry>-1</containerEntry>
        </property>
        <property name="drawRejectionLevel" type="Int32" container="StaticArray" arraySize="1">
          <containerEntry>5</containerEntry>
        </property>
        <property name="drawMode" type="Int32" container="StaticArray" arraySize="1">
          <containerEntry>0</containerEntry>
        </property>
        <property name="rejectFarRangeShadowCast" type="Int32" container="StaticArray" arraySize="1">
          <containerEntry>2</containerEntry>
        </property>
        <property name="parentLocator" type="EntityLink" container="StaticArray" arraySize="1">
          <containerEntry packagePathHash="0xB8A0BF169F98" archivePathHash="0xB8A0BF169F98" nameInArchiveHash="0xB8A0BF169F98">0x0</containerEntry>
        </property>
        <property name="transforms" type="Matrix4" container="DynamicArray" arraySize="18">
          <containerEntry r11="0.11812209" r12="-0.037979633" r13="0.99227107" r14="0" r21="-0.54286945" r22="0.8342478" r23="0.09655464" r24="0" r31="-0.8314668" r32="-0.55007964" r33="0.077925324" r34="0" r41="1925.6163" r42="-1.745696" r43="1875.062" r44="1"></containerEntry>
          <containerEntry r11="0.7329805" r12="-0.014452353" r13="-0.68009585" r14="0" r21="0.4646755" r22="0.7408018" r23="0.48506603" r24="0" r31="0.49680573" r32="-0.6715679" r33="0.5497089" r34="0" r41="1939.3942" r42="-3.329404" r43="1875.062" r44="1"></containerEntry>
          <containerEntry r11="-0.8646121" r12="0.042939246" r13="-0.5005957" r14="0" r21="0.42805597" r22="0.5846378" r23="-0.68917733" r24="0" r31="0.263074" r32="-0.8101565" r33="-0.5238641" r34="0" r41="1933.634" r42="-3.698655" r43="1848.4092" r44="1"></containerEntry>
          <containerEntry r11="0.5763596" r12="0.0029123425" r13="-0.8171902" r14="0" r21="0.44318926" r22="0.8390467" r23="0.31556833" r24="0" r31="0.6865796" r32="-0.5440511" r33="0.4823021" r34="0" r41="1926.1876" r42="-3.559814" r43="1848.4092" r44="1"></containerEntry>
          <containerEntry r11="-0.49316835" r12="0.059233963" r13="-0.8679108" r14="0" r21="0.6472422" r22="0.69159555" r23="-0.32058024" r24="0" r31="0.58125335" r32="-0.719851" r33="-0.37941074" r34="0" r41="1928.6661" r42="-2.010933" r43="1864.6266" r44="1"></containerEntry>
          <containerEntry r11="-0.6071491" r12="0.055419892" r13="0.79264617" r14="0" r21="-0.318493" r22="0.89694697" r23="-0.30667192" r24="0" r31="-0.7279571" r32="-0.4386503" r33="-0.5269291" r34="0" r41="1928.6661" r42="-2.876553" r43="1882.2454" r44="1"></containerEntry>
          <containerEntry r11="-0.676123" r12="0.19200708" r13="-0.7113301" r14="0" r21="0.5716224" r22="0.74584085" r23="-0.34200773" r24="0" r31="0.4648711" r32="-0.6378516" r33="-0.61403567" r34="0" r41="1929.9918" r42="-2.778945" r43="1894.5154" r44="1"></containerEntry>
          <containerEntry r11="0.031015866" r12="-0.020208597" r13="0.99931407" r14="0" r21="-0.5479271" r22="0.8358385" r23="0.033908516" r24="0" r31="-0.83595026" r32="-0.5486032" r33="0.0148515105" r34="0" r41="1946.9374" r42="-4.68219" r43="1887.3529" r44="1"></containerEntry>
          <containerEntry r11="-0.3341528" r12="0.046865974" r13="-0.94134825" r14="0" r21="0.7132089" r22="0.6655205" r23="-0.22003564" r24="0" r31="0.61617523" r32="-0.7449039" r33="-0.2558112" r34="0" r41="1942.8184" r42="-3.255899" r43="1868.9819" r44="1"></containerEntry>
          <containerEntry r11="-0.4765745" r12="0.09485367" r13="0.87400085" r14="0" r21="-0.48177204" r22="0.8034115" r23="-0.34989333" r24="0" r31="-0.73537093" r32="-0.58782005" r33="-0.3371874" r34="0" r41="1942.7596" r42="-3.471184" r43="1871.6876" r44="1"></containerEntry>
          <containerEntry r11="-0.89541566" r12="0.104230866" r13="0.4328426" r14="0" r21="-0.19436657" r22="0.78315216" r23="-0.59067094" r24="0" r31="-0.40054852" r32="-0.613028" r33="-0.68098885" r34="0" r41="1951.529" r42="-4.65802" r43="1891.7246" r44="1"></containerEntry>
          <containerEntry r11="0.9167788" r12="-0.075659536" r13="0.3921562" r14="0" r21="-0.20212701" r22="0.7589672" r23="0.61896026" r24="0" r31="-0.34446502" r32="-0.64671695" r33="0.6805142" r34="0" r41="1954.2378" r42="-4.743046" r43="1891.5345" r44="1"></containerEntry>
          <containerEntry r11="-0.7370666" r12="0.17007275" r13="-0.6540661" r14="0" r21="0.53336626" r22="0.74073935" r23="-0.4084419" r24="0" r31="0.41502726" r32="-0.64990735" r33="-0.6366848" r34="0" r41="1957.823" r42="-5.920736" r43="1894.4618" r44="1"></containerEntry>
          <containerEntry r11="0.460837" r12="-0.04878533" r13="-0.8861419" r14="0" r21="0.66024965" r22="0.686064" r23="0.30559063" r24="0" r31="0.5930412" r32="-0.72590303" r33="0.34837452" r34="0" r41="1933.8787" r42="-2.608558" r43="1884.868" r44="1"></containerEntry>
          <containerEntry r11="-0.57355237" r12="-0.04267004" r13="-0.8180522" r14="0" r21="0.56922805" r22="0.69738096" r23="-0.43547416" r24="0" r31="0.5890752" r32="-0.71542823" r33="-0.37569433" r34="0" r41="1992.4338" r42="-10.261586" r43="1819.2869" r44="1"></containerEntry>
          <containerEntry r11="0.7988137" r12="0.117662825" r13="0.58995837" r14="0" r21="-0.3588459" r22="0.8803041" r23="0.31031212" r24="0" r31="-0.48283023" r32="-0.45958617" r33="0.745422" r34="0" r41="1953.3018" r42="-8.887253" r43="1807.9144" r44="1"></containerEntry>
          <containerEntry r11="-0.996263" r12="0.07181207" r13="-0.048018403" r14="0" r21="0.08424535" r22="0.68463874" r23="-0.7240001" r24="0" r31="-0.01911664" r32="-0.7253373" r33="-0.68812615" r34="0" r41="1945.4263" r42="-7.180863" r43="1818.6155" r44="1"></containerEntry>
          <containerEntry r11="0.8103016" r12="-0.04914428" r13="-0.5839538" r14="0" r21="0.3246413" r22="0.86724424" r23="0.3774909" r24="0" r31="0.48787713" r32="-0.495455" r33="0.7186808" r34="0" r41="1940.4414" r42="-8.826433" r43="1807.2162" r44="1"></containerEntry>
        </property>
        <property name="colors" type="UInt32" container="DynamicArray" arraySize="18">
          <containerEntry>4294967295</containerEntry>
          <containerEntry>4294967295</containerEntry>
          <containerEntry>4294967295</containerEntry>
          <containerEntry>4294967295</containerEntry>
          <containerEntry>4294967295</containerEntry>
          <containerEntry>4294967295</containerEntry>
          <containerEntry>4294967295</containerEntry>
          <containerEntry>4294967295</containerEntry>
          <containerEntry>4294967295</containerEntry>
          <containerEntry>4294967295</containerEntry>
          <containerEntry>4294967295</containerEntry>
          <containerEntry>4294967295</containerEntry>
          <containerEntry>4294967295</containerEntry>
          <containerEntry>4294967295</containerEntry>
          <containerEntry>4294967295</containerEntry>
          <containerEntry>4294967295</containerEntry>
          <containerEntry>4294967295</containerEntry>
          <containerEntry>4294967295</containerEntry>
        </property>
      </staticProperties>
      <dynamicProperties></dynamicProperties>
    </entity>
    <entity class="DecalArray" classVersion="1" classID="0x1C0" addr="0x2D7C4F0" id="0x0">
      <staticProperties>
        <property name="name" type="String" container="StaticArray" arraySize="1">
          <containerEntry>DecalArray0000</containerEntry>
        </property>
        <property name="dataSet" type="EntityHandle" container="StaticArray" arraySize="1">
          <containerEntry>0x2EF4450</containerEntry>
        </property>
        <property name="parent" type="EntityHandle" container="StaticArray" arraySize="1">
          <containerEntry>0x0</containerEntry>
        </property>
        <property name="transform" type="EntityPtr" container="StaticArray" arraySize="1">
          <containerEntry>0x0</containerEntry>
        </property>
        <property name="shearTransform" type="EntityPtr" container="StaticArray" arraySize="1">
          <containerEntry>0x0</containerEntry>
        </property>
        <property name="pivotTransform" type="EntityPtr" container="StaticArray" arraySize="1">
          <containerEntry>0x0</containerEntry>
        </property>
        <property name="children" type="EntityHandle" container="List"></property>
        <property name="flags" type="UInt32" container="StaticArray" arraySize="1">
          <containerEntry>134217735</containerEntry>
        </property>
        <property name="material" type="EntityLink" container="StaticArray" arraySize="1">
          <containerEntry packagePathHash="0xB8A0BF169F98" archivePath="/Assets/tpp/level/location/mafr/block_small/148/148_147/mafr_148_147_asset.fox2" nameInArchive="cm_mafr_dc_grbg003">0x2D76360</containerEntry>
        </property>
        <property name="projectionMode" type="Int32" container="StaticArray" arraySize="1">
          <containerEntry>0</containerEntry>
        </property>
        <property name="nearClipScale" type="Float" container="StaticArray" arraySize="1">
          <containerEntry>0.5</containerEntry>
        </property>
        <property name="projectionTarget" type="Int32" container="StaticArray" arraySize="1">
          <containerEntry>1</containerEntry>
        </property>
        <property name="repeatU" type="Float" container="StaticArray" arraySize="1">
          <containerEntry>1</containerEntry>
        </property>
        <property name="repeatV" type="Float" container="StaticArray" arraySize="1">
          <containerEntry>1</containerEntry>
        </property>
        <property name="transparency" type="Float" container="StaticArray" arraySize="1">
          <containerEntry>1</containerEntry>
        </property>
        <property name="polygonDataSource" type="Int32" container="StaticArray" arraySize="1">
          <containerEntry>0</containerEntry>
        </property>
        <property name="drawRejectionLevel" type="Int32" container="StaticArray" arraySize="1">
          <containerEntry>1</containerEntry>
        </property>
        <property name="drawRejectionDegree" type="Float" container="StaticArray" arraySize="1">
          <containerEntry>90</containerEntry>
        </property>
        <property name="decalFlags" type="UInt32" container="StaticArray" arraySize="1">
          <containerEntry>4</containerEntry>
        </property>
        <property name="scales" type="Vector3" container="DynamicArray" arraySize="1">
          <containerEntry x="3.9999912" y="0.99999994" z="3.9999914" w="0"></containerEntry>
        </property>
        <property name="rotations" type="Quat" container="DynamicArray" arraySize="1">
          <containerEntry x="-0.041069034" y="0.87340534" z="-0.0039799795" w="0.48524284"></containerEntry>
        </property>
        <property name="translations" type="Vector3" container="DynamicArray" arraySize="1">
          <containerEntry x="1981.5992" y="-14.362156" z="1760.0491" w="1"></containerEntry>
        </property>
        <property name="targets" type="EntityLink" container="DynamicArray" arraySize="1">
          <containerEntry packagePath="/Assets/tpp/pack/location/mafr/pack_common/mafr_common.fpk" archivePath="/Assets/tpp/level/location/mafr/block_common/mafr_common_terrain.fox2" nameInArchive="TerrainRender0000">0x0</containerEntry>
        </property>
        <property name="targetIndices" type="UInt32" container="DynamicArray" arraySize="1">
          <containerEntry>0</containerEntry>
        </property>
        <property name="targetStartIndices" type="UInt32" container="DynamicArray" arraySize="2">
          <containerEntry>0</containerEntry>
          <containerEntry>1</containerEntry>
        </property>
        <property name="renderingPriorities" type="Int32" container="DynamicArray" arraySize="1">
          <containerEntry>0</containerEntry>
        </property>
      </staticProperties>
      <dynamicProperties></dynamicProperties>
    </entity>
    <entity class="DecalArray" classVersion="1" classID="0x1C0" addr="0x2D7C560" id="0x0">
      <staticProperties>
        <property name="name" type="String" container="StaticArray" arraySize="1">
          <containerEntry>DecalArray0001</containerEntry>
        </property>
        <property name="dataSet" type="EntityHandle" container="StaticArray" arraySize="1">
          <containerEntry>0x2EF4450</containerEntry>
        </property>
        <property name="parent" type="EntityHandle" container="StaticArray" arraySize="1">
          <containerEntry>0x0</containerEntry>
        </property>
        <property name="transform" type="EntityPtr" container="StaticArray" arraySize="1">
          <containerEntry>0x0</containerEntry>
        </property>
