<fox formatVersion="2" fileVersion="0">
  <entities>
    <entity class="DataSet" classVersion="0" classID="0xE8" addr="0x2EE2E70" id="0x30C2B4">
      <staticProperties>
        <property name="name" type="String" container="StaticArray" arraySize="1">
          <containerEntry hash="0xB8A0BF169F98"></containerEntry>
        </property>
        <property name="dataSet" type="EntityHandle" container="StaticArray" arraySize="1">
          <containerEntry>0x0</containerEntry>
        </property>
        <property name="dataList" type="EntityPtr" container="StringMap" arraySize="2">
          <containerEntry key="StaticModelArray0000">
            <data>0x2EE29A0</data>
          </containerEntry>
          <containerEntry key="TexturePackLoadConditioner0000">
            <data>0x2D774E0</data>
          </containerEntry>
        </property>
      </staticProperties>
      <dynamicProperties></dynamicProperties>
    </entity>
    <entity class="StaticModelArray" classVersion="4" classID="0xD0" addr="0x2EE29A0" id="0x0">
      <staticProperties>
        <property name="name" type="String" container="StaticArray" arraySize="1">
          <containerEntry>StaticModelArray0000</containerEntry>
        </property>
        <property name="dataSet" type="EntityHandle" container="StaticArray" arraySize="1">
          <containerEntry>0x2EE2E70</containerEntry>
        </property>
        <property name="modelFile" type="FilePtr" container="StaticArray" arraySize="1">
          <containerEntry>/Assets/tpp/environ/object/afghanistan/cliff/afgh_clff037/scenes/afgh_clff037_vrtn006_gen8.fmdl</containerEntry>
        </property>
        <property name="geomFile" type="FilePtr" container="StaticArray" arraySize="1">
          <containerEntry>/Assets/tpp/environ/object/afghanistan/cliff/afgh_clff037/scenes/afgh_clff037_vrtn006_gen8.geom</containerEntry>
        </property>
        <property name="isVisibleGeom" type="Bool" container="StaticArray" arraySize="1">
          <containerEntry>false</containerEntry>
        </property>
        <property name="lodFarSize" type="Float" container="StaticArray" arraySize="1">
          <containerEntry>-1</containerEntry>
        </property>
        <property name="lodNearSize" type="Float" container="StaticArray" arraySize="1">
          <containerEntry>-1</containerEntry>
        </property>
        <property name="lodPolygonSize" type="Float" container="StaticArray" arraySize="1">
          <containerEntry>-1</containerEntry>
        </property>
        <property name="drawRejectionLevel" type="Int32" container="StaticArray" arraySize="1">
          <containerEntry>8</containerEntry>
        </property>
        <property name="drawMode" type="Int32" container="StaticArray" arraySize="1">
          <containerEntry>0</containerEntry>
        </property>
        <property name="rejectFarRangeShadowCast" type="Int32" container="StaticArray" arraySize="1">
          <containerEntry>2</containerEntry>
        </property>
        <property name="parentLocator" type="EntityLink" container="StaticArray" arraySize="1">
          <containerEntry packagePathHash="0xB8A0BF169F98" archivePathHash="0xB8A0BF169F98" nameInArchiveHash="0xB8A0BF169F98">0x0</containerEntry>
        </property>
        <property name="transforms" type="Matrix4" container="DynamicArray" arraySize="5">
          <containerEntry r11="0.3060388" r12="0.9340806" r13="0.18392351" r14="0" r21="-0.8861673" r22="0.35010603" r23="-0.30352557" r24="0" r31="-0.3479108" r32="-0.07009797" r33="0.93490314" r34="0" r41="1013.7749" r42="490.96216" r43="-1564.785" r44="1"></containerEntry>
          <containerEntry r11="0.39001903" r12="-0.83869046" r13="-0.3801025" r14="0" r21="0.74218184" r22="0.5306588" r23="-0.40934482" r24="0" r31="0.54501903" r32="-0.12245533" r33="0.82943195" r34="0" r41="979.1486" r42="512.21533" r43="-1645.5819" r44="1"></containerEntry>
          <containerEntry r11="0.3430905" r12="0.91390437" r13="0.2169348" r14="0" r21="-0.47381312" r22="0.36780638" r23="-0.800133" r24="0" r31="-0.81103826" r32="0.17172816" r33="0.55921525" r34="0" r41="1049.6191" r42="499.06058" r43="-1636.3318" r44="1"></containerEntry>
          <containerEntry r11="-0.07293475" r12="-0.9549482" r13="-0.28764778" r14="0" r21="0.29743066" r22="0.2544693" r23="-0.9202017" r24="0" r31="0.95194656" r32="-0.15267664" r33="0.2654779" r34="0" r41="968.0964" r42="480.7787" r43="-1562.8094" r44="1"></containerEntry>
          <containerEntry r11="0.2925139" r12="-0.95438474" r13="0.059824705" r14="0" r21="-0.9464571" r22="-0.28000575" r23="0.16063675" r24="0" r31="-0.13655835" r32="-0.10360974" r33="-0.9851898" r34="0" r41="1127.5419" r42="480.22705" r43="-1595.7689" r44="1"></containerEntry>
        </property>
        <property name="colors" type="UInt32" container="DynamicArray" arraySize="5">
          <containerEntry>4294967295</containerEntry>
          <containerEntry>4294967295</containerEntry>
          <containerEntry>4294967295</containerEntry>
          <containerEntry>4294967295</containerEntry>
          <containerEntry>4294967295</containerEntry>
        </property>
      </staticProperties>
      <dynamicProperties></dynamicProperties>
    </entity>
    <entity class="TexturePackLoadConditioner" classVersion="0" classID="0x48" addr="0x2D774E0" id="0x0">
      <staticProperties>
        <property name="name" type="String" container="StaticArray" arraySize="1">
          <containerEntry>TexturePackLoadConditioner0000</containerEntry>
        </property>
        <property name="dataSet" type="EntityHandle" container="StaticArray" arraySize="1">
          <containerEntry>0x2EE2E70</containerEntry>
        </property>
        <property name="texturePackPath" type="Path" container="StaticArray" arraySize="1">
          <containerEntry hash="0xB8A0BF169F98"></containerEntry>
        </property>
      </staticProperties>
      <dynamicProperties></dynamicProperties>
    </entity>
  </entities>
</fox>