<fox formatVersion="2" fileVersion="0">
  <entities>
    <entity class="DataSet" classVersion="0" classID="0xE8" addr="0x3352FC0" id="0x7F193">
      <staticProperties>
        <property name="name" type="String" container="StaticArray" arraySize="1">
          <containerEntry hash="0xB8A0BF169F98"></containerEntry>
        </property>
        <property name="dataSet" type="EntityHandle" container="StaticArray" arraySize="1">
          <containerEntry>0x0</containerEntry>
        </property>
        <property name="dataList" type="EntityPtr" container="StringMap" arraySize="13">
          <containerEntry key="StaticModelArray0000">
            <data>0x317E470</data>
          </containerEntry>
          <containerEntry key="StaticModelArray0001">
            <data>0x317DC90</data>
          </containerEntry>
          <containerEntry key="StaticModelArray0002">
            <data>0x317E400</data>
          </containerEntry>
          <containerEntry key="StaticModelArray0003">
            <data>0x317E240</data>
          </containerEntry>
          <containerEntry key="StaticModelArray0004">
            <data>0x3352AF0</data>
          </containerEntry>
          <containerEntry key="StaticModelArray0005">
            <data>0x317D9F0</data>
          </containerEntry>
          <containerEntry key="StaticModelArray0006">
            <data>0x317DBB0</data>
          </containerEntry>
          <containerEntry key="StaticModelArray0007">
            <data>0x3355F70</data>
          </containerEntry>
          <containerEntry key="StaticModelArray0008">
            <data>0x317D980</data>
          </containerEntry>
          <containerEntry key="StaticModelArray0009">
            <data>0x317DB40</data>
          </containerEntry>
          <containerEntry key="StaticModelArray0010">
            <data>0x317DC20</data>
          </containerEntry>
          <containerEntry key="StaticModelArray0011">
            <data>0x317DD00</data>
          </containerEntry>
          <containerEntry key="TexturePackLoadConditioner0000">
            <data>0x317E860</data>
          </containerEntry>
        </property>
      </staticProperties>
      <dynamicProperties></dynamicProperties>
    </entity>
    <entity class="StaticModelArray" classVersion="4" classID="0xD0" addr="0x317E470" id="0x0">
      <staticProperties>
        <property name="name" type="String" container="StaticArray" arraySize="1">
          <containerEntry>StaticModelArray0000</containerEntry>
        </property>
        <property name="dataSet" type="EntityHandle" container="StaticArray" arraySize="1">
          <containerEntry>0x3352FC0</containerEntry>
        </property>
        <property name="modelFile" type="FilePtr" container="StaticArray" arraySize="1">
          <containerEntry>/Assets/tpp/environ/object/afghanistan/cliff/afgh_clff025/scenes/afgh_clff025.fmdl</containerEntry>
        </property>
        <property name="geomFile" type="FilePtr" container="StaticArray" arraySize="1">
          <containerEntry>/Assets/tpp/environ/object/afghanistan/cliff/afgh_clff025/scenes/afgh_clff025.geom</containerEntry>
        </property>
        <property name="isVisibleGeom" type="Bool" container="StaticArray" arraySize="1">
          <containerEntry>false</containerEntry>
        </property>
        <property name="lodFarSize" type="Float" container="StaticArray" arraySize="1">
          <containerEntry>-1</containerEntry>
        </property>
        <property name="lodNearSize" type="Float" container="StaticArray" arraySize="1">
          <containerEntry>-1</containerEntry>
        </property>
        <property name="lodPolygonSize" type="Float" container="StaticArray" arraySize="1">
          <containerEntry>-1</containerEntry>
        </property>
        <property name="drawRejectionLevel" type="Int32" container="StaticArray" arraySize="1">
          <containerEntry>8</containerEntry>
        </property>
        <property name="drawMode" type="Int32" container="StaticArray" arraySize="1">
          <containerEntry>0</containerEntry>
        </property>
        <property name="rejectFarRangeShadowCast" type="Int32" container="StaticArray" arraySize="1">
          <containerEntry>2</containerEntry>
        </property>
        <property name="parentLocator" type="EntityLink" container="StaticArray" arraySize="1">
          <containerEntry packagePathHash="0xB8A0BF169F98" archivePathHash="0xB8A0BF169F98" nameInArchiveHash="0xB8A0BF169F98">0x0</containerEntry>
        </property>
        <property name="transforms" type="Matrix4" container="DynamicArray" arraySize="5">
          <containerEntry r11="-0.6208254" r12="0.017200444" r13="1.0267771" r14="0" r21="0.3130189" r22="1.1459041" r23="0.17006686" r24="0" r31="-0.9780524" r32="0.35581976" r33="-0.59732527" r34="0" r41="1448.8993" r42="311.97855" r43="1933.3503" r44="1"></containerEntry>
          <containerEntry r11="-0.6208254" r12="0.017200444" r13="1.0267771" r14="0" r21="0.3130189" r22="1.1459041" r23="0.17006686" r24="0" r31="-0.9780524" r32="0.35581976" r33="-0.59732527" r34="0" r41="1464.9154" r42="316.082" r43="1924.132" r44="1"></containerEntry>
          <containerEntry r11="-0.23136115" r12="-0.11077982" r13="1.1722598" r14="0" r21="0.31301832" r22="1.1459042" r23="0.17006795" r24="0" r31="-1.1351144" r32="0.33857262" r33="-0.19203444" r34="0" r41="1468.8351" r42="319.57062" r43="1933.5452" r44="1"></containerEntry>
          <containerEntry r11="-0.28765544" r12="0.017200775" r13="1.1648816" r14="0" r21="0.34941673" r22="1.1459041" r23="0.06936529" r24="0" r31="-1.1113744" r32="0.35581982" r33="-0.27969635" r34="0" r41="1438.1425" r42="310.95154" r43="1985.1571" r44="1"></containerEntry>
          <containerEntry r11="0.21233945" r12="0.014334664" r13="0.977089" r14="0" r21="0.28687638" r22="0.95491993" r23="-0.076352246" r24="0" r31="-0.9341361" r32="0.29651684" r33="0.19865495" r34="0" r41="1445.3232" r42="311.7077" r43="2010.0162" r44="1"></containerEntry>
        </property>
        <property name="colors" type="UInt32" container="DynamicArray" arraySize="5">
          <containerEntry>4294967295</containerEntry>
          <containerEntry>4294967295</containerEntry>
          <containerEntry>4294967295</containerEntry>
          <containerEntry>4294967295</containerEntry>
          <containerEntry>4294967295</containerEntry>
        </property>
      </staticProperties>
      <dynamicProperties></dynamicProperties>
    </entity>
    <entity class="StaticModelArray" classVersion="4" classID="0xD0" addr="0x317DC90" id="0x0">
      <staticProperties>
        <property name="name" type="String" container="StaticArray" arraySize="1">
          <containerEntry>StaticModelArray0001</containerEntry>
        </property>
        <property name="dataSet" type="EntityHandle" container="StaticArray" arraySize="1">
          <containerEntry>0x3352FC0</containerEntry>
        </property>
        <property name="modelFile" type="FilePtr" container="StaticArray" arraySize="1">
          <containerEntry>/Assets/tpp/environ/object/afghanistan/rock/afgh_rock009/scenes/afgh_rock009_rock001.fmdl</containerEntry>
        </property>
        <property name="geomFile" type="FilePtr" container="StaticArray" arraySize="1">
          <containerEntry>/Assets/tpp/environ/object/afghanistan/rock/afgh_rock009/scenes/afgh_rock009_rock001.geom</containerEntry>
        </property>
        <property name="isVisibleGeom" type="Bool" container="StaticArray" arraySize="1">
          <containerEntry>false</containerEntry>
        </property>
        <property name="lodFarSize" type="Float" container="StaticArray" arraySize="1">
          <containerEntry>-1</containerEntry>
        </property>
        <property name="lodNearSize" type="Float" container="StaticArray" arraySize="1">
          <containerEntry>-1</containerEntry>
        </property>
        <property name="lodPolygonSize" type="Float" container="StaticArray" arraySize="1">
          <containerEntry>-1</containerEntry>
        </property>
        <property name="drawRejectionLevel" type="Int32" container="StaticArray" arraySize="1">
          <containerEntry>8</containerEntry>
        </property>
        <property name="drawMode" type="Int32" container="StaticArray" arraySize="1">
          <containerEntry>0</containerEntry>
        </property>
        <property name="rejectFarRangeShadowCast" type="Int32" container="StaticArray" arraySize="1">
          <containerEntry>2</containerEntry>
        </property>
        <property name="parentLocator" type="EntityLink" container="StaticArray" arraySize="1">
          <containerEntry packagePathHash="0xB8A0BF169F98" archivePathHash="0xB8A0BF169F98" nameInArchiveHash="0xB8A0BF169F98">0x0</containerEntry>
        </property>
        <property name="transforms" type="Matrix4" container="DynamicArray" arraySize="7">
          <containerEntry r11="0.8050334" r12="-0.5420983" r13="-0.24093458" r14="0" r21="-0.47360003" r22="-0.34271568" r23="-0.81132036" r24="0" r31="0.3572437" r32="0.7672464" r33="-0.53263533" r34="0" r41="1472.7617" r42="327.1426" r43="1972.0487" r44="1"></containerEntry>
          <containerEntry r11="-0.81805384" r12="-0.013304236" r13="0.57498276" r14="0" r21="0.03731498" r22="0.99639827" r23="0.076144926" r24="0" r31="-0.5739249" r32="0.083746366" r33="-0.814611" r34="0" r41="1448.6772" r42="316.08423" r43="1955.6113" r44="1"></containerEntry>
          <containerEntry r11="-0.56808156" r12="0.083839044" r13="-0.818688" r14="0" r21="0.037314124" r22="0.9963982" r23="0.076145545" r24="0" r31="0.8221232" r32="0.012708373" r33="-0.56916386" r34="0" r41="1456.0364" r42="315.01672" r43="1930.4799" r44="1"></containerEntry>
          <containerEntry r11="-0.5472476" r12="0.08413244" r13="-0.8327276" r14="0" r21="0.03731501" r22="0.9963982" r23="0.07614568" r24="0" r31="0.8361346" r32="0.010597479" r33="-0.54841596" r34="0" r41="1451.5684" r42="317.1034" r43="1958.4458" r44="1"></containerEntry>
          <containerEntry r11="-0.81805384" r12="-0.013304236" r13="0.57498276" r14="0" r21="0.03731498" r22="0.99639827" r23="0.076144926" r24="0" r31="-0.5739249" r32="0.083746366" r33="-0.814611" r34="0" r41="1443.9149" r42="315.15552" r43="1984.1847" r44="1"></containerEntry>
          <containerEntry r11="0.50023603" r12="-0.0133040715" r13="-0.8657862" r14="0" r21="-0.06588662" r22="0.9963983" r23="-0.053379133" r24="0" r31="0.86337805" r32="0.08374593" r33="0.49755776" r34="0" r41="1449.6791" r42="314.0964" r43="2012.2771" r44="1"></containerEntry>
          <containerEntry r11="0.63807106" r12="-0.39816993" r13="0.6590331" r14="0" r21="0.2525093" r22="0.9167869" r23="0.3094197" r24="0" r31="-0.72739464" r32="-0.03101921" r33="0.6855171" r34="0" r41="1452.9218" r42="314.20074" r43="1933.3374" r44="1"></containerEntry>
        </property>
        <property name="colors" type="UInt32" container="DynamicArray" arraySize="7">
          <containerEntry>4294967295</containerEntry>
          <containerEntry>4294967295</containerEntry>
          <containerEntry>4294967295</containerEntry>
          <containerEntry>4294967295</containerEntry>
          <containerEntry>4294967295</containerEntry>
          <containerEntry>4294967295</containerEntry>
          <containerEntry>4294967295</containerEntry>
        </property>
      </staticProperties>
      <dynamicProperties></dynamicProperties>
    </entity>
    <entity class="StaticModelArray" classVersion="4" classID="0xD0" addr="0x317E400" id="0x0">
      <staticProperties>
        <property name="name" type="String" container="StaticArray" arraySize="1">
          <containerEntry>StaticModelArray0002</containerEntry>
        </property>
        <property name="dataSet" type="EntityHandle" container="StaticArray" arraySize="1">
          <containerEntry>0x3352FC0</containerEntry>
        </property>
        <property name="modelFile" type="FilePtr" container="StaticArray" arraySize="1">
          <containerEntry>/Assets/tpp/environ/object/afghanistan/cliff/afgh_clff022/scenes/afgh_clff022_vrtn001.fmdl</containerEntry>
        </property>
        <property name="geomFile" type="FilePtr" container="StaticArray" arraySize="1">
          <containerEntry>/Assets/tpp/environ/object/afghanistan/cliff/afgh_clff022/scenes/afgh_clff022_vrtn001.geom</containerEntry>
        </property>
        <property name="isVisibleGeom" type="Bool" container="StaticArray" arraySize="1">
          <containerEntry>false</containerEntry>
        </property>
        <property name="lodFarSize" type="Float" container="StaticArray" arraySize="1">
          <containerEntry>-1</containerEntry>
        </property>
        <property name="lodNearSize" type="Float" container="StaticArray" arraySize="1">
          <containerEntry>-1</containerEntry>
        </property>
        <property name="lodPolygonSize" type="Float" container="StaticArray" arraySize="1">
          <containerEntry>-1</containerEntry>
        </property>
        <property name="drawRejectionLevel" type="Int32" container="StaticArray" arraySize="1">
          <containerEntry>8</containerEntry>
        </property>
        <property name="drawMode" type="Int32" container="StaticArray" arraySize="1">
          <containerEntry>0</containerEntry>
        </property>
        <property name="rejectFarRangeShadowCast" type="Int32" container="StaticArray" arraySize="1">
          <containerEntry>2</containerEntry>
        </property>
        <property name="parentLocator" type="EntityLink" container="StaticArray" arraySize="1">
          <containerEntry packagePathHash="0xB8A0BF169F98" archivePathHash="0xB8A0BF169F98" nameInArchiveHash="0xB8A0BF169F98">0x0</containerEntry>
        </property>
        <property name="transforms" type="Matrix4" container="DynamicArray" arraySize="5">
          <containerEntry r11="-0.8845402" r12="0" r13="-0.46645528" r14="0" r21="0" r22="1" r23="0" r24="0" r31="0.46645528" r32="0" r33="-0.8845402" r34="0" r41="1455.4346" r42="326.58853" r43="2001.8662" r44="1"></containerEntry>
          <containerEntry r11="0.7071074" r12="0" r13="0.70710564" r14="0" r21="0" r22="1" r23="0" r24="0" r31="-0.70710564" r32="0" r33="0.7071074" r34="0" r41="1458.7306" r42="326.304" r43="2027.5427" r44="1"></containerEntry>
          <containerEntry r11="-0.7071049" r12="0" r13="0.70710564" r14="0" r21="0" r22="1" r23="0" r24="0" r31="-0.70710564" r32="0" r33="-0.7071049" r34="0" r41="1448.8033" r42="314.71796" r43="1922.9545" r44="1"></containerEntry>
          <containerEntry r11="0.52215695" r12="0" r13="-0.85284835" r14="0" r21="0" r22="1" r23="0" r24="0" r31="0.85284835" r32="0" r33="0.52215695" r34="0" r41="1479.9766" r42="330.85773" r43="2023.8027" r44="1"></containerEntry>
          <containerEntry r11="-1.4170767" r12="0" r13="0.15000315" r14="0" r21="0" r22="1.425" r23="0" r24="0" r31="-0.15000315" r32="0" r33="-1.4170767" r34="0" r41="1508.2867" r42="331.4731" r43="2040.7206" r44="1"></containerEntry>
        </property>
        <property name="colors" type="UInt32" container="DynamicArray" arraySize="5">
          <containerEntry>4294967295</containerEntry>
          <containerEntry>4294967295</containerEntry>
          <containerEntry>4294967295</containerEntry>
          <containerEntry>4294967295</containerEntry>
          <containerEntry>4294967295</containerEntry>
        </property>
      </staticProperties>
      <dynamicProperties></dynamicProperties>
    </entity>
    <entity class="StaticModelArray" classVersion="4" classID="0xD0" addr="0x317E240" id="0x0">
      <staticProperties>
        <property name="name" type="String" container="StaticArray" arraySize="1">
          <containerEntry>StaticModelArray0003</containerEntry>
        </property>
        <property name="dataSet" type="EntityHandle" container="StaticArray" arraySize="1">
          <containerEntry>0x3352FC0</containerEntry>
        </property>
        <property name="modelFile" type="FilePtr" container="StaticArray" arraySize="1">
          <containerEntry>/Assets/tpp/environ/object/afghanistan/cliff/afgh_clff024/scenes/afgh_clff024.fmdl</containerEntry>
        </property>
        <property name="geomFile" type="FilePtr" container="StaticArray" arraySize="1">
          <containerEntry>/Assets/tpp/environ/object/afghanistan/cliff/afgh_clff024/scenes/afgh_clff024.geom</containerEntry>
        </property>
        <property name="isVisibleGeom" type="Bool" container="StaticArray" arraySize="1">
          <containerEntry>false</containerEntry>
        </property>
        <property name="lodFarSize" type="Float" container="StaticArray" arraySize="1">
          <containerEntry>-1</containerEntry>
        </property>
        <property name="lodNearSize" type="Float" container="StaticArray" arraySize="1">
          <containerEntry>-1</containerEntry>
        </property>
        <property name="lodPolygonSize" type="Float" container="StaticArray" arraySize="1">
          <containerEntry>-1</containerEntry>
        </property>
        <property name="drawRejectionLevel" type="Int32" container="StaticArray" arraySize="1">
          <containerEntry>8</containerEntry>
        </property>
        <property name="drawMode" type="Int32" container="StaticArray" arraySize="1">
          <containerEntry>0</containerEntry>
        </property>
        <property name="rejectFarRangeShadowCast" type="Int32" container="StaticArray" arraySize="1">
          <containerEntry>2</containerEntry>
        </property>
        <property name="parentLocator" type="EntityLink" container="StaticArray" arraySize="1">
          <containerEntry packagePathHash="0xB8A0BF169F98" archivePathHash="0xB8A0BF169F98" nameInArchiveHash="0xB8A0BF169F98">0x0</containerEntry>
        </property>
        <property name="transforms" type="Matrix4" container="DynamicArray" arraySize="2">
          <containerEntry r11="-0.36728314" r12="-0.041150093" r13="0.6982175" r14="0" r21="0.14182757" r22="0.76786613" r23="0.11986052" r24="0" r31="-0.6848985" r32="0.18107532" r33="-0.34960505" r34="0" r41="1481.9893" r42="334.52414" r43="1945.8135" r44="1"></containerEntry>
          <containerEntry r11="-0.07291682" r12="-0.008195103" r13="0.7865834" r14="0" r21="0.049331922" r22="0.7883545" r23="0.01278673" r24="0" r31="-0.78507775" r32="0.050298896" r33="-0.072253205" r34="0" r41="1534.3292" r42="340.47076" r43="1969.0533" r44="1"></containerEntry>
        </property>
        <property name="colors" type="UInt32" container="DynamicArray" arraySize="2">
          <containerEntry>4294967295</containerEntry>
          <containerEntry>4294967295</containerEntry>
        </property>
      </staticProperties>
      <dynamicProperties></dynamicProperties>
    </entity>
    <entity class="StaticModelArray" classVersion="4" classID="0xD0" addr="0x3352AF0" id="0x0">
      <staticProperties>
        <property name="name" type="String" container="StaticArray" arraySize="1">
          <containerEntry>StaticModelArray0004</containerEntry>
        </property>
        <property name="dataSet" type="EntityHandle" container="StaticArray" arraySize="1">
          <containerEntry>0x3352FC0</containerEntry>
        </property>
        <property name="modelFile" type="FilePtr" container="StaticArray" arraySize="1">
          <containerEntry>/Assets/tpp/environ/object/afghanistan/rock/afgh_rock009/scenes/afgh_rock009_rock002.fmdl</containerEntry>
        </property>
        <property name="geomFile" type="FilePtr" container="StaticArray" arraySize="1">
          <containerEntry>/Assets/tpp/environ/object/afghanistan/rock/afgh_rock009/scenes/afgh_rock009_rock002.geom</containerEntry>
        </property>
        <property name="isVisibleGeom" type="Bool" container="StaticArray" arraySize="1">
          <containerEntry>false</containerEntry>
        </property>
        <property name="lodFarSize" type="Float" container="StaticArray" arraySize="1">
          <containerEntry>-1</containerEntry>
        </property>
        <property name="lodNearSize" type="Float" container="StaticArray" arraySize="1">
          <containerEntry>-1</containerEntry>
        </property>
        <property name="lodPolygonSize" type="Float" container="StaticArray" arraySize="1">
          <containerEntry>-1</containerEntry>
        </property>
        <property name="drawRejectionLevel" type="Int32" container="StaticArray" arraySize="1">
          <containerEntry>8</containerEntry>
        </property>
        <property name="drawMode" type="Int32" container="StaticArray" arraySize="1">
          <containerEntry>0</containerEntry>
        </property>
        <property name="rejectFarRangeShadowCast" type="Int32" container="StaticArray" arraySize="1">
          <containerEntry>2</containerEntry>
        </property>
        <property name="parentLocator" type="EntityLink" container="StaticArray" arraySize="1">
          <containerEntry packagePathHash="0xB8A0BF169F98" archivePathHash="0xB8A0BF169F98" nameInArchiveHash="0xB8A0BF169F98">0x0</containerEntry>
        </property>
        <property name="transforms" type="Matrix4" container="DynamicArray" arraySize="11">
          <containerEntry r11="-0.37375742" r12="-0.13388671" r13="0.9178039" r14="0" r21="0.013116326" r22="-0.9901794" r23="-0.13910404" r24="0" r31="0.92742527" r32="-0.039953973" r33="0.37185866" r34="0" r41="1414.2527" r42="294.43726" r43="2021.4392" r44="1"></containerEntry>
          <containerEntry r11="-0.9604373" r12="-0.18083811" r13="0.21173184" r14="0" r21="0.18337455" r22="-0.9829984" r23="-0.007763492" r24="0" r31="0.20953892" r32="0.03137005" r33="0.9772968" r34="0" r41="1427.4181" r42="297.6525" r43="2022.5897" r44="1"></containerEntry>
          <containerEntry r11="-0.9604373" r12="-0.18083811" r13="0.21173184" r14="0" r21="0.18337455" r22="-0.9829984" r23="-0.007763492" r24="0" r31="0.20953892" r32="0.03137005" r33="0.9772968" r34="0" r41="1428.2194" r42="299.26746" r43="1994.2695" r44="1"></containerEntry>
          <containerEntry r11="0.19692588" r12="-0.084121644" r13="0.9767979" r14="0" r21="0.3445284" r22="-0.9268194" r23="-0.14927402" r24="0" r31="0.9178838" r32="0.36593184" r33="-0.15352291" r34="0" r41="1427.4604" r42="299.46555" r43="1983.4088" r44="1"></containerEntry>
          <containerEntry r11="-0.93024766" r12="-0.36407682" r13="0.045367252" r14="0" r21="0.35999355" r22="-0.92961675" r23="-0.07866503" r24="0" r31="0.07081515" r32="-0.056847066" r33="0.99586827" r34="0" r41="1429.5878" r42="304.47458" r43="1979.5731" r44="1"></containerEntry>
          <containerEntry r11="-0.99497306" r12="-0.011814394" r13="0.099302605" r14="0" r21="0.0070124166" r22="-0.99878126" r23="-0.048567344" r24="0" r31="0.09975678" r32="-0.04762752" r33="0.9938713" r34="0" r41="1412.0084" r42="296.45346" r43="1976.2725" r44="1"></containerEntry>
          <containerEntry r11="-0.9949737" r12="-0.015847335" r13="0.09873998" r14="0" r21="0.0070132273" r22="-0.99597746" r23="-0.089180395" r24="0" r31="0.09975739" r32="-0.08804084" r33="0.991109" r34="0" r41="1412.0845" r42="296.64163" r43="1958.8508" r44="1"></containerEntry>
          <containerEntry r11="-0.99680215" r12="0.05134429" r13="0.060965445" r14="0" r21="-0.052134685" r22="-0.9985582" r23="-0.011444291" r24="0" r31="0.06029093" r32="-0.01458632" r33="0.9980743" r34="0" r41="1423.651" r42="299.19803" r43="1954.3945" r44="1"></containerEntry>
          <containerEntry r11="-0.980072" r12="0.07269551" r13="-0.18477675" r14="0" r21="-0.07538523" r22="-0.9971098" r23="0.0075635943" r24="0" r31="-0.18369582" r32="0.021342536" r33="0.98275125" r34="0" r41="1418.2198" r42="296.3979" r43="1940.442" r44="1"></containerEntry>
          <containerEntry r11="-0.7837413" r12="-0.38584322" r13="-0.48666856" r14="0" r21="0.3758425" r22="-0.9184774" r23="0.122927755" r24="0" r31="-0.49443272" r32="-0.086566895" r33="0.86489326" r34="0" r41="1437.45" r42="300.8247" r43="1928.2383" r44="1"></containerEntry>
          <containerEntry r11="-0.12444514" r12="0.001882717" r13="-0.9922169" r14="0" r21="-0.32815415" r22="-0.9437892" r23="0.039368972" r24="0" r31="-0.93638283" r32="0.3305019" r33="0.11808291" r34="0" r41="1410.6136" r42="298.73346" r43="1928.0829" r44="1"></containerEntry>
        </property>
        <property name="colors" type="UInt32" container="DynamicArray" arraySize="11">
          <containerEntry>4294967295</containerEntry>
          <containerEntry>4294967295</containerEntry>
          <containerEntry>4294967295</containerEntry>
          <containerEntry>4294967295</containerEntry>
          <containerEntry>4294967295</containerEntry>
          <containerEntry>4294967295</containerEntry>
          <containerEntry>4294967295</containerEntry>
          <containerEntry>4294967295</containerEntry>
          <containerEntry>4294967295</containerEntry>
          <containerEntry>4294967295</containerEntry>
          <containerEntry>4294967295</containerEntry>
        </property>
      </staticProperties>
      <dynamicProperties></dynamicProperties>
    </entity>
    <entity class="StaticModelArray" classVersion="4" classID="0xD0" addr="0x317D9F0" id="0x0">
      <staticProperties>
        <property name="name" type="String" container="StaticArray" arraySize="1">
          <containerEntry>StaticModelArray0005</containerEntry>
        </property>
        <property name="dataSet" type="EntityHandle" container="StaticArray" arraySize="1">
          <containerEntry>0x3352FC0</containerEntry>
        </property>
        <property name="modelFile" type="FilePtr" container="StaticArray" arraySize="1">
          <containerEntry>/Assets/tpp/environ/object/afghanistan/cliff/afgh_clff022/scenes/afgh_clff022_vrtn002.fmdl</containerEntry>
        </property>
        <property name="geomFile" type="FilePtr" container="StaticArray" arraySize="1">
          <containerEntry>/Assets/tpp/environ/object/afghanistan/cliff/afgh_clff022/scenes/afgh_clff022_vrtn002.geom</containerEntry>
        </property>
        <property name="isVisibleGeom" type="Bool" container="StaticArray" arraySize="1">
          <containerEntry>false</containerEntry>
        </property>
        <property name="lodFarSize" type="Float" container="StaticArray" arraySize="1">
          <containerEntry>-1</containerEntry>
        </property>
        <property name="lodNearSize" type="Float" container="StaticArray" arraySize="1">
          <containerEntry>-1</containerEntry>
        </property>
        <property name="lodPolygonSize" type="Float" container="StaticArray" arraySize="1">
          <containerEntry>-1</containerEntry>
        </property>
        <property name="drawRejectionLevel" type="Int32" container="StaticArray" arraySize="1">
          <containerEntry>8</containerEntry>
        </property>
        <property name="drawMode" type="Int32" container="StaticArray" arraySize="1">
          <containerEntry>0</containerEntry>
        </property>
        <property name="rejectFarRangeShadowCast" type="Int32" container="StaticArray" arraySize="1">
          <containerEntry>2</containerEntry>
        </property>
        <property name="parentLocator" type="EntityLink" container="StaticArray" arraySize="1">
          <containerEntry packagePathHash="0xB8A0BF169F98" archivePathHash="0xB8A0BF169F98" nameInArchiveHash="0xB8A0BF169F98">0x0</containerEntry>
        </property>
        <property name="transforms" type="Matrix4" container="DynamicArray" arraySize="5">
          <containerEntry r11="-0.2969898" r12="0" r13="0.95487624" r14="0" r21="0" r22="1" r23="0" r24="0" r31="-0.95487624" r32="0" r33="-0.2969898" r34="0" r41="1445.1083" r42="310.63324" r43="1938.8301" r44="1"></containerEntry>
          <containerEntry r11="0.9148004" r12="0.031823453" r13="0.40264514" r14="0" r21="-0.01998271" r22="0.9992364" r23="-0.0335753" r24="0" r31="-0.40340617" r32="0.022668729" r33="0.91473776" r34="0" r41="1475.4186" r42="328.00452" r43="2019.8318" r44="1"></containerEntry>
          <containerEntry r11="-0.22545157" r12="0" r13="1.2447429" r14="0" r21="0" r22="1.265" r23="0" r24="0" r31="-1.2447429" r32="0" r33="-0.22545157" r34="0" r41="1461.4982" r42="323.97128" r43="1972.4348" r44="1"></containerEntry>
          <containerEntry r11="0.16558102" r12="-0.010019055" r13="0.98614085" r14="0" r21="-0.030666325" r22="0.99941254" r23="0.015302903" r24="0" r31="-0.9857148" r32="-0.032775234" r33="0.16517654" r34="0" r41="1436.9086" r42="310.37054" r43="1966.2441" r44="1"></containerEntry>
          <containerEntry r11="0.96578705" r12="0" r13="0.2593285" r14="0" r21="0" r22="1" r23="0" r24="0" r31="-0.2593285" r32="0" r33="0.96578705" r34="0" r41="1502.2496" r42="332.1103" r43="2030.155" r44="1"></containerEntry>
        </property>
        <property name="colors" type="UInt32" container="DynamicArray" arraySize="5">
          <containerEntry>4294967295</containerEntry>
          <containerEntry>4294967295</containerEntry>
          <containerEntry>4294967295</containerEntry>
          <containerEntry>4294967295</containerEntry>
          <containerEntry>4294967295</containerEntry>
        </property>
      </staticProperties>
      <dynamicProperties></dynamicProperties>
    </entity>
    <entity class="StaticModelArray" classVersion="4" classID="0xD0" addr="0x317DBB0" id="0x0">
      <staticProperties>
        <property name="name" type="String" container="StaticArray" arraySize="1">
          <containerEntry>StaticModelArray0006</containerEntry>
        </property>
        <property name="dataSet" type="EntityHandle" container="StaticArray" arraySize="1">
          <containerEntry>0x3352FC0</containerEntry>
        </property>
        <property name="modelFile" type="FilePtr" container="StaticArray" arraySize="1">
          <containerEntry>/Assets/tpp/environ/object/afghanistan/cliff/afgh_clff022/scenes/afgh_clff022_vrtn004.fmdl</containerEntry>
        </property>
        <property name="geomFile" type="FilePtr" container="StaticArray" arraySize="1">
          <containerEntry>/Assets/tpp/environ/object/afghanistan/cliff/afgh_clff022/scenes/afgh_clff022_vrtn004.geom</containerEntry>
        </property>
        <property name="isVisibleGeom" type="Bool" container="StaticArray" arraySize="1">
          <containerEntry>false</containerEntry>
        </property>
        <property name="lodFarSize" type="Float" container="StaticArray" arraySize="1">
          <containerEntry>-1</containerEntry>
        </property>
        <property name="lodNearSize" type="Float" container="StaticArray" arraySize="1">
          <containerEntry>-1</containerEntry>
        </property>
        <property name="lodPolygonSize" type="Float" container="StaticArray" arraySize="1">
          <containerEntry>-1</containerEntry>
        </property>
        <property name="drawRejectionLevel" type="Int32" container="StaticArray" arraySize="1">
          <containerEntry>8</containerEntry>
        </property>
        <property name="drawMode" type="Int32" container="StaticArray" arraySize="1">
          <containerEntry>0</containerEntry>
        </property>
        <property name="rejectFarRangeShadowCast" type="Int32" container="StaticArray" arraySize="1">
          <containerEntry>2</containerEntry>
        </property>
        <property name="parentLocator" type="EntityLink" container="StaticArray" arraySize="1">
          <containerEntry packagePathHash="0xB8A0BF169F98" archivePathHash="0xB8A0BF169F98" nameInArchiveHash="0xB8A0BF169F98">0x0</containerEntry>
        </property>
        <property name="transforms" type="Matrix4" container="DynamicArray" arraySize="2">
          <containerEntry r11="0.21403547" r12="-0.006646362" r13="0.9768015" r14="0" r21="0.0264455" r22="0.9996497" r23="0.0010071667" r24="0" r31="-0.97646606" r32="0.025616493" r33="0.21413624" r34="0" r41="1442.7155" r42="311.35785" r43="2006.9564" r44="1"></containerEntry>
          <containerEntry r11="0.7366006" r12="-0.07576252" r13="0.67207044" r14="0" r21="0.07277007" r22="0.9968154" r23="0.032613788" r24="0" r31="-0.672401" r32="0.024883386" r33="0.739768" r34="0" r41="1459.5906" r42="313.9736" r43="2033.486" r44="1"></containerEntry>
        </property>
        <property name="colors" type="UInt32" container="DynamicArray" arraySize="2">
          <containerEntry>4294967295</containerEntry>
          <containerEntry>4294967295</containerEntry>
        </property>
      </staticProperties>
      <dynamicProperties></dynamicProperties>
    </entity>
    <entity class="StaticModelArray" classVersion="4" classID="0xD0" addr="0x3355F70" id="0x0">
      <staticProperties>
        <property name="name" type="String" container="StaticArray" arraySize="1">
          <containerEntry>StaticModelArray0007</containerEntry>
        </property>
        <property name="dataSet" type="EntityHandle" container="StaticArray" arraySize="1">
          <containerEntry>0x3352FC0</containerEntry>
        </property>
        <property name="modelFile" type="FilePtr" container="StaticArray" arraySize="1">
          <containerEntry>/Assets/tpp/environ/object/afghanistan/cliff/afgh_clff013/scenes/afgh_clff013.fmdl</containerEntry>
        </property>
        <property name="geomFile" type="FilePtr" container="StaticArray" arraySize="1">
          <containerEntry>/Assets/tpp/environ/object/afghanistan/cliff/afgh_clff013/scenes/afgh_clff013.geom</containerEntry>
        </property>
        <property name="isVisibleGeom" type="Bool" container="StaticArray" arraySize="1">
          <containerEntry>false</containerEntry>
        </property>
        <property name="lodFarSize" type="Float" container="StaticArray" arraySize="1">
          <containerEntry>-1</containerEntry>
        </property>
        <property name="lodNearSize" type="Float" container="StaticArray" arraySize="1">
          <containerEntry>-1</containerEntry>
        </property>
        <property name="lodPolygonSize" type="Float" container="StaticArray" arraySize="1">
          <containerEntry>-1</containerEntry>
        </property>
        <property name="drawRejectionLevel" type="Int32" container="StaticArray" arraySize="1">
          <containerEntry>8</containerEntry>
        </property>
        <property name="drawMode" type="Int32" container="StaticArray" arraySize="1">
          <containerEntry>0</containerEntry>
        </property>
        <property name="rejectFarRangeShadowCast" type="Int32" container="StaticArray" arraySize="1">
          <containerEntry>2</containerEntry>
        </property>
        <property name="parentLocator" type="EntityLink" container="StaticArray" arraySize="1">
          <containerEntry packagePathHash="0xB8A0BF169F98" archivePathHash="0xB8A0BF169F98" nameInArchiveHash="0xB8A0BF169F98">0x0</containerEntry>
        </property>
        <property name="transforms" type="Matrix4" container="DynamicArray" arraySize="2">
          <containerEntry r11="0.097232595" r12="1.8574297e-05" r13="0.9952596" r14="0" r21="-0.010270882" r22="0.9999468" r23="0.0009847358" r24="0" r31="-0.99520653" r32="-0.0103179645" r33="0.09722763" r34="0" r41="1433.5756" r42="299.79944" r43="1983.868" r44="1"></containerEntry>
          <containerEntry r11="0.9345453" r12="0.009249183" r13="0.35572362" r14="0" r21="-0.010271286" r22="0.9999468" r23="0.000984719" r24="0" r31="-0.35569555" r32="-0.0045740115" r33="0.9345905" r34="0" r41="1491.083" r42="320.3139" r43="2036.5662" r44="1"></containerEntry>
        </property>
        <property name="colors" type="UInt32" container="DynamicArray" arraySize="2">
          <containerEntry>4294967295</containerEntry>
          <containerEntry>4294967295</containerEntry>
        </property>
      </staticProperties>
      <dynamicProperties></dynamicProperties>
    </entity>
    <entity class="StaticModelArray" classVersion="4" classID="0xD0" addr="0x317D980" id="0x0">
      <staticProperties>
        <property name="name" type="String" container="StaticArray" arraySize="1">
          <containerEntry>StaticModelArray0008</containerEntry>
        </property>
        <property name="dataSet" type="EntityHandle" container="StaticArray" arraySize="1">
          <containerEntry>0x3352FC0</containerEntry>
        </property>
        <property name="modelFile" type="FilePtr" container="StaticArray" arraySize="1">
          <containerEntry>/Assets/tpp/environ/object/afghanistan/rock/afgh_rock001/scenes/afgh_rock001.fmdl</containerEntry>
        </property>
        <property name="geomFile" type="FilePtr" container="StaticArray" arraySize="1">
          <containerEntry>/Assets/tpp/environ/object/afghanistan/rock/afgh_rock001/scenes/afgh_rock001.geom</containerEntry>
        </property>
        <property name="isVisibleGeom" type="Bool" container="StaticArray" arraySize="1">
          <containerEntry>false</containerEntry>
        </property>
        <property name="lodFarSize" type="Float" container="StaticArray" arraySize="1">
          <containerEntry>-1</containerEntry>
        </property>
        <property name="lodNearSize" type="Float" container="StaticArray" arraySize="1">
          <containerEntry>-1</containerEntry>
        </property>
        <property name="lodPolygonSize" type="Float" container="StaticArray" arraySize="1">
          <containerEntry>-1</containerEntry>
        </property>
        <property name="drawRejectionLevel" type="Int32" container="StaticArray" arraySize="1">
          <containerEntry>8</containerEntry>
        </property>
        <property name="drawMode" type="Int32" container="StaticArray" arraySize="1">
          <containerEntry>0</containerEntry>
        </property>
        <property name="rejectFarRangeShadowCast" type="Int32" container="StaticArray" arraySize="1">
          <containerEntry>2</containerEntry>
        </property>
        <property name="parentLocator" type="EntityLink" container="StaticArray" arraySize="1">
          <containerEntry packagePathHash="0xB8A0BF169F98" archivePathHash="0xB8A0BF169F98" nameInArchiveHash="0xB8A0BF169F98">0x0</containerEntry>
        </property>
        <property name="transforms" type="Matrix4" container="DynamicArray" arraySize="24">
          <containerEntry r11="-0.91009384" r12="0.25342956" r13="0.32785657" r14="0" r21="-0.3020502" r22="-0.9473553" r23="-0.10616337" r24="0" r31="0.28369376" r32="-0.19564877" r33="0.9387433" r34="0" r41="1415.4641" r42="297.29822" r43="1953.2343" r44="1"></containerEntry>
          <containerEntry r11="-0.91780764" r12="-0.1263883" r13="0.37635252" r14="0" r21="0.15854369" r22="-0.9857784" r23="0.055591155" r24="0" r31="0.3639768" r32="0.11069091" r33="0.92480695" r34="0" r41="1437.7524" r42="300.42593" r43="1926.5736" r44="1"></containerEntry>
          <containerEntry r11="-0.86857915" r12="-0.2069703" r13="0.45024225" r14="0" r21="-0.40224883" r22="0.82511896" r23="-0.39670277" r24="0" r31="-0.2893971" r32="-0.52568096" r33="-0.79993373" r34="0" r41="1423.3656" r42="296.14978" r43="1931.1858" r44="1"></containerEntry>
          <containerEntry r11="0.2863831" r12="0.40661994" r13="0.8675462" r14="0" r21="0.41360554" r22="-0.8692155" r23="0.27087387" r24="0" r31="0.86423767" r32="0.28125152" r33="-0.41710192" r34="0" r41="1437.4182" r42="301.4851" r43="1932.065" r44="1"></containerEntry>
          <containerEntry r11="-0.84085345" r12="0.0033751205" r13="0.54123825" r14="0" r21="-0.19621897" r22="0.93005335" r23="-0.31064183" r24="0" r31="-0.5044287" r32="-0.36740828" r33="-0.78137577" r34="0" r41="1427.6746" r42="300.82416" r43="1949.8876" r44="1"></containerEntry>
          <containerEntry r11="-0.3240704" r12="-0.94529366" r13="-0.03728044" r14="0" r21="0.26161504" r22="-0.12741706" r23="0.9567212" r24="0" r31="-0.90913564" r32="0.30029586" r33="0.28860068" r34="0" r41="1425.325" r42="299.7082" r43="1961.7374" r44="1"></containerEntry>
