<fox formatVersion="2" fileVersion="0">
  <entities>
    <entity class="DataSet" classVersion="0" classID="0xE8" addr="0x2EF20E0" id="0x36CF97">
      <staticProperties>
        <property name="name" type="String" container="StaticArray" arraySize="1">
          <containerEntry hash="0xB8A0BF169F98"></containerEntry>
        </property>
        <property name="dataSet" type="EntityHandle" container="StaticArray" arraySize="1">
          <containerEntry>0x0</containerEntry>
        </property>
        <property name="dataList" type="EntityPtr" container="StringMap" arraySize="9">
          <containerEntry key="mafr_grss021_0004">
            <data>0x2D79E00</data>
          </containerEntry>
          <containerEntry key="StaticModelArray0000">
            <data>0x2D7DC20</data>
          </containerEntry>
          <containerEntry key="StaticModelArray0001">
            <data>0x2D7DC90</data>
          </containerEntry>
          <containerEntry key="StaticModelArray0002">
            <data>0x2D7DB40</data>
          </containerEntry>
          <containerEntry key="StaticModelArray0003">
            <data>0x2D7D600</data>
          </containerEntry>
          <containerEntry key="StaticModelArray0004">
            <data>0x2D762F0</data>
          </containerEntry>
          <containerEntry key="StaticModelArray0005">
            <data>0x2D7D4B0</data>
          </containerEntry>
          <containerEntry key="StaticModelArray0006">
            <data>0x2D7D670</data>
          </containerEntry>
          <containerEntry key="TexturePackLoadConditioner0000">
            <data>0x2D7E2B0</data>
          </containerEntry>
        </property>
      </staticProperties>
      <dynamicProperties></dynamicProperties>
    </entity>
    <entity class="StaticModel" classVersion="9" classID="0x160" addr="0x2D79E00" id="0x36D191">
      <staticProperties>
        <property name="name" type="String" container="StaticArray" arraySize="1">
          <containerEntry>mafr_grss021_0004</containerEntry>
        </property>
        <property name="dataSet" type="EntityHandle" container="StaticArray" arraySize="1">
          <containerEntry>0x2EF20E0</containerEntry>
        </property>
        <property name="parent" type="EntityHandle" container="StaticArray" arraySize="1">
          <containerEntry>0x0</containerEntry>
        </property>
        <property name="transform" type="EntityPtr" container="StaticArray" arraySize="1">
          <containerEntry>0x2D79E70</containerEntry>
        </property>
        <property name="shearTransform" type="EntityPtr" container="StaticArray" arraySize="1">
          <containerEntry>0x0</containerEntry>
        </property>
        <property name="pivotTransform" type="EntityPtr" container="StaticArray" arraySize="1">
          <containerEntry>0x0</containerEntry>
        </property>
        <property name="children" type="EntityHandle" container="List"></property>
        <property name="flags" type="UInt32" container="StaticArray" arraySize="1">
          <containerEntry>7</containerEntry>
        </property>
        <property name="modelFile" type="FilePtr" container="StaticArray" arraySize="1">
          <containerEntry>/Assets/tpp/environ/object/middle_africa/grass/mafr_grss021/scenes/mafr_grss021.fmdl</containerEntry>
        </property>
        <property name="geomFile" type="FilePtr" container="StaticArray" arraySize="1">
          <containerEntry>/Assets/tpp/environ/object/middle_africa/grass/mafr_grss021/scenes/mafr_grss021.geom</containerEntry>
        </property>
        <property name="isVisibleGeom" type="Bool" container="StaticArray" arraySize="1">
          <containerEntry>false</containerEntry>
        </property>
        <property name="isIsolated" type="Bool" container="StaticArray" arraySize="1">
          <containerEntry>false</containerEntry>
        </property>
        <property name="lodFarSize" type="Float" container="StaticArray" arraySize="1">
          <containerEntry>-1</containerEntry>
        </property>
        <property name="lodNearSize" type="Float" container="StaticArray" arraySize="1">
          <containerEntry>-1</containerEntry>
        </property>
        <property name="lodPolygonSize" type="Float" container="StaticArray" arraySize="1">
          <containerEntry>-1</containerEntry>
        </property>
        <property name="color" type="Color" container="StaticArray" arraySize="1">
          <containerEntry r="1" g="1" b="1" a="1"></containerEntry>
        </property>
        <property name="drawRejectionLevel" type="Int32" container="StaticArray" arraySize="1">
          <containerEntry>8</containerEntry>
        </property>
        <property name="drawMode" type="Int32" container="StaticArray" arraySize="1">
          <containerEntry>0</containerEntry>
        </property>
        <property name="rejectFarRangeShadowCast" type="Int32" container="StaticArray" arraySize="1">
          <containerEntry>2</containerEntry>
        </property>
      </staticProperties>
      <dynamicProperties></dynamicProperties>
    </entity>
    <entity class="TransformEntity" classVersion="0" classID="0x50" addr="0x2D79E70" id="0x36D194">
      <staticProperties>
        <property name="owner" type="EntityHandle" container="StaticArray" arraySize="1">
          <containerEntry>0x2D79E00</containerEntry>
        </property>
        <property name="transform_scale" type="Vector3" container="StaticArray" arraySize="1">
          <containerEntry x="0.8" y="0.8" z="0.8" w="0"></containerEntry>
        </property>
        <property name="transform_rotation_quat" type="Quat" container="StaticArray" arraySize="1">
          <containerEntry x="0.162794" y="-0.735081" z="0.194584" w="0.628721"></containerEntry>
        </property>
        <property name="transform_translation" type="Vector3" container="StaticArray" arraySize="1">
          <containerEntry x="2612.8704" y="86.88159" z="-1491.1339" w="0"></containerEntry>
        </property>
      </staticProperties>
      <dynamicProperties></dynamicProperties>
    </entity>
    <entity class="StaticModelArray" classVersion="4" classID="0xD0" addr="0x2D7DC20" id="0x0">
      <staticProperties>
        <property name="name" type="String" container="StaticArray" arraySize="1">
          <containerEntry>StaticModelArray0000</containerEntry>
        </property>
        <property name="dataSet" type="EntityHandle" container="StaticArray" arraySize="1">
          <containerEntry>0x2EF20E0</containerEntry>
        </property>
        <property name="modelFile" type="FilePtr" container="StaticArray" arraySize="1">
          <containerEntry>/Assets/tpp/environ/object/middle_africa/cliff/mafr_clff003/scenes/mafr_clff003.fmdl</containerEntry>
        </property>
        <property name="geomFile" type="FilePtr" container="StaticArray" arraySize="1">
          <containerEntry>/Assets/tpp/environ/object/middle_africa/cliff/mafr_clff003/scenes/mafr_clff003.geom</containerEntry>
        </property>
        <property name="isVisibleGeom" type="Bool" container="StaticArray" arraySize="1">
          <containerEntry>false</containerEntry>
        </property>
        <property name="lodFarSize" type="Float" container="StaticArray" arraySize="1">
          <containerEntry>-1</containerEntry>
        </property>
        <property name="lodNearSize" type="Float" container="StaticArray" arraySize="1">
          <containerEntry>-1</containerEntry>
        </property>
        <property name="lodPolygonSize" type="Float" container="StaticArray" arraySize="1">
          <containerEntry>-1</containerEntry>
        </property>
        <property name="drawRejectionLevel" type="Int32" container="StaticArray" arraySize="1">
          <containerEntry>8</containerEntry>
        </property>
        <property name="drawMode" type="Int32" container="StaticArray" arraySize="1">
          <containerEntry>0</containerEntry>
        </property>
        <property name="rejectFarRangeShadowCast" type="Int32" container="StaticArray" arraySize="1">
          <containerEntry>2</containerEntry>
        </property>
        <property name="parentLocator" type="EntityLink" container="StaticArray" arraySize="1">
          <containerEntry packagePathHash="0xB8A0BF169F98" archivePathHash="0xB8A0BF169F98" nameInArchiveHash="0xB8A0BF169F98">0x0</containerEntry>
        </property>
        <property name="transforms" type="Matrix4" container="DynamicArray" arraySize="4">
          <containerEntry r11="-0.5756142" r12="0" r13="0.8177196" r14="0" r21="0" r22="1" r23="0" r24="0" r31="-0.8177196" r32="0" r33="-0.5756142" r34="0" r41="2639.957" r42="90.10593" r43="-1506.3551" r44="1"></containerEntry>
          <containerEntry r11="0.121145725" r12="0" r13="0.9926332" r14="0" r21="0" r22="1" r23="0" r24="0" r31="-0.9926332" r32="0" r33="0.121145725" r34="0" r41="2633.0872" r42="89.91355" r43="-1468.8611" r44="1"></containerEntry>
          <containerEntry r11="-0.369506" r12="0" r13="0.9292256" r14="0" r21="0" r22="1" r23="0" r24="0" r31="-0.9292256" r32="0" r33="-0.369506" r34="0" r41="2619.2388" r42="90.08053" r43="-1422.7156" r44="1"></containerEntry>
          <containerEntry r11="-0.95951486" r12="0" r13="0.28163943" r14="0" r21="0" r22="1" r23="0" r24="0" r31="-0.28163943" r32="0" r33="-0.95951486" r34="0" r41="2591.4158" r42="86.43145" r43="-1414.3477" r44="1"></containerEntry>
        </property>
        <property name="colors" type="UInt32" container="DynamicArray" arraySize="4">
          <containerEntry>4294967295</containerEntry>
          <containerEntry>4294967295</containerEntry>
          <containerEntry>4294967295</containerEntry>
          <containerEntry>4294967295</containerEntry>
        </property>
      </staticProperties>
      <dynamicProperties></dynamicProperties>
    </entity>
    <entity class="StaticModelArray" classVersion="4" classID="0xD0" addr="0x2D7DC90" id="0x0">
      <staticProperties>
        <property name="name" type="String" container="StaticArray" arraySize="1">
          <containerEntry>StaticModelArray0001</containerEntry>
        </property>
        <property name="dataSet" type="EntityHandle" container="StaticArray" arraySize="1">
          <containerEntry>0x2EF20E0</containerEntry>
        </property>
        <property name="modelFile" type="FilePtr" container="StaticArray" arraySize="1">
          <containerEntry>/Assets/tpp/environ/object/middle_africa/rock/mafr_rock007/scenes/mafr_rock007.fmdl</containerEntry>
        </property>
        <property name="geomFile" type="FilePtr" container="StaticArray" arraySize="1">
          <containerEntry>/Assets/tpp/environ/object/middle_africa/rock/mafr_rock007/scenes/mafr_rock007.geom</containerEntry>
        </property>
        <property name="isVisibleGeom" type="Bool" container="StaticArray" arraySize="1">
          <containerEntry>false</containerEntry>
        </property>
        <property name="lodFarSize" type="Float" container="StaticArray" arraySize="1">
          <containerEntry>-1</containerEntry>
        </property>
        <property name="lodNearSize" type="Float" container="StaticArray" arraySize="1">
          <containerEntry>-1</containerEntry>
        </property>
        <property name="lodPolygonSize" type="Float" container="StaticArray" arraySize="1">
          <containerEntry>-1</containerEntry>
        </property>
        <property name="drawRejectionLevel" type="Int32" container="StaticArray" arraySize="1">
          <containerEntry>8</containerEntry>
        </property>
        <property name="drawMode" type="Int32" container="StaticArray" arraySize="1">
          <containerEntry>0</containerEntry>
        </property>
        <property name="rejectFarRangeShadowCast" type="Int32" container="StaticArray" arraySize="1">
          <containerEntry>2</containerEntry>
        </property>
        <property name="parentLocator" type="EntityLink" container="StaticArray" arraySize="1">
          <containerEntry packagePathHash="0xB8A0BF169F98" archivePathHash="0xB8A0BF169F98" nameInArchiveHash="0xB8A0BF169F98">0x0</containerEntry>
        </property>
        <property name="transforms" type="Matrix4" container="DynamicArray" arraySize="27">
          <containerEntry r11="0.8930493" r12="-0.17864475" r13="-0.41297573" r14="0" r21="-0.11312467" r22="0.79918736" r23="-0.5903408" r24="0" r31="0.43550628" r32="0.57392114" r33="0.6935046" r34="0" r41="2581.2312" r42="69.25818" r43="-1518.8156" r44="1"></containerEntry>
          <containerEntry r11="0.92122257" r12="0.027002146" r13="-0.38809755" r14="0" r21="-0.029600704" r22="0.99956155" r23="-0.0007176739" r24="0" r31="0.387908" r32="0.012149105" r33="0.921618" r34="0" r41="2584.48" r42="69.7183" r43="-1528.6279" r44="1"></containerEntry>
          <containerEntry r11="0.1348088" r12="0.06898055" r13="-0.98846674" r14="0" r21="0.20916685" r22="0.97311324" r23="0.09643535" r24="0" r31="0.9685422" r32="-0.21975495" r33="0.11675578" r34="0" r41="2586.4229" r42="70.034904" r43="-1531.4313" r44="1"></containerEntry>
          <containerEntry r11="0.16920246" r12="0.0043024803" r13="-0.9855717" r14="0" r21="-0.029599793" r22="0.99956155" r23="-0.0007181158" r24="0" r31="0.98513645" r32="0.029294234" r33="0.16925561" r34="0" r41="2573.6873" r42="69.84032" r43="-1521.1536" r44="1"></containerEntry>
          <containerEntry r11="0.9407706" r12="0.028102035" r13="0.3378771" r14="0" r21="-0.029599952" r22="0.99956155" r23="-0.00071904156" r24="0" r31="-0.33774918" r32="-0.009324692" r33="0.94119" r34="0" r41="2570.9163" r42="70.01151" r43="-1519.2867" r44="1"></containerEntry>
          <containerEntry r11="0.7638556" r12="0.022155898" r13="-0.64500713" r14="0" r21="-0.029599508" r22="0.99956155" r23="-0.0007187128" r24="0" r31="0.6447084" r32="0.019640867" r33="0.7641765" r34="0" r41="2564.4194" r42="69.71554" r43="-1504.2097" r44="1"></containerEntry>
          <containerEntry r11="-0.033574976" r12="0.23854116" r13="0.9705527" r14="0" r21="-0.41108164" r22="0.88185525" r23="-0.23096187" r24="0" r31="-0.91098094" r32="-0.4067304" r33="0.068451464" r34="0" r41="2562.6724" r42="69.71554" r43="-1502.0933" r44="1"></containerEntry>
          <containerEntry r11="0.7476643" r12="0.15566434" r13="0.6455742" r14="0" r21="-0.16512798" r22="0.9851842" r23="-0.04631189" r24="0" r31="-0.64321864" r32="-0.071976766" r33="0.76229167" r34="0" r41="2562.3647" r42="71.07972" r43="-1512.8627" r44="1"></containerEntry>
          <containerEntry r11="-0.82224953" r12="0.302502" r13="0.48206094" r14="0" r21="0.11718589" r22="0.9188814" r23="-0.37672758" r24="0" r31="-0.556918" r32="-0.253276" r33="-0.79099834" r34="0" r41="2589.8037" r42="69.42774" r43="-1439.8273" r44="1"></containerEntry>
          <containerEntry r11="0.51693755" r12="-0.14565566" r13="0.84354025" r14="0" r21="-0.08568039" r22="0.9716651" r23="0.22028582" r24="0" r31="-0.85172445" r32="-0.18614887" r33="0.48981032" r34="0" r41="2597.5703" r42="70.85221" r43="-1477.087" r44="1"></containerEntry>
          <containerEntry r11="0.21617983" r12="-0.48606756" r13="0.8467574" r14="0" r21="-0.436842" r22="0.72746587" r23="0.5291127" r24="0" r31="-0.8731717" r32="-0.4842825" r33="-0.055071294" r34="0" r41="2582.0269" r42="68.858185" r43="-1438.389" r44="1"></containerEntry>
          <containerEntry r11="0.06379454" r12="0.55566186" r13="-1.1178812" r14="0" r21="0.32679814" r22="1.0728775" r23="0.55193764" r24="0" r31="1.2048326" r32="-0.32042477" r33="-0.09051636" r34="0" r41="2573.8643" r42="68.44546" r43="-1442.5988" r44="1"></containerEntry>
          <containerEntry r11="0.88579214" r12="0.0818889" r13="-0.8781588" r14="0" r21="0.5245864" r22="0.9515939" r23="0.61787975" r24="0" r31="0.70899785" r32="-0.8063873" r33="0.63996553" r34="0" r41="2565.1223" r42="68.54536" r43="-1437.5482" r44="1"></containerEntry>
          <containerEntry r11="0.31660867" r12="-0.40816253" r13="0.85624653" r14="0" r21="0.13592035" r22="0.9128925" r23="0.38490567" r24="0" r31="-0.93876535" r32="-0.005481988" r33="0.34450763" r34="0" r41="2560.3057" r42="68.60125" r43="-1431.3147" r44="1"></containerEntry>
          <containerEntry r11="-0.22516438" r12="0.45884115" r13="-0.8595083" r14="0" r21="0.3124308" r22="0.8695857" r23="0.38236958" r24="0" r31="0.92286325" r32="-0.18243991" r33="-0.33915573" r34="0" r41="2590.441" r42="69.22012" r43="-1442.4421" r44="1"></containerEntry>
          <containerEntry r11="-1.148468" r12="0.15984274" r13="0.4668428" r14="0" r21="0.16794842" r22="1.2386178" r23="-0.0109216245" r24="0" r31="-0.46398842" r32="0.0526901" r33="-1.1594865" r34="0" r41="2601.473" r42="71.74127" r43="-1453.0504" r44="1"></containerEntry>
          <containerEntry r11="1" r12="0" r13="0" r14="0" r21="0" r22="1" r23="0" r24="0" r31="0" r32="0" r33="1" r34="0" r41="2591.0967" r42="68.974594" r43="-1526.8604" r44="1"></containerEntry>
          <containerEntry r11="0.5085868" r12="0" r13="-0.86101" r14="0" r21="0" r22="1" r23="0" r24="0" r31="0.86101" r32="0" r33="0.5085868" r34="0" r41="2577.0403" r42="68.974594" r43="-1509.9221" r44="1"></containerEntry>
          <containerEntry r11="0.1348088" r12="0.06898055" r13="-0.98846674" r14="0" r21="0.20916685" r22="0.97311324" r23="0.09643535" r24="0" r31="0.9685422" r32="-0.21975495" r33="0.11675578" r34="0" r41="2575.836" r42="68.8217" r43="-1480.0353" r44="1"></containerEntry>
          <containerEntry r11="0.92122257" r12="0.027002146" r13="-0.38809755" r14="0" r21="-0.029600704" r22="0.99956155" r23="-0.0007176739" r24="0" r31="0.387908" r32="0.012149105" r33="0.921618" r34="0" r41="2573.893" r42="68.72215" r43="-1477.6572" r44="1"></containerEntry>
          <containerEntry r11="1" r12="0" r13="0" r14="0" r21="0" r22="1" r23="0" r24="0" r31="0" r32="0" r33="1" r34="0" r41="2585.8015" r42="68.974594" r43="-1482.0012" r44="1"></containerEntry>
          <containerEntry r11="0.5085868" r12="0" r13="-0.86101" r14="0" r21="0" r22="1" r23="0" r24="0" r31="0.86101" r32="0" r33="0.5085868" r34="0" r41="2569.7634" r42="68.88241" r43="-1450.3372" r44="1"></containerEntry>
          <containerEntry r11="0.9407706" r12="0.028102035" r13="0.3378771" r14="0" r21="-0.029599952" r22="0.99956155" r23="-0.00071904156" r24="0" r31="-0.33774918" r32="-0.009324692" r33="0.94119" r34="0" r41="2565.0273" r42="69.237045" r43="-1456.6282" r44="1"></containerEntry>
          <containerEntry r11="0.16920246" r12="0.0043024803" r13="-0.9855717" r14="0" r21="-0.029599793" r22="0.99956155" r23="-0.0007181158" r24="0" r31="0.98513645" r32="0.029294234" r33="0.16925561" r34="0" r41="2567.7983" r42="69.06585" r43="-1458.495" r44="1"></containerEntry>
          <containerEntry r11="1" r12="0" r13="0" r14="0" r21="0" r22="1" r23="0" r24="0" r31="0" r32="0" r33="1" r34="0" r41="2621.3481" r42="68.75107" r43="-1526.8604" r44="1"></containerEntry>
          <containerEntry r11="1" r12="0" r13="0" r14="0" r21="0" r22="1" r23="0" r24="0" r31="0" r32="0" r33="1" r34="0" r41="2602.548" r42="68.394135" r43="-1507.3351" r44="1"></containerEntry>
          <containerEntry r11="0.1348088" r12="0.06898055" r13="-0.98846674" r14="0" r21="0.20916685" r22="0.97311324" r23="0.09643535" r24="0" r31="0.9685422" r32="-0.21975495" r33="0.11675578" r34="0" r41="2605.8408" r42="68.422485" r43="-1515.9062" r44="1"></containerEntry>
        </property>
        <property name="colors" type="UInt32" container="DynamicArray" arraySize="27">
          <containerEntry>4294967295</containerEntry>
          <containerEntry>4294967295</containerEntry>
          <containerEntry>4294967295</containerEntry>
          <containerEntry>4294967295</containerEntry>
          <containerEntry>4294967295</containerEntry>
          <containerEntry>4294967295</containerEntry>
          <containerEntry>4294967295</containerEntry>
          <containerEntry>4294967295</containerEntry>
          <containerEntry>4294967295</containerEntry>
          <containerEntry>4294967295</containerEntry>
          <containerEntry>4294967295</containerEntry>
          <containerEntry>4294967295</containerEntry>
          <containerEntry>4294967295</containerEntry>
          <containerEntry>4294967295</containerEntry>
          <containerEntry>4294967295</containerEntry>
          <containerEntry>4294967295</containerEntry>
          <containerEntry>4294967295</containerEntry>
          <containerEntry>4294967295</containerEntry>
          <containerEntry>4294967295</containerEntry>
          <containerEntry>4294967295</containerEntry>
          <containerEntry>4294967295</containerEntry>
          <containerEntry>4294967295</containerEntry>
          <containerEntry>4294967295</containerEntry>
          <containerEntry>4294967295</containerEntry>
          <containerEntry>4294967295</containerEntry>
          <containerEntry>4294967295</containerEntry>
          <containerEntry>4294967295</containerEntry>
        </property>
      </staticProperties>
      <dynamicProperties></dynamicProperties>
    </entity>
    <entity class="StaticModelArray" classVersion="4" classID="0xD0" addr="0x2D7DB40" id="0x0">
      <staticProperties>
        <property name="name" type="String" container="StaticArray" arraySize="1">
          <containerEntry>StaticModelArray0002</containerEntry>
        </property>
        <property name="dataSet" type="EntityHandle" container="StaticArray" arraySize="1">
          <containerEntry>0x2EF20E0</containerEntry>
        </property>
        <property name="modelFile" type="FilePtr" container="StaticArray" arraySize="1">
          <containerEntry>/Assets/tpp/environ/object/middle_africa/rock/mafr_rock010/scenes/mafr_rock010.fmdl</containerEntry>
        </property>
        <property name="geomFile" type="FilePtr" container="StaticArray" arraySize="1">
          <containerEntry>/Assets/tpp/environ/object/middle_africa/rock/mafr_rock010/scenes/mafr_rock010.geom</containerEntry>
        </property>
        <property name="isVisibleGeom" type="Bool" container="StaticArray" arraySize="1">
          <containerEntry>false</containerEntry>
        </property>
        <property name="lodFarSize" type="Float" container="StaticArray" arraySize="1">
          <containerEntry>-1</containerEntry>
        </property>
        <property name="lodNearSize" type="Float" container="StaticArray" arraySize="1">
          <containerEntry>-1</containerEntry>
        </property>
        <property name="lodPolygonSize" type="Float" container="StaticArray" arraySize="1">
          <containerEntry>-1</containerEntry>
        </property>
        <property name="drawRejectionLevel" type="Int32" container="StaticArray" arraySize="1">
          <containerEntry>8</containerEntry>
        </property>
        <property name="drawMode" type="Int32" container="StaticArray" arraySize="1">
          <containerEntry>0</containerEntry>
        </property>
        <property name="rejectFarRangeShadowCast" type="Int32" container="StaticArray" arraySize="1">
          <containerEntry>2</containerEntry>
        </property>
        <property name="parentLocator" type="EntityLink" container="StaticArray" arraySize="1">
          <containerEntry packagePathHash="0xB8A0BF169F98" archivePathHash="0xB8A0BF169F98" nameInArchiveHash="0xB8A0BF169F98">0x0</containerEntry>
        </property>
        <property name="transforms" type="Matrix4" container="DynamicArray" arraySize="3">
          <containerEntry r11="-1.4328675" r12="0.012822325" r13="1.734713" r14="0" r21="-0.0988383" r22="2.2456803" r23="-0.09823931" r24="0" r31="-1.7319424" r32="-0.1387644" r33="-1.4295534" r34="0" r41="2642.5833" r42="88.16346" r43="-1472.699" r44="1"></containerEntry>
          <containerEntry r11="-1.0335251" r12="-0.24705619" r13="-1.9832478" r14="0" r21="0.4166347" r22="2.157055" r23="-0.4858277" r24="0" r31="1.9546672" r32="-0.5904035" r33="-0.9450836" r34="0" r41="2641.8154" r42="88.14981" r43="-1497.6453" r44="1"></containerEntry>
          <containerEntry r11="1.6328357" r12="0.089249834" r13="-1.5454257" r14="0" r21="0.031082857" r22="2.2439132" r23="0.16242906" r24="0" r31="1.5476892" r32="-0.13922511" r33="1.6271869" r34="0" r41="2647.0725" r42="86.71278" r43="-1519.5481" r44="1"></containerEntry>
        </property>
        <property name="colors" type="UInt32" container="DynamicArray" arraySize="3">
          <containerEntry>4294967295</containerEntry>
          <containerEntry>4294967295</containerEntry>
          <containerEntry>4294967295</containerEntry>
        </property>
      </staticProperties>
      <dynamicProperties></dynamicProperties>
    </entity>
    <entity class="StaticModelArray" classVersion="4" classID="0xD0" addr="0x2D7D600" id="0x0">
      <staticProperties>
        <property name="name" type="String" container="StaticArray" arraySize="1">
          <containerEntry>StaticModelArray0003</containerEntry>
        </property>
        <property name="dataSet" type="EntityHandle" container="StaticArray" arraySize="1">
          <containerEntry>0x2EF20E0</containerEntry>
        </property>
        <property name="modelFile" type="FilePtr" container="StaticArray" arraySize="1">
          <containerEntry>/Assets/tpp/environ/object/middle_africa/rock/mafr_rock011/scenes/mafr_rock011.fmdl</containerEntry>
        </property>
        <property name="geomFile" type="FilePtr" container="StaticArray" arraySize="1">
          <containerEntry>/Assets/tpp/environ/object/middle_africa/rock/mafr_rock011/scenes/mafr_rock011.geom</containerEntry>
        </property>
        <property name="isVisibleGeom" type="Bool" container="StaticArray" arraySize="1">
          <containerEntry>false</containerEntry>
        </property>
        <property name="lodFarSize" type="Float" container="StaticArray" arraySize="1">
          <containerEntry>-1</containerEntry>
        </property>
        <property name="lodNearSize" type="Float" container="StaticArray" arraySize="1">
          <containerEntry>-1</containerEntry>
        </property>
        <property name="lodPolygonSize" type="Float" container="StaticArray" arraySize="1">
          <containerEntry>-1</containerEntry>
        </property>
        <property name="drawRejectionLevel" type="Int32" container="StaticArray" arraySize="1">
          <containerEntry>8</containerEntry>
        </property>
        <property name="drawMode" type="Int32" container="StaticArray" arraySize="1">
          <containerEntry>0</containerEntry>
        </property>
        <property name="rejectFarRangeShadowCast" type="Int32" container="StaticArray" arraySize="1">
          <containerEntry>2</containerEntry>
        </property>
        <property name="parentLocator" type="EntityLink" container="StaticArray" arraySize="1">
          <containerEntry packagePathHash="0xB8A0BF169F98" archivePathHash="0xB8A0BF169F98" nameInArchiveHash="0xB8A0BF169F98">0x0</containerEntry>
        </property>
        <property name="transforms" type="Matrix4" container="DynamicArray" arraySize="8">
          <containerEntry r11="-0.69384587" r12="-0.01200427" r13="0.7200171" r14="0" r21="-0.33662665" r22="0.88929886" r23="-0.3095643" r24="0" r31="-0.63659436" r32="-0.4571667" r33="-0.62107736" r34="0" r41="2565.0312" r42="67.08214" r43="-1504.0105" r44="1"></containerEntry>
          <containerEntry r11="0.17094333" r12="0.0779778" r13="0.9821877" r14="0" r21="-0.44969726" r22="0.8931507" r23="0.0073576123" r24="0" r31="-0.8766695" r32="-0.44294602" r33="0.18774503" r34="0" r41="2567.5283" r42="67.19765" r43="-1512.7297" r44="1"></containerEntry>
          <containerEntry r11="0.9055395" r12="0.019867672" r13="0.42378467" r14="0" r21="-0.21882364" r22="0.87765" r23="0.42643473" r24="0" r31="-0.36346233" r32="-0.47888765" r33="0.79909426" r34="0" r41="2601.36" r42="66.978355" r43="-1491.2781" r44="1"></containerEntry>
          <containerEntry r11="0.85141" r12="0.104741395" r13="-0.5139323" r14="0" r21="0.17454425" r22="0.8674269" r23="0.46594536" r24="0" r31="0.49460343" r32="-0.48641545" r33="0.7202554" r34="0" r41="2592.2554" r42="66.72603" r43="-1490.158" r44="1"></containerEntry>
          <containerEntry r11="0.10949649" r12="0.089906454" r13="-0.9899104" r14="0" r21="0.38230902" r22="0.91548127" r23="0.12543459" r24="0" r31="0.9175237" r32="-0.39218724" r33="0.065870106" r34="0" r41="2576.199" r42="66.742714" r43="-1466.919" r44="1"></containerEntry>
          <containerEntry r11="0.8450797" r12="0.12426446" r13="-0.51998883" r14="0" r21="0.148552" r22="0.8797361" r23="0.45165977" r24="0" r31="0.5135782" r32="-0.4589339" r33="0.72498745" r34="0" r41="2605.544" r42="68.333694" r43="-1472.7489" r44="1"></containerEntry>
          <containerEntry r11="0.71171224" r12="-0.07418884" r13="-0.69853514" r14="0" r21="0.2605306" r22="0.9513649" r23="0.16440403" r24="0" r31="0.6523648" r32="-0.29899824" r33="0.69642645" r34="0" r41="2566.3108" r42="67.59599" r43="-1428.9142" r44="1"></containerEntry>
          <containerEntry r11="0.57691586" r12="0.1099038" r13="-0.8093688" r14="0" r21="0.4378249" r22="0.79491603" r23="0.4200204" r24="0" r31="0.6895419" r32="-0.59667856" r33="0.41048104" r34="0" r41="2587.6887" r42="67.89425" r43="-1453.4952" r44="1"></containerEntry>
        </property>
        <property name="colors" type="UInt32" container="DynamicArray" arraySize="8">
          <containerEntry>4294967295</containerEntry>
          <containerEntry>4294967295</containerEntry>
          <containerEntry>4294967295</containerEntry>
          <containerEntry>4294967295</containerEntry>
          <containerEntry>4294967295</containerEntry>
          <containerEntry>4294967295</containerEntry>
          <containerEntry>4294967295</containerEntry>
          <containerEntry>4294967295</containerEntry>
        </property>
      </staticProperties>
      <dynamicProperties></dynamicProperties>
    </entity>
    <entity class="StaticModelArray" classVersion="4" classID="0xD0" addr="0x2D762F0" id="0x0">
      <staticProperties>
        <property name="name" type="String" container="StaticArray" arraySize="1">
          <containerEntry>StaticModelArray0004</containerEntry>
        </property>
        <property name="dataSet" type="EntityHandle" container="StaticArray" arraySize="1">
          <containerEntry>0x2EF20E0</containerEntry>
        </property>
        <property name="modelFile" type="FilePtr" container="StaticArray" arraySize="1">
          <containerEntry>/Assets/tpp/environ/object/middle_africa/rock/mafr_rock002/scenes/mafr_rock002.fmdl</containerEntry>
        </property>
        <property name="geomFile" type="FilePtr" container="StaticArray" arraySize="1">
          <containerEntry>/Assets/tpp/environ/object/middle_africa/rock/mafr_rock002/scenes/mafr_rock002.geom</containerEntry>
        </property>
        <property name="isVisibleGeom" type="Bool" container="StaticArray" arraySize="1">
          <containerEntry>false</containerEntry>
        </property>
        <property name="lodFarSize" type="Float" container="StaticArray" arraySize="1">
          <containerEntry>-1</containerEntry>
        </property>
        <property name="lodNearSize" type="Float" container="StaticArray" arraySize="1">
          <containerEntry>-1</containerEntry>
        </property>
        <property name="lodPolygonSize" type="Float" container="StaticArray" arraySize="1">
          <containerEntry>-1</containerEntry>
        </property>
        <property name="drawRejectionLevel" type="Int32" container="StaticArray" arraySize="1">
          <containerEntry>8</containerEntry>
        </property>
        <property name="drawMode" type="Int32" container="StaticArray" arraySize="1">
          <containerEntry>0</containerEntry>
        </property>
        <property name="rejectFarRangeShadowCast" type="Int32" container="StaticArray" arraySize="1">
          <containerEntry>2</containerEntry>
        </property>
        <property name="parentLocator" type="EntityLink" container="StaticArray" arraySize="1">
          <containerEntry packagePathHash="0xB8A0BF169F98" archivePathHash="0xB8A0BF169F98" nameInArchiveHash="0xB8A0BF169F98">0x0</containerEntry>
        </property>
        <property name="transforms" type="Matrix4" container="DynamicArray" arraySize="16">
          <containerEntry r11="1.8697476" r12="0.2855603" r13="-3.5245574" r14="0" r21="-0.5487864" r22="3.9620626" r23="0.029880464" r24="0" r31="3.4932625" r32="0.46958986" r33="1.8911922" r34="0" r41="2641.9585" r42="88.277756" r43="-1467.3104" r44="1"></containerEntry>
          <containerEntry r11="-1.6430196" r12="-0.26552278" r13="5.0318966" r14="0" r21="-0.72714204" r22="5.2497334" r23="0.03959047" r24="0" r31="-4.986156" r32="-0.678086" r33="-1.6638652" r34="0" r41="2622.69" r42="86.6464" r43="-1421.722" r44="1"></containerEntry>
          <containerEntry r11="-4.4656887" r12="-0.21266249" r13="4.001542" r14="0" r21="-0.15203515" r22="5.9962225" r23="0.14899981" r24="0" r31="-4.0043035" r32="0.009502038" r33="-4.4682655" r34="0" r41="2650.5503" r42="86.867035" r43="-1495.6323" r44="1"></containerEntry>
          <containerEntry r11="-0.6937318" r12="-0.117993675" r13="0.7105027" r14="0" r21="-0.00846187" r22="0.98775625" r23="0.15577525" r24="0" r31="-0.720184" r32="0.10205403" r33="-0.6862364" r34="0" r41="2564.0872" r42="72.983696" r43="-1522.7731" r44="1"></containerEntry>
          <containerEntry r11="0.8028352" r12="-0.0015460761" r13="-0.59619874" r14="0" r21="-0.0032854173" r22="0.99996996" r23="-0.0070172492" r24="0" r31="0.5961917" r32="0.0075924564" r33="0.802806" r34="0" r41="2597.625" r42="70.63407" r43="-1435.226" r44="1"></containerEntry>
          <containerEntry r11="-0.33893597" r12="0.13284294" r13="0.9313816" r14="0" r21="0.08949655" r22="0.9900442" r23="-0.108641274" r24="0" r31="-0.9365411" r32="0.04653292" r33="-0.34745055" r34="0" r41="2602.2075" r42="69.845985" r43="-1442.0844" r44="1"></containerEntry>
          <containerEntry r11="0.2107164" r12="0.028833881" r13="-0.97712034" r14="0" r21="-0.4219724" r22="0.90432453" r23="-0.064311996" r24="0" r31="0.8817794" r32="0.42587006" r33="0.20272326" r34="0" r41="2607.8416" r42="71.70042" r43="-1457.0233" r44="1"></containerEntry>
          <containerEntry r11="0.2672152" r12="0.031658992" r13="-0.9631147" r14="0" r21="-0.054308675" r22="0.9983664" r23="0.017749945" r24="0" r31="0.9621033" r32="0.0475626" r33="0.26849806" r34="0" r41="2585.2688" r42="70.3184" r43="-1445.508" r44="1"></containerEntry>
          <containerEntry r11="0.102176934" r12="0.058136493" r13="-0.993063" r14="0" r21="-0.27816907" r22="0.96013576" r23="0.027588569" r24="0" r31="0.95507896" r32="0.27342147" r33="0.114275694" r34="0" r41="2609.5095" r42="69.79954" r43="-1497.3723" r44="1"></containerEntry>
          <containerEntry r11="0.8028352" r12="-0.0015460761" r13="-0.59619874" r14="0" r21="-0.0032854173" r22="0.99996996" r23="-0.0070172492" r24="0" r31="0.5961917" r32="0.0075924564" r33="0.802806" r34="0" r41="2593.6123" r42="70.730255" r43="-1464.7266" r44="1"></containerEntry>
          <containerEntry r11="-0.8284812" r12="0.021028586" r13="0.55961823" r14="0" r21="-0.15720558" r22="0.9503805" r23="-0.26844585" r24="0" r31="-0.53749526" r32="-0.31037813" r33="-0.7840665" r34="0" r41="2618.9365" r42="70.34308" r43="-1518.0033" r44="1"></containerEntry>
          <containerEntry r11="0.95814234" r12="0.019924087" r13="-0.2855982" r14="0" r21="-0.080763206" r22="0.9758694" r23="-0.20286995" r24="0" r31="0.2746645" r32="0.21744412" r33="0.93663085" r34="0" r41="2628.108" r42="69.55365" r43="-1525.0945" r44="1"></containerEntry>
          <containerEntry r11="0.68992776" r12="0.046133924" r13="-1.442868" r14="0" r21="-0.6329922" r22="1.4469188" r23="-0.2564099" r24="0" r31="1.297427" r32="0.68139327" r33="0.6421701" r34="0" r41="2605.3108" r42="71.09068" r43="-1443.1332" r44="1"></containerEntry>
          <containerEntry r11="-1.7206696" r12="-0.10420152" r13="2.3815947" r14="0" r21="-0.057247087" r22="2.9381492" r23="0.08719178" r24="0" r31="-2.3831856" r32="0.0046562483" r33="-1.7216152" r34="0" r41="2627.5867" r42="81.16627" r43="-1505.3258" r44="1"></containerEntry>
          <containerEntry r11="-0.018149057" r12="-0.013371371" r13="1.4398227" r14="0" r21="-0.19756244" r22="1.4263427" r23="0.010755755" r24="0" r31="-1.4262669" r32="-0.19740266" r33="-0.01981144" r34="0" r41="2617.2375" r42="78.86887" r43="-1464.5409" r44="1"></containerEntry>
          <containerEntry r11="0.8274172" r12="0.018679537" r13="-0.5612769" r14="0" r21="-0.06562002" r22="0.9958162" r23="-0.0635938" r24="0" r31="0.5577407" r32="0.08944961" r33="0.8251811" r34="0" r41="2581.298" r42="70.308014" r43="-1524.3862" r44="1"></containerEntry>
        </property>
        <property name="colors" type="UInt32" container="DynamicArray" arraySize="16">
          <containerEntry>4294967295</containerEntry>
          <containerEntry>4294967295</containerEntry>
          <containerEntry>4294967295</containerEntry>
          <containerEntry>4294967295</containerEntry>
          <containerEntry>4294967295</containerEntry>
          <containerEntry>4294967295</containerEntry>
          <containerEntry>4294967295</containerEntry>
          <containerEntry>4294967295</containerEntry>
          <containerEntry>4294967295</containerEntry>
          <containerEntry>4294967295</containerEntry>
          <containerEntry>4294967295</containerEntry>
          <containerEntry>4294967295</containerEntry>
          <containerEntry>4294967295</containerEntry>
          <containerEntry>4294967295</containerEntry>
          <containerEntry>4294967295</containerEntry>
          <containerEntry>4294967295</containerEntry>
        </property>
      </staticProperties>
      <dynamicProperties></dynamicProperties>
    </entity>
    <entity class="StaticModelArray" classVersion="4" classID="0xD0" addr="0x2D7D4B0" id="0x0">
      <staticProperties>
        <property name="name" type="String" container="StaticArray" arraySize="1">
          <containerEntry>StaticModelArray0005</containerEntry>
        </property>
        <property name="dataSet" type="EntityHandle" container="StaticArray" arraySize="1">
          <containerEntry>0x2EF20E0</containerEntry>
        </property>
        <property name="modelFile" type="FilePtr" container="StaticArray" arraySize="1">
          <containerEntry>/Assets/tpp/environ/object/middle_africa/cliff/mafr_clff004/scenes/mafr_clff004_rock001.fmdl</containerEntry>
        </property>
        <property name="geomFile" type="FilePtr" container="StaticArray" arraySize="1">
          <containerEntry>/Assets/tpp/environ/object/middle_africa/cliff/mafr_clff004/scenes/mafr_clff004_rock001.geom</containerEntry>
        </property>
        <property name="isVisibleGeom" type="Bool" container="StaticArray" arraySize="1">
          <containerEntry>false</containerEntry>
        </property>
        <property name="lodFarSize" type="Float" container="StaticArray" arraySize="1">
          <containerEntry>-1</containerEntry>
        </property>
        <property name="lodNearSize" type="Float" container="StaticArray" arraySize="1">
          <containerEntry>-1</containerEntry>
        </property>
        <property name="lodPolygonSize" type="Float" container="StaticArray" arraySize="1">
          <containerEntry>-1</containerEntry>
        </property>
        <property name="drawRejectionLevel" type="Int32" container="StaticArray" arraySize="1">
          <containerEntry>8</containerEntry>
        </property>
        <property name="drawMode" type="Int32" container="StaticArray" arraySize="1">
          <containerEntry>0</containerEntry>
        </property>
        <property name="rejectFarRangeShadowCast" type="Int32" container="StaticArray" arraySize="1">
          <containerEntry>2</containerEntry>
        </property>
        <property name="parentLocator" type="EntityLink" container="StaticArray" arraySize="1">
          <containerEntry packagePathHash="0xB8A0BF169F98" archivePathHash="0xB8A0BF169F98" nameInArchiveHash="0xB8A0BF169F98">0x0</containerEntry>
