<fox formatVersion="2" fileVersion="0">
  <entities>
    <entity class="DataSet" classVersion="0" classID="0xE8" addr="0x2F03500" id="0x1FAD975">
      <staticProperties>
        <property name="name" type="String" container="StaticArray" arraySize="1">
          <containerEntry hash="0xB8A0BF169F98"></containerEntry>
        </property>
        <property name="dataSet" type="EntityHandle" container="StaticArray" arraySize="1">
          <containerEntry>0x0</containerEntry>
        </property>
        <property name="dataList" type="EntityPtr" container="StringMap" arraySize="8">
          <containerEntry key="TppGimmickElectricCableLinkSetData0000">
            <data>0x2D7C790</data>
          </containerEntry>
          <containerEntry key="TppGimmickElectricCableLinkSetData0001">
            <data>0x2D7DFA0</data>
          </containerEntry>
          <containerEntry key="cypr_utpl001_vrtn001_gim_i0000|TppSharedGimmickData_cypr_utpl001_vrtn001">
            <data>0x2D7F7B0</data>
          </containerEntry>
          <containerEntry key="cypr_cabl002_vrtn001_gim_i0000|TppSharedGimmick_cypr_cabl002_vrtn001">
            <data>0x2D7FAC0</data>
          </containerEntry>
          <containerEntry key="StaticModelArray0000">
            <data>0x2F03030</data>
          </containerEntry>
          <containerEntry key="StaticModelArray0001">
            <data>0x2F031F0</data>
          </containerEntry>
          <containerEntry key="StaticModelArray0002">
            <data>0x2F05F70</data>
          </containerEntry>
          <containerEntry key="TexturePackLoadConditioner0000">
            <data>0x2F06750</data>
          </containerEntry>
        </property>
      </staticProperties>
      <dynamicProperties></dynamicProperties>
    </entity>
    <entity class="TppGimmickElectricCableLinkSetData" classVersion="0" classID="0xB0" addr="0x2D7C790" id="0x1FADC02">
      <staticProperties>
        <property name="name" type="String" container="StaticArray" arraySize="1">
          <containerEntry>TppGimmickElectricCableLinkSetData0000</containerEntry>
        </property>
        <property name="dataSet" type="EntityHandle" container="StaticArray" arraySize="1">
          <containerEntry>0x2F03500</containerEntry>
        </property>
        <property name="electricCableData" type="EntityLink" container="StaticArray" arraySize="1">
          <containerEntry packagePathHash="0xB8A0BF169F98" archivePath="/Assets/tpp/level/location/mafr/block_small/134/134_132/mafr_134_132_asset.fox2" nameInArchive="cypr_cabl002_vrtn001_gim_i0000|TppSharedGimmick_cypr_cabl002_vrtn001">0x0</containerEntry>
        </property>
        <property name="poleData" type="EntityLink" container="StaticArray" arraySize="1">
          <containerEntry packagePathHash="0xB8A0BF169F98" archivePath="/Assets/tpp/level/location/mafr/block_small/134/134_132/mafr_134_132_asset.fox2" nameInArchive="cypr_utpl001_vrtn001_gim_i0000|TppSharedGimmickData_cypr_utpl001_vrtn001">0x0</containerEntry>
        </property>
        <property name="electricCable" type="String" container="DynamicArray" arraySize="21">
          <containerEntry>cypr_cabl002_vrtn001_gim_n0001|srt_cypr_cabl002_vrtn001</containerEntry>
          <containerEntry>cypr_cabl002_vrtn001_gim_n0001|srt_cypr_cabl002_vrtn001</containerEntry>
          <containerEntry>cypr_cabl002_vrtn001_gim_n0002|srt_cypr_cabl002_vrtn001</containerEntry>
          <containerEntry>cypr_cabl002_vrtn001_gim_n0002|srt_cypr_cabl002_vrtn001</containerEntry>
          <containerEntry>cypr_cabl002_vrtn001_gim_n0003|srt_cypr_cabl002_vrtn001</containerEntry>
          <containerEntry>cypr_cabl002_vrtn001_gim_n0003|srt_cypr_cabl002_vrtn001</containerEntry>
          <containerEntry>cypr_cabl002_vrtn001_gim_n0004|srt_cypr_cabl002_vrtn001</containerEntry>
          <containerEntry>cypr_cabl002_vrtn001_gim_n0004|srt_cypr_cabl002_vrtn001</containerEntry>
          <containerEntry>cypr_cabl002_vrtn001_gim_n0005|srt_cypr_cabl002_vrtn001</containerEntry>
          <containerEntry>cypr_cabl002_vrtn001_gim_n0005|srt_cypr_cabl002_vrtn001</containerEntry>
          <containerEntry>cypr_cabl002_vrtn001_gim_n0006|srt_cypr_cabl002_vrtn001</containerEntry>
          <containerEntry>cypr_cabl002_vrtn001_gim_n0006|srt_cypr_cabl002_vrtn001</containerEntry>
          <containerEntry>cypr_cabl002_vrtn001_gim_n0007|srt_cypr_cabl002_vrtn001</containerEntry>
          <containerEntry>cypr_cabl002_vrtn001_gim_n0007|srt_cypr_cabl002_vrtn001</containerEntry>
          <containerEntry>cypr_cabl002_vrtn001_gim_n0008|srt_cypr_cabl002_vrtn001</containerEntry>
          <containerEntry>cypr_cabl002_vrtn001_gim_n0008|srt_cypr_cabl002_vrtn001</containerEntry>
          <containerEntry>cypr_cabl002_vrtn001_gim_n0009|srt_cypr_cabl002_vrtn001</containerEntry>
          <containerEntry>cypr_cabl002_vrtn001_gim_n0009|srt_cypr_cabl002_vrtn001</containerEntry>
          <containerEntry>cypr_cabl002_vrtn001_gim_n0000|srt_cypr_cabl002_vrtn001</containerEntry>
          <containerEntry>cypr_cabl002_vrtn001_gim_n0010|srt_cypr_cabl002_vrtn001</containerEntry>
          <containerEntry>cypr_cabl002_vrtn001_gim_n0011|srt_cypr_cabl002_vrtn001</containerEntry>
        </property>
        <property name="pole" type="String" container="DynamicArray" arraySize="21">
          <containerEntry>cypr_utpl001_vrtn001_gim_n_0001|srt_cypr_utpl001_vrtn001</containerEntry>
          <containerEntry>cypr_utpl001_vrtn001_gim_n_0000|srt_cypr_utpl001_vrtn001</containerEntry>
          <containerEntry>cypr_utpl001_vrtn001_gim_n_0001|srt_cypr_utpl001_vrtn001</containerEntry>
          <containerEntry>cypr_utpl001_vrtn001_gim_n_0000|srt_cypr_utpl001_vrtn001</containerEntry>
          <containerEntry>cypr_utpl001_vrtn001_gim_n_0001|srt_cypr_utpl001_vrtn001</containerEntry>
          <containerEntry>cypr_utpl001_vrtn001_gim_n_0000|srt_cypr_utpl001_vrtn001</containerEntry>
          <containerEntry>cypr_utpl001_vrtn001_gim_n_0002|srt_cypr_utpl001_vrtn001</containerEntry>
          <containerEntry>cypr_utpl001_vrtn001_gim_n_0001|srt_cypr_utpl001_vrtn001</containerEntry>
          <containerEntry>cypr_utpl001_vrtn001_gim_n_0002|srt_cypr_utpl001_vrtn001</containerEntry>
          <containerEntry>cypr_utpl001_vrtn001_gim_n_0001|srt_cypr_utpl001_vrtn001</containerEntry>
          <containerEntry>cypr_utpl001_vrtn001_gim_n_0002|srt_cypr_utpl001_vrtn001</containerEntry>
          <containerEntry>cypr_utpl001_vrtn001_gim_n_0001|srt_cypr_utpl001_vrtn001</containerEntry>
          <containerEntry>cypr_utpl001_vrtn001_gim_n_0003|srt_cypr_utpl001_vrtn001</containerEntry>
          <containerEntry>cypr_utpl001_vrtn001_gim_n_0002|srt_cypr_utpl001_vrtn001</containerEntry>
          <containerEntry>cypr_utpl001_vrtn001_gim_n_0003|srt_cypr_utpl001_vrtn001</containerEntry>
          <containerEntry>cypr_utpl001_vrtn001_gim_n_0002|srt_cypr_utpl001_vrtn001</containerEntry>
          <containerEntry>cypr_utpl001_vrtn001_gim_n_0003|srt_cypr_utpl001_vrtn001</containerEntry>
          <containerEntry>cypr_utpl001_vrtn001_gim_n_0002|srt_cypr_utpl001_vrtn001</containerEntry>
          <containerEntry>cypr_utpl001_vrtn001_gim_n_0000|srt_cypr_utpl001_vrtn001</containerEntry>
          <containerEntry>cypr_utpl001_vrtn001_gim_n_0000|srt_cypr_utpl001_vrtn001</containerEntry>
          <containerEntry>cypr_utpl001_vrtn001_gim_n_0000|srt_cypr_utpl001_vrtn001</containerEntry>
        </property>
        <property name="cnpIndex" type="UInt8" container="DynamicArray" arraySize="21">
          <containerEntry>0</containerEntry>
          <containerEntry>0</containerEntry>
          <containerEntry>1</containerEntry>
          <containerEntry>1</containerEntry>
          <containerEntry>2</containerEntry>
          <containerEntry>2</containerEntry>
          <containerEntry>0</containerEntry>
          <containerEntry>0</containerEntry>
          <containerEntry>1</containerEntry>
          <containerEntry>1</containerEntry>
          <containerEntry>2</containerEntry>
          <containerEntry>2</containerEntry>
          <containerEntry>0</containerEntry>
          <containerEntry>0</containerEntry>
          <containerEntry>1</containerEntry>
          <containerEntry>1</containerEntry>
          <containerEntry>2</containerEntry>
          <containerEntry>2</containerEntry>
          <containerEntry>0</containerEntry>
          <containerEntry>1</containerEntry>
          <containerEntry>2</containerEntry>
        </property>
      </staticProperties>
      <dynamicProperties></dynamicProperties>
    </entity>
    <entity class="TppGimmickElectricCableLinkSetData" classVersion="0" classID="0xB0" addr="0x2D7DFA0" id="0x1FADC57">
      <staticProperties>
        <property name="name" type="String" container="StaticArray" arraySize="1">
          <containerEntry>TppGimmickElectricCableLinkSetData0001</containerEntry>
        </property>
        <property name="dataSet" type="EntityHandle" container="StaticArray" arraySize="1">
          <containerEntry>0x2F03500</containerEntry>
        </property>
        <property name="electricCableData" type="EntityLink" container="StaticArray" arraySize="1">
          <containerEntry packagePath="/Assets/tpp/pack/location/mafr/pack_small/135/mafr_135_132.fpk" archivePath="/Assets/tpp/level/location/mafr/block_small/135/135_132/mafr_135_132_asset.fox2" nameInArchive="cypr_cabl002_vrtn001_gim_i0000|TppSharedGimmick_cypr_cabl002_vrtn001">0x0</containerEntry>
        </property>
        <property name="poleData" type="EntityLink" container="StaticArray" arraySize="1">
          <containerEntry packagePathHash="0xB8A0BF169F98" archivePath="/Assets/tpp/level/location/mafr/block_small/134/134_132/mafr_134_132_asset.fox2" nameInArchive="cypr_utpl001_vrtn001_gim_i0000|TppSharedGimmickData_cypr_utpl001_vrtn001">0x0</containerEntry>
        </property>
        <property name="electricCable" type="String" container="DynamicArray" arraySize="3">
          <containerEntry>cypr_cabl002_vrtn001_gim_n0009|srt_cypr_cabl002_vrtn001</containerEntry>
          <containerEntry>cypr_cabl002_vrtn001_gim_n0010|srt_cypr_cabl002_vrtn001</containerEntry>
          <containerEntry>cypr_cabl002_vrtn001_gim_n0011|srt_cypr_cabl002_vrtn001</containerEntry>
        </property>
        <property name="pole" type="String" container="DynamicArray" arraySize="3">
          <containerEntry>cypr_utpl001_vrtn001_gim_n_0003|srt_cypr_utpl001_vrtn001</containerEntry>
          <containerEntry>cypr_utpl001_vrtn001_gim_n_0003|srt_cypr_utpl001_vrtn001</containerEntry>
          <containerEntry>cypr_utpl001_vrtn001_gim_n_0003|srt_cypr_utpl001_vrtn001</containerEntry>
        </property>
        <property name="cnpIndex" type="UInt8" container="DynamicArray" arraySize="3">
          <containerEntry>0</containerEntry>
          <containerEntry>1</containerEntry>
          <containerEntry>2</containerEntry>
        </property>
      </staticProperties>
      <dynamicProperties></dynamicProperties>
    </entity>
    <entity class="TppSharedGimmickData" classVersion="1" classID="0xF0" addr="0x2D7F7B0" id="0xC619">
      <staticProperties>
        <property name="name" type="String" container="StaticArray" arraySize="1">
          <containerEntry>cypr_utpl001_vrtn001_gim_i0000|TppSharedGimmickData_cypr_utpl001_vrtn001</containerEntry>
        </property>
        <property name="dataSet" type="EntityHandle" container="StaticArray" arraySize="1">
          <containerEntry>0x2F03500</containerEntry>
        </property>
        <property name="modelFile" type="FilePtr" container="StaticArray" arraySize="1">
          <containerEntry>/Assets/tpp/environ/object/cyprus/utility_pole/cypr_utpl001/scenes/cypr_utpl001_vrtn001.fmdl</containerEntry>
        </property>
        <property name="geomFile" type="FilePtr" container="StaticArray" arraySize="1">
          <containerEntry>/Assets/tpp/environ/object/cyprus/utility_pole/cypr_utpl001/scenes/cypr_utpl001_vrtn001.geom</containerEntry>
        </property>
        <property name="breakedModelFile" type="FilePtr" container="StaticArray" arraySize="1">
          <containerEntry hash="0xB8A0BF169F98"></containerEntry>
        </property>
        <property name="breakedGeomFile" type="FilePtr" container="StaticArray" arraySize="1">
          <containerEntry hash="0xB8A0BF169F98"></containerEntry>
        </property>
        <property name="partsFile" type="FilePtr" container="StaticArray" arraySize="1">
          <containerEntry>/Assets/tpp/parts/environ/object/cyprus/utility_pole/cypr_utpl001/cypr_utpl001_vrtn001.parts</containerEntry>
        </property>
        <property name="numDynamicGimmick" type="UInt32" container="StaticArray" arraySize="1">
          <containerEntry>2</containerEntry>
        </property>
        <property name="locaterFile" type="FilePtr" container="StaticArray" arraySize="1">
          <containerEntry>/Assets/tpp/level/location/mafr/block_small/134/134_132/lba/cypr_utpl001_vrtn001.lba</containerEntry>
        </property>
        <property name="flags1" type="UInt32" container="StaticArray" arraySize="1">
          <containerEntry>284</containerEntry>
        </property>
        <property name="flags2" type="UInt32" container="StaticArray" arraySize="1">
          <containerEntry>0</containerEntry>
        </property>
      </staticProperties>
      <dynamicProperties></dynamicProperties>
    </entity>
    <entity class="TppSharedGimmickData" classVersion="1" classID="0xF0" addr="0x2D7FAC0" id="0xCF4">
      <staticProperties>
        <property name="name" type="String" container="StaticArray" arraySize="1">
          <containerEntry>cypr_cabl002_vrtn001_gim_i0000|TppSharedGimmick_cypr_cabl002_vrtn001</containerEntry>
        </property>
        <property name="dataSet" type="EntityHandle" container="StaticArray" arraySize="1">
          <containerEntry>0x2F03500</containerEntry>
        </property>
        <property name="modelFile" type="FilePtr" container="StaticArray" arraySize="1">
          <containerEntry>/Assets/tpp/environ/object/cyprus/cable/cypr_cabl002/scenes/cypr_cabl002_vrtn001_fl.fmdl</containerEntry>
        </property>
        <property name="geomFile" type="FilePtr" container="StaticArray" arraySize="1">
          <containerEntry hash="0xB8A0BF169F98"></containerEntry>
        </property>
        <property name="breakedModelFile" type="FilePtr" container="StaticArray" arraySize="1">
          <containerEntry hash="0xB8A0BF169F98"></containerEntry>
        </property>
        <property name="breakedGeomFile" type="FilePtr" container="StaticArray" arraySize="1">
          <containerEntry hash="0xB8A0BF169F98"></containerEntry>
        </property>
        <property name="partsFile" type="FilePtr" container="StaticArray" arraySize="1">
          <containerEntry>/Assets/tpp/parts/environ/object/cyprus/cable/cypr_cabl002/cypr_cabl002_vrtn001.parts</containerEntry>
        </property>
        <property name="numDynamicGimmick" type="UInt32" container="StaticArray" arraySize="1">
          <containerEntry>6</containerEntry>
        </property>
        <property name="locaterFile" type="FilePtr" container="StaticArray" arraySize="1">
          <containerEntry>/Assets/tpp/level/location/mafr/block_small/134/134_132/lba/cypr_cabl002_vrtn001_scl.lba</containerEntry>
        </property>
        <property name="flags1" type="UInt32" container="StaticArray" arraySize="1">
          <containerEntry>274</containerEntry>
        </property>
        <property name="flags2" type="UInt32" container="StaticArray" arraySize="1">
          <containerEntry>0</containerEntry>
        </property>
      </staticProperties>
      <dynamicProperties></dynamicProperties>
    </entity>
    <entity class="StaticModelArray" classVersion="4" classID="0xD0" addr="0x2F03030" id="0x0">
      <staticProperties>
        <property name="name" type="String" container="StaticArray" arraySize="1">
          <containerEntry>StaticModelArray0000</containerEntry>
        </property>
        <property name="dataSet" type="EntityHandle" container="StaticArray" arraySize="1">
          <containerEntry>0x2F03500</containerEntry>
        </property>
        <property name="modelFile" type="FilePtr" container="StaticArray" arraySize="1">
          <containerEntry hash="0xB8A0BF169F98"></containerEntry>
        </property>
        <property name="geomFile" type="FilePtr" container="StaticArray" arraySize="1">
          <containerEntry>/Assets/tpp/environ/object/cyprus/utility_pole/cypr_utpl001/scenes/cypr_utpl001_vrtn001_pc.geom</containerEntry>
        </property>
        <property name="isVisibleGeom" type="Bool" container="StaticArray" arraySize="1">
          <containerEntry>false</containerEntry>
        </property>
        <property name="lodFarSize" type="Float" container="StaticArray" arraySize="1">
          <containerEntry>-1</containerEntry>
        </property>
        <property name="lodNearSize" type="Float" container="StaticArray" arraySize="1">
          <containerEntry>-1</containerEntry>
        </property>
        <property name="lodPolygonSize" type="Float" container="StaticArray" arraySize="1">
          <containerEntry>-1</containerEntry>
        </property>
        <property name="drawRejectionLevel" type="Int32" container="StaticArray" arraySize="1">
          <containerEntry>8</containerEntry>
        </property>
        <property name="drawMode" type="Int32" container="StaticArray" arraySize="1">
          <containerEntry>0</containerEntry>
        </property>
        <property name="rejectFarRangeShadowCast" type="Int32" container="StaticArray" arraySize="1">
          <containerEntry>2</containerEntry>
        </property>
        <property name="parentLocator" type="EntityLink" container="StaticArray" arraySize="1">
          <containerEntry packagePathHash="0xB8A0BF169F98" archivePathHash="0xB8A0BF169F98" nameInArchiveHash="0xB8A0BF169F98">0x0</containerEntry>
        </property>
        <property name="transforms" type="Matrix4" container="DynamicArray" arraySize="4">
          <containerEntry r11="0.27235767" r12="-0.037483487" r13="-0.96146464" r14="0" r21="0.016766645" r22="0.9992741" r23="-0.03420797" r24="0" r31="0.9620489" r32="-0.006803733" r33="0.27278844" r34="0" r41="137.79547" r42="-6.438446" r43="-27.876326" r44="1"></containerEntry>
          <containerEntry r11="0.039966553" r12="0.051697798" r13="-0.9978621" r14="0" r21="-0.07681767" r22="0.99586403" r23="0.048517577" r24="0" r31="0.99624324" r32="0.07471444" r33="0.04377258" r34="0" r41="175.7212" r42="-6.438446" r43="-20.832539" r44="1"></containerEntry>
          <containerEntry r11="0.5488774" r12="-0.018237209" r13="-0.8357036" r14="0" r21="0.01126438" r22="0.9998326" r23="-0.014420649" r24="0" r31="0.83582664" r32="-0.0014985236" r33="0.54899096" r34="0" r41="211.46536" r42="-6.438446" r43="-12.216267" r44="1"></containerEntry>
          <containerEntry r11="0.42360565" r12="-0.035888694" r13="-0.9051345" r14="0" r21="-0.006060683" r22="0.9990802" r23="-0.042450078" r24="0" r31="0.90582544" r32="0.023467828" r33="0.4229985" r34="0" r41="246.50627" r42="-6.438446" r43="-2.969109" r44="1"></containerEntry>
        </property>
        <property name="colors" type="UInt32" container="DynamicArray" arraySize="4">
          <containerEntry>4294967295</containerEntry>
          <containerEntry>4294967295</containerEntry>
          <containerEntry>4294967295</containerEntry>
          <containerEntry>4294967295</containerEntry>
        </property>
      </staticProperties>
      <dynamicProperties></dynamicProperties>
    </entity>
    <entity class="StaticModelArray" classVersion="4" classID="0xD0" addr="0x2F031F0" id="0x0">
      <staticProperties>
        <property name="name" type="String" container="StaticArray" arraySize="1">
          <containerEntry>StaticModelArray0001</containerEntry>
        </property>
        <property name="dataSet" type="EntityHandle" container="StaticArray" arraySize="1">
          <containerEntry>0x2F03500</containerEntry>
        </property>
        <property name="modelFile" type="FilePtr" container="StaticArray" arraySize="1">
          <containerEntry>/Assets/tpp/environ/object/middle_africa/mud/mafr_mudd003/scenes/mafr_mudd003.fmdl</containerEntry>
        </property>
        <property name="geomFile" type="FilePtr" container="StaticArray" arraySize="1">
          <containerEntry>/Assets/tpp/environ/object/middle_africa/mud/mafr_mudd003/scenes/mafr_mudd003.geom</containerEntry>
        </property>
        <property name="isVisibleGeom" type="Bool" container="StaticArray" arraySize="1">
          <containerEntry>false</containerEntry>
        </property>
        <property name="lodFarSize" type="Float" container="StaticArray" arraySize="1">
          <containerEntry>-1</containerEntry>
        </property>
        <property name="lodNearSize" type="Float" container="StaticArray" arraySize="1">
          <containerEntry>-1</containerEntry>
        </property>
        <property name="lodPolygonSize" type="Float" container="StaticArray" arraySize="1">
          <containerEntry>-1</containerEntry>
        </property>
        <property name="drawRejectionLevel" type="Int32" container="StaticArray" arraySize="1">
          <containerEntry>8</containerEntry>
        </property>
        <property name="drawMode" type="Int32" container="StaticArray" arraySize="1">
          <containerEntry>0</containerEntry>
        </property>
        <property name="rejectFarRangeShadowCast" type="Int32" container="StaticArray" arraySize="1">
          <containerEntry>2</containerEntry>
        </property>
        <property name="parentLocator" type="EntityLink" container="StaticArray" arraySize="1">
          <containerEntry packagePathHash="0xB8A0BF169F98" archivePathHash="0xB8A0BF169F98" nameInArchiveHash="0xB8A0BF169F98">0x0</containerEntry>
        </property>
        <property name="transforms" type="Matrix4" container="DynamicArray" arraySize="49">
          <containerEntry r11="0.99890673" r12="0.046747234" r13="0" r14="0" r21="-0.046747234" r22="0.99890673" r23="0" r24="0" r31="0" r32="0" r33="1" r34="0" r41="203.571" r42="-7.247492" r43="-56.89239" r44="1"></containerEntry>
          <containerEntry r11="-0.9984457" r12="0.018679438" r13="-0.052455373" r14="0" r21="0.016777014" r22="0.99919367" r23="0.036476467" r24="0" r31="0.05309444" r32="0.035539832" r33="-0.99795395" r34="0" r41="179.66833" r42="-7.503206" r43="-51.39586" r44="1"></containerEntry>
          <containerEntry r11="1" r12="0" r13="0" r14="0" r21="0" r22="1" r23="0" r24="0" r31="0" r32="0" r33="1" r34="0" r41="187.493" r42="-7.397973" r43="-39.478" r44="1"></containerEntry>
          <containerEntry r11="0.27967784" r12="-0.04245587" r13="-0.9591549" r14="0" r21="0.12278548" r22="0.99239993" r23="-0.008124668" r24="0" r31="0.95221025" r32="-0.11549798" r33="0.2827652" r34="0" r41="173.0898" r42="-6.987924" r43="-61.274708" r44="1"></containerEntry>
          <containerEntry r11="0.592274" r12="0.056019925" r13="-0.8037869" r14="0" r21="0.0035335422" r22="0.9973899" r23="0.07211681" r24="0" r31="0.8057289" r32="-0.045553133" r33="0.5905302" r34="0" r41="179.1627" r42="-7.19567" r43="-67.22054" r44="1"></containerEntry>
          <containerEntry r11="0.9996073" r12="0.010989222" r13="-0.025777701" r14="0" r21="-0.00921717" r22="0.99765074" r23="0.0678825" r24="0" r31="0.026463117" r32="-0.06761824" r33="0.9973602" r34="0" r41="185.97954" r42="-7.506072" r43="-66.83104" r44="1"></containerEntry>
          <containerEntry r11="1" r12="0" r13="0" r14="0" r21="0" r22="1" r23="0" r24="0" r31="0" r32="0" r33="1" r34="0" r41="174.694" r42="-7.526878" r43="-39.35" r44="1"></containerEntry>
          <containerEntry r11="0.9821931" r12="0" r13="-0.18787394" r14="0" r21="0" r22="1" r23="0" r24="0" r31="0.18787394" r32="0" r33="0.9821931" r34="0" r41="167.23627" r42="-7.386492" r43="-38.376" r44="1"></containerEntry>
          <containerEntry r11="0.8842618" r12="0" r13="-0.46699142" r14="0" r21="0" r22="1" r23="0" r24="0" r31="0.46699142" r32="0" r33="0.8842618" r34="0" r41="159.08186" r42="-7.542065" r43="-79.297874" r44="1"></containerEntry>
          <containerEntry r11="0.3917926" r12="0" r13="-0.9200536" r14="0" r21="0" r22="1" r23="0" r24="0" r31="0.9200536" r32="0" r33="0.3917926" r34="0" r41="148.06331" r42="-7.526465" r43="-87.590225" r44="1"></containerEntry>
          <containerEntry r11="0.9949316" r12="0" r13="-0.10055433" r14="0" r21="0" r22="1" r23="0" r24="0" r31="0.10055433" r32="0" r33="0.9949316" r34="0" r41="166.87315" r42="-7.485437" r43="-90.87767" r44="1"></containerEntry>
          <containerEntry r11="-0.35135722" r12="-0.064266354" r13="0.9340325" r14="0" r21="-0.022626758" r22="0.9979328" r23="0.060151424" r24="0" r31="-0.9359674" r32="5.401671e-07" r33="-0.352085" r34="0" r41="147.234" r42="-7.383706" r43="-109.777" r44="1"></containerEntry>
          <containerEntry r11="-0.43152532" r12="-0.048147835" r13="0.9008141" r14="0" r21="-0.09396575" r22="0.99554163" r23="0.008197576" r24="0" r31="-0.89719266" r32="-0.08110825" r33="-0.43412572" r34="0" r41="130.64027" r42="-7.06394" r43="-115.87375" r44="1"></containerEntry>
          <containerEntry r11="0.43151927" r12="0" r13="0.9021029" r14="0" r21="0" r22="1" r23="0" r24="0" r31="-0.9021029" r32="0" r33="0.43151927" r34="0" r41="139.514" r42="-7.386492" r43="-68.039" r44="1"></containerEntry>
          <containerEntry r11="0.43151927" r12="0" r13="0.9021029" r14="0" r21="0" r22="1" r23="0" r24="0" r31="-0.9021029" r32="0" r33="0.43151927" r34="0" r41="148.77" r42="-7.386492" r43="-62.078" r44="1"></containerEntry>
          <containerEntry r11="-0.88691026" r12="0.00061834604" r13="-0.46193087" r14="0" r21="-0.0100006405" r22="0.999739" r23="0.020539608" r24="0" r31="0.46182305" r32="0.022836506" r33="-0.8866726" r34="0" r41="132.46556" r42="-7.386492" r43="-42.74039" r44="1"></containerEntry>
          <containerEntry r11="0.9877244" r12="0.0806514" r13="0.13377498" r14="0" r21="-0.08749293" r22="0.99509937" r23="0.046067763" r24="0" r31="-0.12940396" r32="-0.057206657" r33="0.98994035" r34="0" r41="144.01869" r42="-7.194282" r43="-45.221493" r44="1"></containerEntry>
          <containerEntry r11="0.91700697" r12="-7.636845e-08" r13="0.39887115" r14="0" r21="-0.026665721" r22="0.99776286" r23="0.061304808" r24="0" r31="-0.3979788" r32="-0.06685312" r33="0.91495544" r34="0" r41="151.216" r42="-7.719572" r43="-80.953" r44="1"></containerEntry>
          <containerEntry r11="-0.9520825" r12="0" r13="0.305845" r14="0" r21="0" r22="1" r23="0" r24="0" r31="-0.305845" r32="0" r33="-0.9520825" r34="0" r41="144.42067" r42="-7.24725" r43="-10.437811" r44="1"></containerEntry>
          <containerEntry r11="0.9828845" r12="0" r13="-0.18422265" r14="0" r21="0" r22="1" r23="0" r24="0" r31="0.18422265" r32="0" r33="0.9828845" r34="0" r41="145.3675" r42="-7.337756" r43="-2.597006" r44="1"></containerEntry>
          <containerEntry r11="0.96740943" r12="0" r13="-0.25321734" r14="0" r21="0" r22="1" r23="0" r24="0" r31="0.25321734" r32="0" r33="0.96740943" r34="0" r41="138.66154" r42="-7.24725" r43="-2.361573" r44="1"></containerEntry>
          <containerEntry r11="-0.978307" r12="0" r13="0.20715731" r14="0" r21="0" r22="1" r23="0" r24="0" r31="-0.20715731" r32="0" r33="-0.978307" r34="0" r41="136.86304" r42="-7.24725" r43="-11.335278" r44="1"></containerEntry>
          <containerEntry r11="0.9347485" r12="0" r13="-0.35531014" r14="0" r21="0" r22="1" r23="0" r24="0" r31="0.35531014" r32="0" r33="0.9347485" r34="0" r41="131.35255" r42="-7.24725" r43="-11.335278" r44="1"></containerEntry>
          <containerEntry r11="0.8856739" r12="0" r13="-0.46430793" r14="0" r21="0" r22="1" r23="0" r24="0" r31="0.46430793" r32="0" r33="0.8856739" r34="0" r41="164.38312" r42="-7.312171" r43="-8.085379" r44="1"></containerEntry>
          <containerEntry r11="0.89692485" r12="0.026231537" r13="-0.4414045" r14="0" r21="-0.029233163" r22="0.99957263" r23="8.4983185e-07" r24="0" r31="0.44121584" r32="0.012902878" r33="0.89730835" r34="0" r41="169.74408" r42="-7.251551" r43="-6.681653" r44="1"></containerEntry>
          <containerEntry r11="-0.05125448" r12="0.08065164" r13="0.9954196" r14="0" r21="-0.053177968" r22="0.99509925" r23="-0.08336373" r24="0" r31="-0.99726474" r32="-0.0572077" r33="-0.046714365" r34="0" r41="144.01869" r42="-7.288109" r43="-52.080307" r44="1"></containerEntry>
          <containerEntry r11="0.9809021" r12="-0.04473949" r13="-0.18928638" r14="0" r21="0.018760305" r22="0.9904108" r23="-0.13687377" r24="0" r31="0.19359496" r32="0.13070868" r33="0.97233534" r34="0" r41="140.97264" r42="-6.98303" r43="-37.74956" r44="1"></containerEntry>
          <containerEntry r11="0.8617388" r12="0" r13="0.50735235" r14="0" r21="0" r22="1" r23="0" r24="0" r31="-0.50735235" r32="0" r33="0.8617388" r34="0" r41="158.42297" r42="-6.7862163" r43="-43.209827" r44="1"></containerEntry>
          <containerEntry r11="1" r12="0" r13="0" r14="0" r21="0" r22="1" r23="0" r24="0" r31="0" r32="0" r33="1" r34="0" r41="187.493" r42="-7.311537" r43="-28.706108" r44="1"></containerEntry>
          <containerEntry r11="-0.118819594" r12="0" r13="-0.99291635" r14="0" r21="0" r22="1" r23="0" r24="0" r31="0.99291635" r32="0" r33="-0.118819594" r34="0" r41="162.56516" r42="-7.264821" r43="-36.014503" r44="1"></containerEntry>
          <containerEntry r11="0.95913607" r12="0.023687799" r13="0.28195196" r14="0" r21="-0.003999955" r22="0.99752504" r23="-0.070198774" r24="0" r31="-0.28291696" r32="0.06620239" r33="0.95685697" r34="0" r41="199.38419" r42="-7.241379" r43="-25.628109" r44="1"></containerEntry>
          <containerEntry r11="-0.9889372" r12="-0.028634097" r13="0.14554557" r14="0" r21="-0.0052483315" r22="0.9873317" r23="0.1585832" r24="0" r31="-0.14824265" r32="0.15606493" r33="-0.9765593" r34="0" r41="121.64638" r42="-7.085311" r43="-121.800964" r44="1"></containerEntry>
          <containerEntry r11="-0.76872486" r12="-0.1410557" r13="0.6238287" r14="0" r21="-0.009963758" r22="0.9778996" r23="0.20883742" r24="0" r31="-0.6394996" r32="0.15432316" r33="-0.75314116" r34="0" r41="147.15279" r42="-5.73795" r43="-117.100204" r44="1"></containerEntry>
          <containerEntry r11="0.7714498" r12="0" r13="0.6362905" r14="0" r21="0" r22="1" r23="0" r24="0" r31="-0.6362905" r32="0" r33="0.7714498" r34="0" r41="156.27232" r42="-7.746954" r43="-94.506" r44="1"></containerEntry>
          <containerEntry r11="-0.15992728" r12="-0.0914125" r13="0.982888" r14="0" r21="-0.00079027936" r22="0.99571455" r23="0.092476904" r24="0" r31="-0.98712933" r32="0.014012743" r33="-0.15931416" r34="0" r41="161.97899" r42="-7.553026" r43="-95.5558" r44="1"></containerEntry>
          <containerEntry r11="0.9949316" r12="0" r13="-0.10055433" r14="0" r21="0" r22="1" r23="0" r24="0" r31="0.10055433" r32="0" r33="0.9949316" r34="0" r41="184.00673" r42="-7.485436" r43="-99.204384" r44="1"></containerEntry>
          <containerEntry r11="0.25462586" r12="0" r13="-0.96703976" r14="0" r21="0" r22="1" r23="0" r24="0" r31="0.96703976" r32="0" r33="0.25462586" r34="0" r41="182.6555" r42="-7.485435" r43="-89.38275" r44="1"></containerEntry>
          <containerEntry r11="-0.8843863" r12="0.038027164" r13="0.46520153" r14="0" r21="0.0966429" r22="0.989996" r23="0.102800615" r24="0" r31="-0.45663843" r32="0.13587403" r33="-0.879214" r34="0" r41="174.6626" r42="-7.539837" r43="-95.38161" r44="1"></containerEntry>
          <containerEntry r11="0.86251175" r12="0" r13="0.506037" r14="0" r21="0" r22="1" r23="0" r24="0" r31="-0.506037" r32="0" r33="0.86251175" r34="0" r41="192.34708" r42="-7.621669" r43="-49.77831" r44="1"></containerEntry>
          <containerEntry r11="-0.4801358" r12="0" r13="0.87719357" r14="0" r21="0" r22="1" r23="0" r24="0" r31="-0.87719357" r32="0" r33="-0.4801358" r34="0" r41="203.08717" r42="-7.393209" r43="-45.930187" r44="1"></containerEntry>
          <containerEntry r11="0.99890673" r12="0.046747234" r13="0" r14="0" r21="-0.046747234" r22="0.99890673" r23="0" r24="0" r31="0" r32="0" r33="1" r34="0" r41="232.91112" r42="-7.450452" r43="-75.534645" r44="1"></containerEntry>
          <containerEntry r11="0.6623241" r12="-0.0056170747" r13="-0.7491964" r14="0" r21="0.027105253" r22="0.99949694" r23="0.016468592" r24="0" r31="0.74872696" r32="-0.031214703" r33="0.6621431" r34="0" r41="229.30006" r42="-7.539813" r43="-81.38516" r44="1"></containerEntry>
          <containerEntry r11="0.22139771" r12="-0.020282947" r13="-0.9749725" r14="0" r21="0.014808136" r22="0.9997383" r23="-0.017435519" r24="0" r31="0.97507095" r32="-0.010577348" r33="0.22164011" r34="0" r41="247.69704" r42="-7.539812" r43="-75.64829" r44="1"></containerEntry>
          <containerEntry r11="-0.98487526" r12="0.014674197" r13="-0.1726384" r14="0" r21="0.009499158" r22="0.99948156" r23="0.03076427" r24="0" r31="0.17300032" r32="0.028659072" r33="-0.98450404" r34="0" r41="237.2584" r42="-7.475319" r43="-84.67347" r44="1"></containerEntry>
          <containerEntry r11="-0.62816644" r12="0.029901193" r13="-0.77750164" r14="0" r21="0.009499161" r22="0.99948156" r23="0.030763391" r24="0" r31="0.7780184" r32="0.01193897" r33="-0.62812483" r34="0" r41="223.71898" r42="-7.475319" r43="-106.25547" r44="1"></containerEntry>
          <containerEntry r11="-0.3883589" r12="0.032036394" r13="-0.9209496" r14="0" r21="0.009499239" r22="0.99948156" r23="0.030762408" r24="0" r31="0.92145765" r32="0.0031985706" r33="-0.3884619" r34="0" r41="216.9753" r42="-7.475319" r43="-106.51041" r44="1"></containerEntry>
          <containerEntry r11="-0.3883589" r12="0.032036394" r13="-0.9209496" r14="0" r21="0.009499239" r22="0.99948156" r23="0.030762408" r24="0" r31="0.92145765" r32="0.0031985706" r33="-0.3884619" r34="0" r41="222.49466" r42="-7.646741" r43="-93.046814" r44="1"></containerEntry>
          <containerEntry r11="-0.9957417" r12="0.012274787" r13="-0.09132679" r14="0" r21="0.00949949" r22="0.9994816" r23="0.03076147" r24="0" r31="0.09165704" r32="0.029763028" r33="-0.9953422" r34="0" r41="221.18976" r42="-7.418531" r43="-84.368" r44="1"></containerEntry>
          <containerEntry r11="-0.9957458" r12="0.012274797" r13="-0.09132688" r14="0" r21="0.0094995005" r22="0.9994816" r23="0.0307615" r24="0" r31="0.09165713" r32="0.02976306" r33="-0.99534625" r34="0" r41="224.26656" r42="-7.236895" r43="-70.0276" r44="1"></containerEntry>
        </property>
        <property name="colors" type="UInt32" container="DynamicArray" arraySize="49">
          <containerEntry>4294967295</containerEntry>
          <containerEntry>4294967295</containerEntry>
          <containerEntry>4294967295</containerEntry>
          <containerEntry>4294967295</containerEntry>
          <containerEntry>4294967295</containerEntry>
          <containerEntry>4294967295</containerEntry>
          <containerEntry>4294967295</containerEntry>
          <containerEntry>4294967295</containerEntry>
          <containerEntry>4294967295</containerEntry>
          <containerEntry>4294967295</containerEntry>
          <containerEntry>4294967295</containerEntry>
          <containerEntry>4294967295</containerEntry>
          <containerEntry>4294967295</containerEntry>
          <containerEntry>4294967295</containerEntry>
          <containerEntry>4294967295</containerEntry>
          <containerEntry>4294967295</containerEntry>
          <containerEntry>4294967295</containerEntry>
          <containerEntry>4294967295</containerEntry>
          <containerEntry>4294967295</containerEntry>
          <containerEntry>4294967295</containerEntry>
          <containerEntry>4294967295</containerEntry>
          <containerEntry>4294967295</containerEntry>
          <containerEntry>4294967295</containerEntry>
          <containerEntry>4294967295</containerEntry>
          <containerEntry>4294967295</containerEntry>
          <containerEntry>4294967295</containerEntry>
          <containerEntry>4294967295</containerEntry>
          <containerEntry>4294967295</containerEntry>
          <containerEntry>4294967295</containerEntry>
          <containerEntry>4294967295</containerEntry>
          <containerEntry>4294967295</containerEntry>
          <containerEntry>4294967295</containerEntry>
          <containerEntry>4294967295</containerEntry>
          <containerEntry>4294967295</containerEntry>
          <containerEntry>4294967295</containerEntry>
          <containerEntry>4294967295</containerEntry>
          <containerEntry>4294967295</containerEntry>
          <containerEntry>4294967295</containerEntry>
          <containerEntry>4294967295</containerEntry>
          <containerEntry>4294967295</containerEntry>
          <containerEntry>4294967295</containerEntry>
          <containerEntry>4294967295</containerEntry>
          <containerEntry>4294967295</containerEntry>
          <containerEntry>4294967295</containerEntry>
          <containerEntry>4294967295</containerEntry>
          <containerEntry>4294967295</containerEntry>
          <containerEntry>4294967295</containerEntry>
          <containerEntry>4294967295</containerEntry>
          <containerEntry>4294967295</containerEntry>
        </property>
      </staticProperties>
      <dynamicProperties></dynamicProperties>
    </entity>
    <entity class="StaticModelArray" classVersion="4" classID="0xD0" addr="0x2F05F70" id="0x0">
      <staticProperties>
        <property name="name" type="String" container="StaticArray" arraySize="1">
          <containerEntry>StaticModelArray0002</containerEntry>
        </property>
        <property name="dataSet" type="EntityHandle" container="StaticArray" arraySize="1">
          <containerEntry>0x2F03500</containerEntry>
        </property>
        <property name="modelFile" type="FilePtr" container="StaticArray" arraySize="1">
          <containerEntry>/Assets/tpp/environ/object/middle_africa/mud/mafr_mudd003/scenes/mafr_mudd003_grnd001.fmdl</containerEntry>
        </property>
        <property name="geomFile" type="FilePtr" container="StaticArray" arraySize="1">
          <containerEntry>/Assets/tpp/environ/object/middle_africa/mud/mafr_mudd003/scenes/mafr_mudd003_grnd001.geom</containerEntry>
        </property>
        <property name="isVisibleGeom" type="Bool" container="StaticArray" arraySize="1">
          <containerEntry>false</containerEntry>
        </property>
        <property name="lodFarSize" type="Float" container="StaticArray" arraySize="1">
          <containerEntry>-1</containerEntry>
        </property>
        <property name="lodNearSize" type="Float" container="StaticArray" arraySize="1">
          <containerEntry>-1</containerEntry>
        </property>
        <property name="lodPolygonSize" type="Float" container="StaticArray" arraySize="1">
          <containerEntry>-1</containerEntry>
        </property>
        <property name="drawRejectionLevel" type="Int32" container="StaticArray" arraySize="1">
          <containerEntry>8</containerEntry>
        </property>
        <property name="drawMode" type="Int32" container="StaticArray" arraySize="1">
          <containerEntry>0</containerEntry>
        </property>
        <property name="rejectFarRangeShadowCast" type="Int32" container="StaticArray" arraySize="1">
          <containerEntry>2</containerEntry>
        </property>
        <property name="parentLocator" type="EntityLink" container="StaticArray" arraySize="1">
          <containerEntry packagePathHash="0xB8A0BF169F98" archivePathHash="0xB8A0BF169F98" nameInArchiveHash="0xB8A0BF169F98">0x0</containerEntry>
        </property>
        <property name="transforms" type="Matrix4" container="DynamicArray" arraySize="14">
          <containerEntry r11="-0.684516" r12="-0.03797156" r13="0.72800684" r14="0" r21="-0.06878972" r22="0.99755096" r23="-0.012649834" r24="0" r31="-0.72574365" r32="-0.058738448" r33="-0.6854517" r34="0" r41="205.0407" r42="-7.133508" r43="-40.08731" r44="1"></containerEntry>
