<fox formatVersion="2" fileVersion="0">
  <entities>
    <entity class="DataSet" classVersion="0" classID="0xE8" addr="0x3353730" id="0x7BB0B6">
      <staticProperties>
        <property name="name" type="String" container="StaticArray" arraySize="1">
          <containerEntry hash="0xB8A0BF169F98"></containerEntry>
        </property>
        <property name="dataSet" type="EntityHandle" container="StaticArray" arraySize="1">
          <containerEntry>0x0</containerEntry>
        </property>
        <property name="dataList" type="EntityPtr" container="StringMap" arraySize="16">
          <containerEntry key="afgh_clff022_vrtn002_0003">
            <data>0x3352700</data>
          </containerEntry>
          <containerEntry key="afgh_rock010_vrtn001_0004">
            <data>0x317A6C0</data>
          </containerEntry>
          <containerEntry key="StaticModelArray0000">
            <data>0x317DEC0</data>
          </containerEntry>
          <containerEntry key="StaticModelArray0001">
            <data>0x317DAD0</data>
          </containerEntry>
          <containerEntry key="StaticModelArray0002">
            <data>0x317D9F0</data>
          </containerEntry>
          <containerEntry key="StaticModelArray0003">
            <data>0x317DE50</data>
          </containerEntry>
          <containerEntry key="StaticModelArray0004">
            <data>0x317D7C0</data>
          </containerEntry>
          <containerEntry key="StaticModelArray0005">
            <data>0x317DBB0</data>
          </containerEntry>
          <containerEntry key="StaticModelArray0006">
            <data>0x317DD00</data>
          </containerEntry>
          <containerEntry key="StaticModelArray0007">
            <data>0x3177710</data>
          </containerEntry>
          <containerEntry key="StaticModelArray0008">
            <data>0x317D210</data>
          </containerEntry>
          <containerEntry key="StaticModelArray0009">
            <data>0x317D280</data>
          </containerEntry>
          <containerEntry key="StaticModelArray0010">
            <data>0x317D2F0</data>
          </containerEntry>
          <containerEntry key="StaticModelArray0011">
            <data>0x317D360</data>
          </containerEntry>
          <containerEntry key="GeoxPathPack0000">
            <data>0x317DC20</data>
          </containerEntry>
          <containerEntry key="TexturePackLoadConditioner0000">
            <data>0x317E5C0</data>
          </containerEntry>
        </property>
      </staticProperties>
      <dynamicProperties></dynamicProperties>
    </entity>
    <entity class="StaticModel" classVersion="9" classID="0x160" addr="0x3352700" id="0x7BB109">
      <staticProperties>
        <property name="name" type="String" container="StaticArray" arraySize="1">
          <containerEntry>afgh_clff022_vrtn002_0003</containerEntry>
        </property>
        <property name="dataSet" type="EntityHandle" container="StaticArray" arraySize="1">
          <containerEntry>0x3353730</containerEntry>
        </property>
        <property name="parent" type="EntityHandle" container="StaticArray" arraySize="1">
          <containerEntry>0x0</containerEntry>
        </property>
        <property name="transform" type="EntityPtr" container="StaticArray" arraySize="1">
          <containerEntry>0x3352690</containerEntry>
        </property>
        <property name="shearTransform" type="EntityPtr" container="StaticArray" arraySize="1">
          <containerEntry>0x0</containerEntry>
        </property>
        <property name="pivotTransform" type="EntityPtr" container="StaticArray" arraySize="1">
          <containerEntry>0x0</containerEntry>
        </property>
        <property name="children" type="EntityHandle" container="List"></property>
        <property name="flags" type="UInt32" container="StaticArray" arraySize="1">
          <containerEntry>3221225479</containerEntry>
        </property>
        <property name="modelFile" type="FilePtr" container="StaticArray" arraySize="1">
          <containerEntry>/Assets/tpp/environ/object/afghanistan/cliff/afgh_clff022/scenes/afgh_clff022_vrtn002.fmdl</containerEntry>
        </property>
        <property name="geomFile" type="FilePtr" container="StaticArray" arraySize="1">
          <containerEntry>/Assets/tpp/environ/object/afghanistan/cliff/afgh_clff022/scenes/afgh_clff022_vrtn002.geom</containerEntry>
        </property>
        <property name="isVisibleGeom" type="Bool" container="StaticArray" arraySize="1">
          <containerEntry>false</containerEntry>
        </property>
        <property name="isIsolated" type="Bool" container="StaticArray" arraySize="1">
          <containerEntry>false</containerEntry>
        </property>
        <property name="lodFarSize" type="Float" container="StaticArray" arraySize="1">
          <containerEntry>-1</containerEntry>
        </property>
        <property name="lodNearSize" type="Float" container="StaticArray" arraySize="1">
          <containerEntry>-1</containerEntry>
        </property>
        <property name="lodPolygonSize" type="Float" container="StaticArray" arraySize="1">
          <containerEntry>-1</containerEntry>
        </property>
        <property name="color" type="Color" container="StaticArray" arraySize="1">
          <containerEntry r="1" g="1" b="1" a="1"></containerEntry>
        </property>
        <property name="drawRejectionLevel" type="Int32" container="StaticArray" arraySize="1">
          <containerEntry>8</containerEntry>
        </property>
        <property name="drawMode" type="Int32" container="StaticArray" arraySize="1">
          <containerEntry>0</containerEntry>
        </property>
        <property name="rejectFarRangeShadowCast" type="Int32" container="StaticArray" arraySize="1">
          <containerEntry>2</containerEntry>
        </property>
      </staticProperties>
      <dynamicProperties></dynamicProperties>
    </entity>
    <entity class="TransformEntity" classVersion="0" classID="0x50" addr="0x3352690" id="0x7BB10C">
      <staticProperties>
        <property name="owner" type="EntityHandle" container="StaticArray" arraySize="1">
          <containerEntry>0x3352700</containerEntry>
        </property>
        <property name="transform_scale" type="Vector3" container="StaticArray" arraySize="1">
          <containerEntry x="1" y="1" z="1" w="0"></containerEntry>
        </property>
        <property name="transform_rotation_quat" type="Quat" container="StaticArray" arraySize="1">
          <containerEntry x="0" y="-0.893886" z="0" w="0.448294"></containerEntry>
        </property>
        <property name="transform_translation" type="Vector3" container="StaticArray" arraySize="1">
          <containerEntry x="1750.7302" y="365.6471" z="523.31586" w="0"></containerEntry>
        </property>
      </staticProperties>
      <dynamicProperties></dynamicProperties>
    </entity>
    <entity class="StaticModel" classVersion="9" classID="0x160" addr="0x317A6C0" id="0x7BB2F9">
      <staticProperties>
        <property name="name" type="String" container="StaticArray" arraySize="1">
          <containerEntry>afgh_rock010_vrtn001_0004</containerEntry>
        </property>
        <property name="dataSet" type="EntityHandle" container="StaticArray" arraySize="1">
          <containerEntry>0x3353730</containerEntry>
        </property>
        <property name="parent" type="EntityHandle" container="StaticArray" arraySize="1">
          <containerEntry>0x0</containerEntry>
        </property>
        <property name="transform" type="EntityPtr" container="StaticArray" arraySize="1">
          <containerEntry>0x317A730</containerEntry>
        </property>
        <property name="shearTransform" type="EntityPtr" container="StaticArray" arraySize="1">
          <containerEntry>0x0</containerEntry>
        </property>
        <property name="pivotTransform" type="EntityPtr" container="StaticArray" arraySize="1">
          <containerEntry>0x0</containerEntry>
        </property>
        <property name="children" type="EntityHandle" container="List"></property>
        <property name="flags" type="UInt32" container="StaticArray" arraySize="1">
          <containerEntry>7</containerEntry>
        </property>
        <property name="modelFile" type="FilePtr" container="StaticArray" arraySize="1">
          <containerEntry>/Assets/tpp/environ/object/afghanistan/rock/afgh_rock010/scenes/afgh_rock010_vrtn001.fmdl</containerEntry>
        </property>
        <property name="geomFile" type="FilePtr" container="StaticArray" arraySize="1">
          <containerEntry>/Assets/tpp/environ/object/afghanistan/rock/afgh_rock010/scenes/afgh_rock010_vrtn001.geom</containerEntry>
        </property>
        <property name="isVisibleGeom" type="Bool" container="StaticArray" arraySize="1">
          <containerEntry>false</containerEntry>
        </property>
        <property name="isIsolated" type="Bool" container="StaticArray" arraySize="1">
          <containerEntry>false</containerEntry>
        </property>
        <property name="lodFarSize" type="Float" container="StaticArray" arraySize="1">
          <containerEntry>-1</containerEntry>
        </property>
        <property name="lodNearSize" type="Float" container="StaticArray" arraySize="1">
          <containerEntry>-1</containerEntry>
        </property>
        <property name="lodPolygonSize" type="Float" container="StaticArray" arraySize="1">
          <containerEntry>-1</containerEntry>
        </property>
        <property name="color" type="Color" container="StaticArray" arraySize="1">
          <containerEntry r="1" g="1" b="1" a="1"></containerEntry>
        </property>
        <property name="drawRejectionLevel" type="Int32" container="StaticArray" arraySize="1">
          <containerEntry>8</containerEntry>
        </property>
        <property name="drawMode" type="Int32" container="StaticArray" arraySize="1">
          <containerEntry>0</containerEntry>
        </property>
        <property name="rejectFarRangeShadowCast" type="Int32" container="StaticArray" arraySize="1">
          <containerEntry>2</containerEntry>
        </property>
      </staticProperties>
      <dynamicProperties></dynamicProperties>
    </entity>
    <entity class="TransformEntity" classVersion="0" classID="0x50" addr="0x317A730" id="0x7BB2FC">
      <staticProperties>
        <property name="owner" type="EntityHandle" container="StaticArray" arraySize="1">
          <containerEntry>0x317A6C0</containerEntry>
        </property>
        <property name="transform_scale" type="Vector3" container="StaticArray" arraySize="1">
          <containerEntry x="1" y="1" z="1" w="0"></containerEntry>
        </property>
        <property name="transform_rotation_quat" type="Quat" container="StaticArray" arraySize="1">
          <containerEntry x="0.016297" y="-0.321599" z="0.0077" w="-0.946702"></containerEntry>
        </property>
        <property name="transform_translation" type="Vector3" container="StaticArray" arraySize="1">
          <containerEntry x="1762.8417" y="364.73035" z="577.0591" w="0"></containerEntry>
        </property>
      </staticProperties>
      <dynamicProperties></dynamicProperties>
    </entity>
    <entity class="StaticModelArray" classVersion="4" classID="0xD0" addr="0x317DEC0" id="0x0">
      <staticProperties>
        <property name="name" type="String" container="StaticArray" arraySize="1">
          <containerEntry>StaticModelArray0000</containerEntry>
        </property>
        <property name="dataSet" type="EntityHandle" container="StaticArray" arraySize="1">
          <containerEntry>0x3353730</containerEntry>
        </property>
        <property name="modelFile" type="FilePtr" container="StaticArray" arraySize="1">
          <containerEntry>/Assets/tpp/environ/object/afghanistan/rock/afgh_rock009/scenes/afgh_rock009_rock001.fmdl</containerEntry>
        </property>
        <property name="geomFile" type="FilePtr" container="StaticArray" arraySize="1">
          <containerEntry>/Assets/tpp/environ/object/afghanistan/rock/afgh_rock009/scenes/afgh_rock009_rock001.geom</containerEntry>
        </property>
        <property name="isVisibleGeom" type="Bool" container="StaticArray" arraySize="1">
          <containerEntry>false</containerEntry>
        </property>
        <property name="lodFarSize" type="Float" container="StaticArray" arraySize="1">
          <containerEntry>-1</containerEntry>
        </property>
        <property name="lodNearSize" type="Float" container="StaticArray" arraySize="1">
          <containerEntry>-1</containerEntry>
        </property>
        <property name="lodPolygonSize" type="Float" container="StaticArray" arraySize="1">
          <containerEntry>-1</containerEntry>
        </property>
        <property name="drawRejectionLevel" type="Int32" container="StaticArray" arraySize="1">
          <containerEntry>3</containerEntry>
        </property>
        <property name="drawMode" type="Int32" container="StaticArray" arraySize="1">
          <containerEntry>0</containerEntry>
        </property>
        <property name="rejectFarRangeShadowCast" type="Int32" container="StaticArray" arraySize="1">
          <containerEntry>2</containerEntry>
        </property>
        <property name="parentLocator" type="EntityLink" container="StaticArray" arraySize="1">
          <containerEntry packagePathHash="0xB8A0BF169F98" archivePathHash="0xB8A0BF169F98" nameInArchiveHash="0xB8A0BF169F98">0x0</containerEntry>
        </property>
        <property name="transforms" type="Matrix4" container="DynamicArray" arraySize="7">
          <containerEntry r11="0.9733009" r12="0.03533981" r13="0.22679603" r14="0" r21="-0.10444575" r22="0.94804406" r23="0.3005052" r24="0" r31="-0.20439282" r32="-0.3161699" r33="0.92642325" r34="0" r41="1723.0988" r42="351.54517" r43="541.5745" r44="1"></containerEntry>
          <containerEntry r11="0.28459412" r12="0.958627" r13="0.006215051" r14="0" r21="-0.9205365" r22="0.2714647" r23="0.28092274" r24="0" r31="0.2676133" r32="-0.08566988" r33="0.9597102" r34="0" r41="1704.8408" r42="345.91547" r43="631.68365" r44="1"></containerEntry>
          <containerEntry r11="0.16587675" r12="-0.31633615" r13="0.9340318" r14="0" r21="0.29052955" r22="-0.88943917" r23="-0.3528294" r24="0" r31="0.9423781" r32="0.32989007" r33="-0.05563143" r34="0" r41="1686.5089" r42="344.71844" r43="555.996" r44="1"></containerEntry>
          <containerEntry r11="-0.9877858" r12="-0.13665213" r13="0.07486386" r14="0" r21="0.11837246" r22="-0.97056246" r23="-0.20975132" r24="0" r31="0.101323046" r32="-0.19832765" r33="0.9748845" r34="0" r41="1744.861" r42="353.48776" r43="581.87787" r44="1"></containerEntry>
          <containerEntry r11="-0.9163919" r12="-0.36474022" r13="0.1648824" r14="0" r21="0.29052958" r22="-0.88943845" r23="-0.35282803" r24="0" r31="0.27534384" r32="-0.2754262" r33="0.92104614" r34="0" r41="1733.6919" r42="350.37543" r43="607.4554" r44="1"></containerEntry>
          <containerEntry r11="-0.80164605" r12="0.5508316" r13="-0.23226294" r14="0" r21="-0.55876404" r22="-0.8285274" r23="-0.036373083" r24="0" r31="-0.2124719" r32="0.10062188" r33="0.9719727" r34="0" r41="1750.8384" r42="360.24292" r43="603.51715" r44="1"></containerEntry>
          <containerEntry r11="-0.8569157" r12="-0.1864145" r13="0.48055658" r14="0" r21="-0.15571953" r22="0.9823746" r23="0.10339968" r24="0" r31="-0.49136183" r32="0.013773099" r33="-0.8708406" r34="0" r41="1700.2559" r42="348.42157" r43="521.5725" r44="1"></containerEntry>
        </property>
        <property name="colors" type="UInt32" container="DynamicArray" arraySize="7">
          <containerEntry>4294967295</containerEntry>
          <containerEntry>4294967295</containerEntry>
          <containerEntry>4294967295</containerEntry>
          <containerEntry>4294967295</containerEntry>
          <containerEntry>4294967295</containerEntry>
          <containerEntry>4294967295</containerEntry>
          <containerEntry>4294967295</containerEntry>
        </property>
      </staticProperties>
      <dynamicProperties></dynamicProperties>
    </entity>
    <entity class="StaticModelArray" classVersion="4" classID="0xD0" addr="0x317DAD0" id="0x0">
      <staticProperties>
        <property name="name" type="String" container="StaticArray" arraySize="1">
          <containerEntry>StaticModelArray0001</containerEntry>
        </property>
        <property name="dataSet" type="EntityHandle" container="StaticArray" arraySize="1">
          <containerEntry>0x3353730</containerEntry>
        </property>
        <property name="modelFile" type="FilePtr" container="StaticArray" arraySize="1">
          <containerEntry>/Assets/tpp/environ/object/afghanistan/cliff/afgh_clff041/scenes/afgh_clff041_vrtn002.fmdl</containerEntry>
        </property>
        <property name="geomFile" type="FilePtr" container="StaticArray" arraySize="1">
          <containerEntry>/Assets/tpp/environ/object/afghanistan/cliff/afgh_clff041/scenes/afgh_clff041_vrtn002.geom</containerEntry>
        </property>
        <property name="isVisibleGeom" type="Bool" container="StaticArray" arraySize="1">
          <containerEntry>false</containerEntry>
        </property>
        <property name="lodFarSize" type="Float" container="StaticArray" arraySize="1">
          <containerEntry>-1</containerEntry>
        </property>
        <property name="lodNearSize" type="Float" container="StaticArray" arraySize="1">
          <containerEntry>-1</containerEntry>
        </property>
        <property name="lodPolygonSize" type="Float" container="StaticArray" arraySize="1">
          <containerEntry>-1</containerEntry>
        </property>
        <property name="drawRejectionLevel" type="Int32" container="StaticArray" arraySize="1">
          <containerEntry>8</containerEntry>
        </property>
        <property name="drawMode" type="Int32" container="StaticArray" arraySize="1">
          <containerEntry>0</containerEntry>
        </property>
        <property name="rejectFarRangeShadowCast" type="Int32" container="StaticArray" arraySize="1">
          <containerEntry>2</containerEntry>
        </property>
        <property name="parentLocator" type="EntityLink" container="StaticArray" arraySize="1">
          <containerEntry packagePathHash="0xB8A0BF169F98" archivePathHash="0xB8A0BF169F98" nameInArchiveHash="0xB8A0BF169F98">0x0</containerEntry>
        </property>
        <property name="transforms" type="Matrix4" container="DynamicArray" arraySize="2">
          <containerEntry r11="-0.6271636" r12="-0.15570174" r13="0.7631663" r14="0" r21="-0.06317651" r22="0.9867563" r23="0.14940082" r24="0" r31="-0.7763212" r32="0.045484558" r33="-0.62869436" r34="0" r41="1780.5306" r42="382.69345" r43="610.15344" r44="1"></containerEntry>
          <containerEntry r11="0.8157992" r12="-0.0299042" r13="0.5775613" r14="0" r21="-0.026238197" r22="0.9957202" r23="0.08861613" r24="0" r31="-0.5777394" r32="-0.08744714" r33="0.8115231" r34="0" r41="1791.5431" r42="393.282" r43="555.6472" r44="1"></containerEntry>
        </property>
        <property name="colors" type="UInt32" container="DynamicArray" arraySize="2">
          <containerEntry>4294967295</containerEntry>
          <containerEntry>4294967295</containerEntry>
        </property>
      </staticProperties>
      <dynamicProperties></dynamicProperties>
    </entity>
    <entity class="StaticModelArray" classVersion="4" classID="0xD0" addr="0x317D9F0" id="0x0">
      <staticProperties>
        <property name="name" type="String" container="StaticArray" arraySize="1">
          <containerEntry>StaticModelArray0002</containerEntry>
        </property>
        <property name="dataSet" type="EntityHandle" container="StaticArray" arraySize="1">
          <containerEntry>0x3353730</containerEntry>
        </property>
        <property name="modelFile" type="FilePtr" container="StaticArray" arraySize="1">
          <containerEntry>/Assets/tpp/environ/object/afghanistan/cliff/afgh_clff035/scenes/afgh_clff035_vrtn003.fmdl</containerEntry>
        </property>
        <property name="geomFile" type="FilePtr" container="StaticArray" arraySize="1">
          <containerEntry>/Assets/tpp/environ/object/afghanistan/cliff/afgh_clff035/scenes/afgh_clff035_vrtn003.geom</containerEntry>
        </property>
        <property name="isVisibleGeom" type="Bool" container="StaticArray" arraySize="1">
          <containerEntry>false</containerEntry>
        </property>
        <property name="lodFarSize" type="Float" container="StaticArray" arraySize="1">
          <containerEntry>-1</containerEntry>
        </property>
        <property name="lodNearSize" type="Float" container="StaticArray" arraySize="1">
          <containerEntry>-1</containerEntry>
        </property>
        <property name="lodPolygonSize" type="Float" container="StaticArray" arraySize="1">
          <containerEntry>-1</containerEntry>
        </property>
        <property name="drawRejectionLevel" type="Int32" container="StaticArray" arraySize="1">
          <containerEntry>8</containerEntry>
        </property>
        <property name="drawMode" type="Int32" container="StaticArray" arraySize="1">
          <containerEntry>0</containerEntry>
        </property>
        <property name="rejectFarRangeShadowCast" type="Int32" container="StaticArray" arraySize="1">
          <containerEntry>2</containerEntry>
        </property>
        <property name="parentLocator" type="EntityLink" container="StaticArray" arraySize="1">
          <containerEntry packagePathHash="0xB8A0BF169F98" archivePathHash="0xB8A0BF169F98" nameInArchiveHash="0xB8A0BF169F98">0x0</containerEntry>
        </property>
        <property name="transforms" type="Matrix4" container="DynamicArray" arraySize="2">
          <containerEntry r11="-0.18699078" r12="-0.0475736" r13="0.98120826" r14="0" r21="0.037965212" r22="0.9977305" r23="0.05560977" r24="0" r31="-0.98162705" r32="0.04765036" r33="-0.18476027" r34="0" r41="1756.0283" r42="377.7217" r43="528.0472" r44="1"></containerEntry>
          <containerEntry r11="-0.18699078" r12="-0.0475736" r13="0.98120826" r14="0" r21="0.037965212" r22="0.9977305" r23="0.05560977" r24="0" r31="-0.98162705" r32="0.04765036" r33="-0.18476027" r34="0" r41="1753.4136" r42="364.8282" r43="582.5327" r44="1"></containerEntry>
        </property>
        <property name="colors" type="UInt32" container="DynamicArray" arraySize="2">
          <containerEntry>4294967295</containerEntry>
          <containerEntry>4294967295</containerEntry>
        </property>
      </staticProperties>
      <dynamicProperties></dynamicProperties>
    </entity>
    <entity class="StaticModelArray" classVersion="4" classID="0xD0" addr="0x317DE50" id="0x0">
      <staticProperties>
        <property name="name" type="String" container="StaticArray" arraySize="1">
          <containerEntry>StaticModelArray0003</containerEntry>
        </property>
        <property name="dataSet" type="EntityHandle" container="StaticArray" arraySize="1">
          <containerEntry>0x3353730</containerEntry>
        </property>
        <property name="modelFile" type="FilePtr" container="StaticArray" arraySize="1">
          <containerEntry>/Assets/tpp/environ/object/afghanistan/cliff/afgh_clff025/scenes/afgh_clff025.fmdl</containerEntry>
        </property>
        <property name="geomFile" type="FilePtr" container="StaticArray" arraySize="1">
          <containerEntry>/Assets/tpp/environ/object/afghanistan/cliff/afgh_clff025/scenes/afgh_clff025.geom</containerEntry>
        </property>
        <property name="isVisibleGeom" type="Bool" container="StaticArray" arraySize="1">
          <containerEntry>false</containerEntry>
        </property>
        <property name="lodFarSize" type="Float" container="StaticArray" arraySize="1">
          <containerEntry>-1</containerEntry>
        </property>
        <property name="lodNearSize" type="Float" container="StaticArray" arraySize="1">
          <containerEntry>-1</containerEntry>
        </property>
        <property name="lodPolygonSize" type="Float" container="StaticArray" arraySize="1">
          <containerEntry>-1</containerEntry>
        </property>
        <property name="drawRejectionLevel" type="Int32" container="StaticArray" arraySize="1">
          <containerEntry>8</containerEntry>
        </property>
        <property name="drawMode" type="Int32" container="StaticArray" arraySize="1">
          <containerEntry>0</containerEntry>
        </property>
        <property name="rejectFarRangeShadowCast" type="Int32" container="StaticArray" arraySize="1">
          <containerEntry>2</containerEntry>
        </property>
        <property name="parentLocator" type="EntityLink" container="StaticArray" arraySize="1">
          <containerEntry packagePathHash="0xB8A0BF169F98" archivePathHash="0xB8A0BF169F98" nameInArchiveHash="0xB8A0BF169F98">0x0</containerEntry>
        </property>
        <property name="transforms" type="Matrix4" container="DynamicArray" arraySize="6">
          <containerEntry r11="-0.3539239" r12="-0.08629301" r13="0.9312841" r14="0" r21="0.028969128" r22="0.99424523" r23="0.10313636" r24="0" r31="-0.93482476" r32="0.06348099" r33="-0.34938735" r34="0" r41="1725.1229" r42="350.50006" r43="559.2105" r44="1"></containerEntry>
          <containerEntry r11="-0.053423285" r12="0" r13="0.99857265" r14="0" r21="0" r22="1" r23="0" r24="0" r31="-0.99857265" r32="0" r33="-0.053423285" r34="0" r41="1724.6527" r42="350.77353" r43="547.7934" r44="1"></containerEntry>
          <containerEntry r11="0.07269895" r12="-0.06571458" r13="0.9951863" r14="0" r21="0.047506258" r22="0.99692255" r23="0.062358864" r24="0" r31="-0.99622154" r32="0.04274419" r33="0.07559711" r34="0" r41="1724.5171" r42="349.8473" r43="570.00696" r44="1"></containerEntry>
          <containerEntry r11="1.1695046" r12="-0.024999749" r13="0.93895286" r14="0" r21="0.05801189" r22="1.4985285" r23="-0.03235761" r24="0" r31="-0.9374925" r32="0.06154191" r33="1.1693242" r34="0" r41="1675.5786" r42="346.83878" r43="536.3301" r44="1"></containerEntry>
          <containerEntry r11="0.38000327" r12="0" r13="0.92498475" r14="0" r21="0" r22="1" r23="0" r24="0" r31="-0.92498475" r32="0" r33="0.38000327" r34="0" r41="1750.2552" r42="363.03778" r43="562.2778" r44="1"></containerEntry>
          <containerEntry r11="0.14288771" r12="0" r13="0.9897388" r14="0" r21="0" r22="1" r23="0" r24="0" r31="-0.9897388" r32="0" r33="0.14288771" r34="0" r41="1753.9619" r42="363.73267" r43="571.5856" r44="1"></containerEntry>
        </property>
        <property name="colors" type="UInt32" container="DynamicArray" arraySize="6">
          <containerEntry>4294967295</containerEntry>
          <containerEntry>4294967295</containerEntry>
          <containerEntry>4294967295</containerEntry>
          <containerEntry>4294967295</containerEntry>
          <containerEntry>4294967295</containerEntry>
          <containerEntry>4294967295</containerEntry>
        </property>
      </staticProperties>
      <dynamicProperties></dynamicProperties>
    </entity>
    <entity class="StaticModelArray" classVersion="4" classID="0xD0" addr="0x317D7C0" id="0x0">
      <staticProperties>
        <property name="name" type="String" container="StaticArray" arraySize="1">
          <containerEntry>StaticModelArray0004</containerEntry>
        </property>
        <property name="dataSet" type="EntityHandle" container="StaticArray" arraySize="1">
          <containerEntry>0x3353730</containerEntry>
        </property>
        <property name="modelFile" type="FilePtr" container="StaticArray" arraySize="1">
          <containerEntry>/Assets/tpp/environ/object/afghanistan/rock/afgh_rock010/scenes/afgh_rock010.fmdl</containerEntry>
        </property>
        <property name="geomFile" type="FilePtr" container="StaticArray" arraySize="1">
          <containerEntry>/Assets/tpp/environ/object/afghanistan/rock/afgh_rock010/scenes/afgh_rock010.geom</containerEntry>
        </property>
        <property name="isVisibleGeom" type="Bool" container="StaticArray" arraySize="1">
          <containerEntry>false</containerEntry>
        </property>
        <property name="lodFarSize" type="Float" container="StaticArray" arraySize="1">
          <containerEntry>-1</containerEntry>
        </property>
        <property name="lodNearSize" type="Float" container="StaticArray" arraySize="1">
          <containerEntry>-1</containerEntry>
        </property>
        <property name="lodPolygonSize" type="Float" container="StaticArray" arraySize="1">
          <containerEntry>-1</containerEntry>
        </property>
        <property name="drawRejectionLevel" type="Int32" container="StaticArray" arraySize="1">
          <containerEntry>8</containerEntry>
        </property>
        <property name="drawMode" type="Int32" container="StaticArray" arraySize="1">
          <containerEntry>0</containerEntry>
        </property>
        <property name="rejectFarRangeShadowCast" type="Int32" container="StaticArray" arraySize="1">
          <containerEntry>2</containerEntry>
        </property>
        <property name="parentLocator" type="EntityLink" container="StaticArray" arraySize="1">
          <containerEntry packagePathHash="0xB8A0BF169F98" archivePathHash="0xB8A0BF169F98" nameInArchiveHash="0xB8A0BF169F98">0x0</containerEntry>
        </property>
        <property name="transforms" type="Matrix4" container="DynamicArray" arraySize="7">
          <containerEntry r11="0.845734" r12="0.29200467" r13="0.44661638" r14="0" r21="-0.23515627" r22="0.95528114" r23="-0.17927398" r24="0" r31="-0.47899315" r32="0.046592966" r33="0.8765807" r34="0" r41="1735.9692" r42="349.68442" r43="633.1086" r44="1"></containerEntry>
          <containerEntry r11="0.73881197" r12="0.18917376" r13="-0.6468133" r14="0" r21="-0.0969181" r22="0.97964114" r23="0.17581221" r24="0" r31="0.6669041" r32="-0.067203686" r33="0.74210507" r34="0" r41="1683.344" r42="347.5804" r43="539.9201" r44="1"></containerEntry>
          <containerEntry r11="-0.16772199" r12="-0.15629938" r13="0.97335917" r14="0" r21="-0.3390305" r22="0.93627346" r23="0.091922514" r24="0" r31="-0.9256975" r32="-0.31458214" r33="-0.21002376" r34="0" r41="1719.9143" r42="349.91788" r43="531.1329" r44="1"></containerEntry>
          <containerEntry r11="-0.16386804" r12="-0.13086303" r13="0.97775865" r14="0" r21="-0.457366" r22="0.8882746" r23="0.04223138" r24="0" r31="-0.8740443" r32="-0.44027492" r33="-0.20541185" r34="0" r41="1745.8165" r42="352.77255" r43="597.5095" r44="1"></containerEntry>
          <containerEntry r11="-0.14282884" r12="0.021544462" r13="-0.98950845" r14="0" r21="0.0010260846" r22="0.99976575" r23="0.021619596" r24="0" r31="0.98974246" r32="0.0020726742" r33="-0.1428175" r34="0" r41="1754.6965" r42="364.88788" r43="514.3327" r44="1"></containerEntry>
          <containerEntry r11="1.2423303" r12="0.4897161" r13="0.6721723" r14="0" r21="-0.5949006" r22="1.3676579" r23="0.10309594" r24="0" r31="-0.5811461" r32="-0.35314813" r33="1.3313823" r34="0" r41="1774.8081" r42="368.0121" r43="636.30743" r44="1"></containerEntry>
          <containerEntry r11="-0.16386804" r12="-0.13086303" r13="0.97775865" r14="0" r21="-0.457366" r22="0.8882746" r23="0.04223138" r24="0" r31="-0.8740443" r32="-0.44027492" r33="-0.20541185" r34="0" r41="1766.6753" r42="364.29892" r43="602.9618" r44="1"></containerEntry>
        </property>
        <property name="colors" type="UInt32" container="DynamicArray" arraySize="7">
          <containerEntry>4294967295</containerEntry>
          <containerEntry>4294967295</containerEntry>
          <containerEntry>4294967295</containerEntry>
          <containerEntry>4294967295</containerEntry>
          <containerEntry>4294967295</containerEntry>
          <containerEntry>4294967295</containerEntry>
          <containerEntry>4294967295</containerEntry>
        </property>
      </staticProperties>
      <dynamicProperties></dynamicProperties>
    </entity>
    <entity class="StaticModelArray" classVersion="4" classID="0xD0" addr="0x317DBB0" id="0x0">
      <staticProperties>
        <property name="name" type="String" container="StaticArray" arraySize="1">
          <containerEntry>StaticModelArray0005</containerEntry>
        </property>
        <property name="dataSet" type="EntityHandle" container="StaticArray" arraySize="1">
          <containerEntry>0x3353730</containerEntry>
        </property>
        <property name="modelFile" type="FilePtr" container="StaticArray" arraySize="1">
          <containerEntry>/Assets/tpp/environ/object/afghanistan/rock/afgh_rock001/scenes/afgh_rock001.fmdl</containerEntry>
        </property>
        <property name="geomFile" type="FilePtr" container="StaticArray" arraySize="1">
          <containerEntry>/Assets/tpp/environ/object/afghanistan/rock/afgh_rock001/scenes/afgh_rock001.geom</containerEntry>
        </property>
        <property name="isVisibleGeom" type="Bool" container="StaticArray" arraySize="1">
          <containerEntry>false</containerEntry>
        </property>
        <property name="lodFarSize" type="Float" container="StaticArray" arraySize="1">
          <containerEntry>50</containerEntry>
        </property>
        <property name="lodNearSize" type="Float" container="StaticArray" arraySize="1">
          <containerEntry>400</containerEntry>
        </property>
        <property name="lodPolygonSize" type="Float" container="StaticArray" arraySize="1">
          <containerEntry>-1</containerEntry>
        </property>
        <property name="drawRejectionLevel" type="Int32" container="StaticArray" arraySize="1">
          <containerEntry>3</containerEntry>
        </property>
        <property name="drawMode" type="Int32" container="StaticArray" arraySize="1">
          <containerEntry>0</containerEntry>
        </property>
        <property name="rejectFarRangeShadowCast" type="Int32" container="StaticArray" arraySize="1">
          <containerEntry>2</containerEntry>
        </property>
        <property name="parentLocator" type="EntityLink" container="StaticArray" arraySize="1">
          <containerEntry packagePathHash="0xB8A0BF169F98" archivePathHash="0xB8A0BF169F98" nameInArchiveHash="0xB8A0BF169F98">0x0</containerEntry>
        </property>
        <property name="transforms" type="Matrix4" container="DynamicArray" arraySize="21">
          <containerEntry r11="-0.91360146" r12="-0.22452232" r13="-0.33899808" r14="0" r21="-0.2503743" r22="0.96755403" r23="0.0339386" r24="0" r31="0.32037896" r32="0.11588286" r33="-0.9401734" r34="0" r41="1710.8271" r42="347.72403" r43="537.15393" r44="1"></containerEntry>
          <containerEntry r11="-0.91360146" r12="-0.22452232" r13="-0.33899808" r14="0" r21="-0.2503743" r22="0.96755403" r23="0.0339386" r24="0" r31="0.32037896" r32="0.11588286" r33="-0.9401734" r34="0" r41="1706.0106" r42="345.2677" r43="557.9768" r44="1"></containerEntry>
          <containerEntry r11="0.5864605" r12="0.75515527" r13="0.29292336" r14="0" r21="0.74392277" r22="-0.6452203" r23="0.17397486" r24="0" r31="0.32037857" r32="0.11588318" r33="-0.94017327" r34="0" r41="1718.2621" r42="345.2677" r43="572.9505" r44="1"></containerEntry>
          <containerEntry r11="0.9365012" r12="0.11061356" r13="0.33276123" r14="0" r21="0.14255744" r22="-0.98708254" r23="-0.0730862" r24="0" r31="0.32037908" r32="0.11588295" r33="-0.9401727" r34="0" r41="1732.7316" r42="352.53766" r43="567.92847" r44="1"></containerEntry>
          <containerEntry r11="0.9365012" r12="0.11061356" r13="0.33276123" r14="0" r21="0.14255744" r22="-0.98708254" r23="-0.0730862" r24="0" r31="0.32037908" r32="0.11588295" r33="-0.9401727" r34="0" r41="1742.1617" r42="352.53766" r43="593.44464" r44="1"></containerEntry>
          <containerEntry r11="-0.91360146" r12="-0.22452232" r13="-0.33899808" r14="0" r21="-0.2503743" r22="0.96755403" r23="0.0339386" r24="0" r31="0.32037896" r32="0.11588286" r33="-0.9401734" r34="0" r41="1730.7828" r42="354.89325" r43="537.15393" r44="1"></containerEntry>
          <containerEntry r11="0.7731035" r12="0.064936966" r13="0.63094664" r14="0" r21="0.14255719" r22="-0.98708165" r23="-0.07308553" r24="0" r31="0.61805165" r32="0.14644876" r33="-0.77237284" r34="0" r41="1729.0308" r42="348.61942" r43="612.1444" r44="1"></containerEntry>
          <containerEntry r11="0.9365012" r12="0.11061356" r13="0.33276123" r14="0" r21="0.14255744" r22="-0.98708254" r23="-0.0730862" r24="0" r31="0.32037908" r32="0.11588295" r33="-0.9401727" r34="0" r41="1730.5776" r42="348.4349" r43="596.1258" r44="1"></containerEntry>
          <containerEntry r11="-0.9134034" r12="0.3220446" r13="0.24895999" r14="0" r21="0.30215102" r22="0.9462414" r23="-0.115464695" r24="0" r31="-0.27276102" r32="-0.030242346" r33="-0.96160614" r34="0" r41="1679.7869" r42="350.62814" r43="520.58" r44="1"></containerEntry>
          <containerEntry r11="-0.6108402" r12="0.44927382" r13="0.65194106" r14="0" r21="-0.022302464" r22="0.8133235" r23="-0.5813841" r24="0" r31="-0.79143965" r32="-0.36967275" r33="-0.48679078" r34="0" r41="1702.8201" r42="341.14203" r43="593.48975" r44="1"></containerEntry>
          <containerEntry r11="-0.9800382" r12="-0.13269518" r13="-0.14803675" r14="0" r21="-0.15222384" r22="0.9798289" r23="0.12947303" r24="0" r31="0.12787023" r32="0.14942339" r33="-0.9804691" r34="0" r41="1689.7745" r42="338.84625" r43="637.693" r44="1"></containerEntry>
          <containerEntry r11="-0.8270764" r12="-0.44966316" r13="-0.33726442" r14="0" r21="-0.46184534" r22="0.88564885" r23="-0.048217963" r24="0" r31="0.32037967" r32="0.115884066" r33="-0.94017404" r34="0" r41="1678.5724" r42="350.83957" r43="520.83685" r44="1"></containerEntry>
          <containerEntry r11="-0.9800382" r12="-0.13269518" r13="-0.14803675" r14="0" r21="-0.15222384" r22="0.9798289" r23="0.12947303" r24="0" r31="0.12787023" r32="0.14942339" r33="-0.9804691" r34="0" r41="1702.8201" r42="341.14203" r43="594.53735" r44="1"></containerEntry>
          <containerEntry r11="-0.4337052" r12="-0.48571843" r13="0.75893444" r14="0" r21="-0.3323841" r22="0.86911154" r23="0.36628717" r24="0" r31="-0.837511" r32="-0.09339751" r33="-0.53838336" r34="0" r41="1683.4894" r42="344.5122" r43="555.48816" r44="1"></containerEntry>
          <containerEntry r11="-0.509892" r12="-0.22062835" r13="0.83146507" r14="0" r21="0.18265939" r22="0.9167429" r23="0.35527176" r24="0" r31="-0.8406227" r32="0.33302492" r33="-0.42714012" r34="0" r41="1664.1888" r42="345.8044" r43="594.327" r44="1"></containerEntry>
          <containerEntry r11="-0.5098923" r12="-0.22062927" r13="0.8314646" r14="0" r21="-0.46184552" r22="0.8856488" r23="-0.048217624" r24="0" r31="-0.7257474" r32="-0.4085939" r33="-0.5534822" r34="0" r41="1678.5724" r42="350.83957" r43="534.3092" r44="1"></containerEntry>
          <containerEntry r11="0.051651463" r12="-0.18302836" r13="0.98175037" r14="0" r21="0.18010046" r22="0.9686511" r23="0.17111087" r24="0" r31="-0.9822917" r32="0.16797537" r33="0.08299571" r34="0" r41="1677.5448" r42="338.23865" r43="601.3822" r44="1"></containerEntry>
          <containerEntry r11="-0.91360146" r12="-0.22452232" r13="-0.33899808" r14="0" r21="-0.2503743" r22="0.96755403" r23="0.0339386" r24="0" r31="0.32037896" r32="0.11588286" r33="-0.9401734" r34="0" r41="1717.6041" r42="350.73233" r43="520.83685" r44="1"></containerEntry>
          <containerEntry r11="0.9728438" r12="-0.19540685" r13="-0.12406075" r14="0" r21="-0.21240667" r22="-0.9666535" r23="-0.1430583" r24="0" r31="-0.09196912" r32="0.16552469" r33="-0.9819087" r34="0" r41="1701.3723" r42="348.0249" r43="514.95245" r44="1"></containerEntry>
