<fox formatVersion="2" fileVersion="0">
  <entities>
    <entity class="DataSet" classVersion="0" classID="0xE8" addr="0x2EF32D0" id="0x522AEA">
      <staticProperties>
        <property name="name" type="String" container="StaticArray" arraySize="1">
          <containerEntry hash="0xB8A0BF169F98"></containerEntry>
        </property>
        <property name="dataSet" type="EntityHandle" container="StaticArray" arraySize="1">
          <containerEntry>0x0</containerEntry>
        </property>
        <property name="dataList" type="EntityPtr" container="StringMap" arraySize="16">
          <containerEntry key="cm_mafr_rock002_vrtn001">
            <data>0x2D77940</data>
          </containerEntry>
          <containerEntry key="StaticModelArray0000">
            <data>0x2D7EA90</data>
          </containerEntry>
          <containerEntry key="StaticModelArray0001">
            <data>0x2D79150</data>
          </containerEntry>
          <containerEntry key="StaticModelArray0002">
            <data>0x2EF3880</data>
          </containerEntry>
          <containerEntry key="StaticModelArray0003">
            <data>0x2D7E6A0</data>
          </containerEntry>
          <containerEntry key="StaticModelArray0004">
            <data>0x2D7E550</data>
          </containerEntry>
          <containerEntry key="mafr_rock012_0075">
            <data>0x2D7E4E0</data>
          </containerEntry>
          <containerEntry key="mafr_rock012_0078">
            <data>0x2D7E5C0</data>
          </containerEntry>
          <containerEntry key="mafr_rock012_0049">
            <data>0x2D7E630</data>
          </containerEntry>
          <containerEntry key="mafr_rock012_0007">
            <data>0x2D7E710</data>
          </containerEntry>
          <containerEntry key="StaticModelArray0005">
            <data>0x2D7E8D0</data>
          </containerEntry>
          <containerEntry key="StaticModelArray0006">
            <data>0x2D7EA20</data>
          </containerEntry>
          <containerEntry key="OccluderArray0000">
            <data>0x2D7F510</data>
          </containerEntry>
          <containerEntry key="DecalArray0000">
            <data>0x2D7F580</data>
          </containerEntry>
          <containerEntry key="DecalArray0001">
            <data>0x2D7F6D0</data>
          </containerEntry>
          <containerEntry key="TexturePackLoadConditioner0000">
            <data>0x2D7FDD0</data>
          </containerEntry>
        </property>
      </staticProperties>
      <dynamicProperties></dynamicProperties>
    </entity>
    <entity class="Material" classVersion="6" classID="0xB0" addr="0x2D77940" id="0x522C39">
      <staticProperties>
        <property name="name" type="String" container="StaticArray" arraySize="1">
          <containerEntry>cm_mafr_rock002_vrtn001</containerEntry>
        </property>
        <property name="dataSet" type="EntityHandle" container="StaticArray" arraySize="1">
          <containerEntry>0x2EF32D0</containerEntry>
        </property>
        <property name="materialName" type="String" container="StaticArray" arraySize="1">
          <containerEntry hash="0xB8A0BF169F98"></containerEntry>
        </property>
        <property name="shader" type="Path" container="StaticArray" arraySize="1">
          <containerEntry hash="0xB8A0BF169F98"></containerEntry>
        </property>
        <property name="diffuseTexture" type="Path" container="StaticArray" arraySize="1">
          <containerEntry>/Assets/tpp/common_source/environ/middle_africa/cm_mafr_rock002/sourceimages/cm_mafr_rock002_v1_bsm_alp.ftex</containerEntry>
        </property>
        <property name="srmTexture" type="Path" container="StaticArray" arraySize="1">
          <containerEntry>/Assets/tpp/common_source/environ/middle_africa/cm_mafr_rock002/sourceimages/cm_mafr_rock002_srm.ftex</containerEntry>
        </property>
        <property name="normalTexture" type="Path" container="StaticArray" arraySize="1">
          <containerEntry>/Assets/tpp/common_source/environ/middle_africa/cm_mafr_rock002/sourceimages/cm_mafr_rock002_nrm.ftex</containerEntry>
        </property>
        <property name="materialMapTexture" type="Path" container="StaticArray" arraySize="1">
          <containerEntry hash="0xB8A0BF169F98"></containerEntry>
        </property>
        <property name="materialIndex" type="UInt8" container="StaticArray" arraySize="1">
          <containerEntry>42</containerEntry>
        </property>
        <property name="diffuseColor" type="Color" container="StaticArray" arraySize="1">
          <containerEntry r="1" g="1" b="1" a="1"></containerEntry>
        </property>
        <property name="specularColor" type="Color" container="StaticArray" arraySize="1">
          <containerEntry r="0" g="0" b="0" a="0"></containerEntry>
        </property>
        <property name="fmtrPath" type="Path" container="StaticArray" arraySize="1">
          <containerEntry hash="0xB8A0BF169F98"></containerEntry>
        </property>
        <property name="residentFlag" type="Bool" container="StaticArray" arraySize="1">
          <containerEntry>false</containerEntry>
        </property>
      </staticProperties>
      <dynamicProperties></dynamicProperties>
    </entity>
    <entity class="StaticModelArray" classVersion="4" classID="0xD0" addr="0x2D7EA90" id="0x0">
      <staticProperties>
        <property name="name" type="String" container="StaticArray" arraySize="1">
          <containerEntry>StaticModelArray0000</containerEntry>
        </property>
        <property name="dataSet" type="EntityHandle" container="StaticArray" arraySize="1">
          <containerEntry>0x2EF32D0</containerEntry>
        </property>
        <property name="modelFile" type="FilePtr" container="StaticArray" arraySize="1">
          <containerEntry>/Assets/tpp/environ/object/middle_africa/cliff/mafr_clff013/scenes/mafr_clff013.fmdl</containerEntry>
        </property>
        <property name="geomFile" type="FilePtr" container="StaticArray" arraySize="1">
          <containerEntry>/Assets/tpp/environ/object/middle_africa/cliff/mafr_clff013/scenes/mafr_clff013.geom</containerEntry>
        </property>
        <property name="isVisibleGeom" type="Bool" container="StaticArray" arraySize="1">
          <containerEntry>false</containerEntry>
        </property>
        <property name="lodFarSize" type="Float" container="StaticArray" arraySize="1">
          <containerEntry>-1</containerEntry>
        </property>
        <property name="lodNearSize" type="Float" container="StaticArray" arraySize="1">
          <containerEntry>-1</containerEntry>
        </property>
        <property name="lodPolygonSize" type="Float" container="StaticArray" arraySize="1">
          <containerEntry>-1</containerEntry>
        </property>
        <property name="drawRejectionLevel" type="Int32" container="StaticArray" arraySize="1">
          <containerEntry>8</containerEntry>
        </property>
        <property name="drawMode" type="Int32" container="StaticArray" arraySize="1">
          <containerEntry>0</containerEntry>
        </property>
        <property name="rejectFarRangeShadowCast" type="Int32" container="StaticArray" arraySize="1">
          <containerEntry>2</containerEntry>
        </property>
        <property name="parentLocator" type="EntityLink" container="StaticArray" arraySize="1">
          <containerEntry packagePathHash="0xB8A0BF169F98" archivePathHash="0xB8A0BF169F98" nameInArchiveHash="0xB8A0BF169F98">0x0</containerEntry>
        </property>
        <property name="transforms" type="Matrix4" container="DynamicArray" arraySize="8">
          <containerEntry r11="1" r12="0" r13="0" r14="0" r21="0" r22="1" r23="0" r24="0" r31="0" r32="0" r33="1" r34="0" r41="2619.6658" r42="122.91902" r43="-2038.0123" r44="1"></containerEntry>
          <containerEntry r11="1" r12="0" r13="0" r14="0" r21="0" r22="1" r23="0" r24="0" r31="0" r32="0" r33="1" r34="0" r41="2668.146" r42="118.77518" r43="-1943.5089" r44="1"></containerEntry>
          <containerEntry r11="0.93981075" r12="0" r13="-0.34169546" r14="0" r21="0" r22="1" r23="0" r24="0" r31="0.34169546" r32="0" r33="0.93981075" r34="0" r41="2650.4614" r42="115.94143" r43="-1955.8705" r44="1"></containerEntry>
          <containerEntry r11="0.42965382" r12="0" r13="-0.9029933" r14="0" r21="0" r22="1" r23="0" r24="0" r31="0.9029933" r32="0" r33="0.42965382" r34="0" r41="2670.7634" r42="128.55116" r43="-2035.2156" r44="1"></containerEntry>
          <containerEntry r11="-0.09360937" r12="0.11229655" r13="-0.98925287" r14="0" r21="-0.103749074" r22="0.9871087" r23="0.12187054" r24="0" r31="0.9901858" r32="0.114042446" r33="-0.08075197" r34="0" r41="2619.4885" r42="118.83874" r43="-2040.9108" r44="1"></containerEntry>
          <containerEntry r11="1" r12="0" r13="0" r14="0" r21="0" r22="1" r23="0" r24="0" r31="0" r32="0" r33="1" r34="0" r41="2671.985" r42="117.83099" r43="-1966.7333" r44="1"></containerEntry>
          <containerEntry r11="-0.19637568" r12="0" r13="-0.9805303" r14="0" r21="0" r22="1" r23="0" r24="0" r31="0.9805303" r32="0" r33="-0.19637568" r34="0" r41="2671.346" r42="114.58673" r43="-1942.4889" r44="1"></containerEntry>
          <containerEntry r11="-0.9228752" r12="0" r13="0.38510507" r14="0" r21="0" r22="1" r23="0" r24="0" r31="-0.38510507" r32="0" r33="-0.9228752" r34="0" r41="2655.0923" r42="114.130775" r43="-1933.5509" r44="1"></containerEntry>
        </property>
        <property name="colors" type="UInt32" container="DynamicArray" arraySize="8">
          <containerEntry>4294967295</containerEntry>
          <containerEntry>4294967295</containerEntry>
          <containerEntry>4294967295</containerEntry>
          <containerEntry>4294967295</containerEntry>
          <containerEntry>4294967295</containerEntry>
          <containerEntry>4294967295</containerEntry>
          <containerEntry>4294967295</containerEntry>
          <containerEntry>4294967295</containerEntry>
        </property>
      </staticProperties>
      <dynamicProperties></dynamicProperties>
    </entity>
    <entity class="StaticModelArray" classVersion="4" classID="0xD0" addr="0x2D79150" id="0x0">
      <staticProperties>
        <property name="name" type="String" container="StaticArray" arraySize="1">
          <containerEntry>StaticModelArray0001</containerEntry>
        </property>
        <property name="dataSet" type="EntityHandle" container="StaticArray" arraySize="1">
          <containerEntry>0x2EF32D0</containerEntry>
        </property>
        <property name="modelFile" type="FilePtr" container="StaticArray" arraySize="1">
          <containerEntry>/Assets/tpp/environ/object/middle_africa/tree/mafr_tree036/scenes/mafr_tree036_vrtn001.fmdl</containerEntry>
        </property>
        <property name="geomFile" type="FilePtr" container="StaticArray" arraySize="1">
          <containerEntry>/Assets/tpp/environ/object/middle_africa/tree/mafr_tree036/scenes/mafr_tree036_vrtn001.geom</containerEntry>
        </property>
        <property name="isVisibleGeom" type="Bool" container="StaticArray" arraySize="1">
          <containerEntry>false</containerEntry>
        </property>
        <property name="lodFarSize" type="Float" container="StaticArray" arraySize="1">
          <containerEntry>-1</containerEntry>
        </property>
        <property name="lodNearSize" type="Float" container="StaticArray" arraySize="1">
          <containerEntry>-1</containerEntry>
        </property>
        <property name="lodPolygonSize" type="Float" container="StaticArray" arraySize="1">
          <containerEntry>-1</containerEntry>
        </property>
        <property name="drawRejectionLevel" type="Int32" container="StaticArray" arraySize="1">
          <containerEntry>2</containerEntry>
        </property>
        <property name="drawMode" type="Int32" container="StaticArray" arraySize="1">
          <containerEntry>2</containerEntry>
        </property>
        <property name="rejectFarRangeShadowCast" type="Int32" container="StaticArray" arraySize="1">
          <containerEntry>2</containerEntry>
        </property>
        <property name="parentLocator" type="EntityLink" container="StaticArray" arraySize="1">
          <containerEntry packagePathHash="0xB8A0BF169F98" archivePathHash="0xB8A0BF169F98" nameInArchiveHash="0xB8A0BF169F98">0x0</containerEntry>
        </property>
        <property name="transforms" type="Matrix4" container="DynamicArray" arraySize="15">
          <containerEntry r11="-0.021431161" r12="-0.30222416" r13="0.6310292" r14="0" r21="-0.6711571" r22="0.18727246" r23="0.06689732" r24="0" r31="-0.19770254" r32="-0.6029787" r33="-0.29550382" r34="0" r41="2591.5999" r42="113.56377" r43="-2024.4896" r44="1"></containerEntry>
          <containerEntry r11="0.14197303" r12="-0.20447627" r13="0.43362778" r14="0" r21="-0.17962179" r22="0.396614" r23="0.24583195" r24="0" r31="-0.4444993" r32="-0.225581" r33="0.039160192" r34="0" r41="2591.9849" r42="113.56524" r43="-2024.4861" r44="1"></containerEntry>
          <containerEntry r11="0.23937424" r12="-0.14174491" r13="-0.9605246" r14="0" r21="0.13910595" r22="0.98408395" r23="-0.1105547" r24="0" r31="0.9609074" r32="-0.10715085" r33="0.25528193" r34="0" r41="2602.2021" r42="116.16647" r43="-2025.5314" r44="1"></containerEntry>
          <containerEntry r11="-0.67334735" r12="-0.05886654" r13="0.48495927" r14="0" r21="-0.4630465" r22="-0.18628775" r23="-0.6655366" r24="0" r31="0.1556929" r32="-0.80862904" r33="0.118020855" r34="0" r41="2570.987" r42="114.761696" r43="-1996.8676" r44="1"></containerEntry>
          <containerEntry r11="-0.7128597" r12="0.13905588" r13="-0.68738496" r14="0" r21="-0.6166549" r22="0.34254047" r23="0.7088029" r24="0" r31="0.33402088" r32="0.9291564" r33="-0.1584346" r34="0" r41="2590.0654" r42="116.14657" r43="-2030.0757" r44="1"></containerEntry>
          <containerEntry r11="-0.55948985" r12="-0.21845904" r13="0.79952306" r14="0" r21="-0.21036334" r22="0.9704803" r23="0.117962606" r24="0" r31="-0.80169135" r32="-0.10219145" r33="-0.58892965" r34="0" r41="2566.2861" r42="113.33421" r43="-2011.1101" r44="1"></containerEntry>
          <containerEntry r11="-0.88489366" r12="-0.112300545" r13="-0.45205516" r14="0" r21="-0.35657334" r22="0.7877544" r23="0.50229317" r24="0" r31="0.29970068" r32="0.6056668" r33="-0.7371223" r34="0" r41="2576.8306" r42="115.36259" r43="-2015.8922" r44="1"></containerEntry>
          <containerEntry r11="-0.3157088" r12="-0.12968779" r13="-0.9399521" r14="0" r21="-0.26250443" r22="0.9638893" r23="-0.044821233" r24="0" r31="0.9118225" r32="0.23259106" r33="-0.3383519" r34="0" r41="2572.903" r42="114.9745" r43="-2016.3208" r44="1"></containerEntry>
          <containerEntry r11="-0.2521411" r12="-0.002700299" r13="0.4317604" r14="0" r21="0.17419024" r22="0.45685926" r23="0.104581684" r24="0" r31="-0.39507225" r32="0.20315579" r33="-0.22944522" r34="0" r41="2634.0186" r42="114.43162" r43="-1931.2767" r44="1"></containerEntry>
          <containerEntry r11="0.99191785" r12="-0.12179047" r13="0.035580717" r14="0" r21="0.12186761" r22="0.9925463" r23="4.635658e-07" r24="0" r31="-0.035315566" r32="0.0043356754" r33="0.99936676" r34="0" r41="2562.5244" r42="112.15042" r43="-1956.2213" r44="1"></containerEntry>
          <containerEntry r11="0.107404046" r12="0.009960528" r13="0.4882267" r14="0" r21="0.13434692" r22="0.48000282" r23="-0.039347533" r24="0" r31="-0.4694842" r32="0.13963564" r33="0.10043216" r34="0" r41="2563.4827" r42="112.24606" r43="-1956.2743" r44="1"></containerEntry>
          <containerEntry r11="-0.4766248" r12="0.012647044" r13="0.15055734" r14="0" r21="0.060562555" r22="0.47245795" r23="0.15203819" r24="0" r31="-0.13841835" r32="0.16316706" r33="-0.45190215" r34="0" r41="2577.6897" r42="112.192566" r43="-1931.8406" r44="1"></containerEntry>
          <containerEntry r11="-0.2997398" r12="-0.35267922" r13="0.8864344" r14="0" r21="-0.17572767" r22="0.9336718" r23="0.3120526" r24="0" r31="-0.9376932" r32="-0.06223647" r33="-0.34183407" r34="0" r41="2609.106" r42="119.57597" r43="-2008.2678" r44="1"></containerEntry>
          <containerEntry r11="0.075544864" r12="-0.04574185" r13="0.9960923" r14="0" r21="0.0043043997" r22="0.9989529" r23="0.045546748" r24="0" r31="-0.9971328" r32="0.0008467771" r33="0.07566267" r34="0" r41="2564.1382" r42="112.15528" r43="-1993.6566" r44="1"></containerEntry>
          <containerEntry r11="-0.61883724" r12="-0.11165368" r13="0.7775375" r14="0" r21="0.047830015" r22="-0.99336374" r23="-0.1045786" r24="0" r31="0.78405577" r32="-0.027527638" r33="0.62007415" r34="0" r41="2570.7349" r42="114.45058" r43="-1998.7021" r44="1"></containerEntry>
        </property>
        <property name="colors" type="UInt32" container="DynamicArray" arraySize="15">
          <containerEntry>4294967295</containerEntry>
          <containerEntry>4294967295</containerEntry>
          <containerEntry>4294967295</containerEntry>
          <containerEntry>4294967295</containerEntry>
          <containerEntry>4294967295</containerEntry>
          <containerEntry>4294967295</containerEntry>
          <containerEntry>4294967295</containerEntry>
          <containerEntry>4294967295</containerEntry>
          <containerEntry>4294967295</containerEntry>
          <containerEntry>4294967295</containerEntry>
          <containerEntry>4294967295</containerEntry>
          <containerEntry>4294967295</containerEntry>
          <containerEntry>4294967295</containerEntry>
          <containerEntry>4294967295</containerEntry>
          <containerEntry>4294967295</containerEntry>
        </property>
      </staticProperties>
      <dynamicProperties></dynamicProperties>
    </entity>
    <entity class="StaticModelArray" classVersion="4" classID="0xD0" addr="0x2EF3880" id="0x0">
      <staticProperties>
        <property name="name" type="String" container="StaticArray" arraySize="1">
          <containerEntry>StaticModelArray0002</containerEntry>
        </property>
        <property name="dataSet" type="EntityHandle" container="StaticArray" arraySize="1">
          <containerEntry>0x2EF32D0</containerEntry>
        </property>
        <property name="modelFile" type="FilePtr" container="StaticArray" arraySize="1">
          <containerEntry>/Assets/tpp/environ/object/middle_africa/tree/mafr_tree023/scenes/mafr_tree023_vrtn003.fmdl</containerEntry>
        </property>
        <property name="geomFile" type="FilePtr" container="StaticArray" arraySize="1">
          <containerEntry>/Assets/tpp/environ/object/middle_africa/tree/mafr_tree023/scenes/mafr_tree023_vrtn003.geom</containerEntry>
        </property>
        <property name="isVisibleGeom" type="Bool" container="StaticArray" arraySize="1">
          <containerEntry>false</containerEntry>
        </property>
        <property name="lodFarSize" type="Float" container="StaticArray" arraySize="1">
          <containerEntry>-1</containerEntry>
        </property>
        <property name="lodNearSize" type="Float" container="StaticArray" arraySize="1">
          <containerEntry>-1</containerEntry>
        </property>
        <property name="lodPolygonSize" type="Float" container="StaticArray" arraySize="1">
          <containerEntry>-1</containerEntry>
        </property>
        <property name="drawRejectionLevel" type="Int32" container="StaticArray" arraySize="1">
          <containerEntry>4</containerEntry>
        </property>
        <property name="drawMode" type="Int32" container="StaticArray" arraySize="1">
          <containerEntry>0</containerEntry>
        </property>
        <property name="rejectFarRangeShadowCast" type="Int32" container="StaticArray" arraySize="1">
          <containerEntry>2</containerEntry>
        </property>
        <property name="parentLocator" type="EntityLink" container="StaticArray" arraySize="1">
          <containerEntry packagePathHash="0xB8A0BF169F98" archivePathHash="0xB8A0BF169F98" nameInArchiveHash="0xB8A0BF169F98">0x0</containerEntry>
        </property>
        <property name="transforms" type="Matrix4" container="DynamicArray" arraySize="6">
          <containerEntry r11="-0.4115904" r12="0.0418757" r13="-0.44669867" r14="0" r21="0.13648488" r22="0.5891485" r23="-0.07052815" r24="0" r31="0.42739335" r32="-0.14781354" r33="-0.40765917" r34="0" r41="2676.9395" r42="117.01306" r43="-2006.4521" r44="1"></containerEntry>
          <containerEntry r11="0.983136" r12="0" r13="0.68807393" r14="0" r21="0" r22="1.2" r23="0" r24="0" r31="-0.68807393" r32="0" r33="0.983136" r34="0" r41="2667.7317" r42="122.82337" r43="-1963.2725" r44="1"></containerEntry>
          <containerEntry r11="-0.40423107" r12="0.19058499" r13="-0.58729875" r14="0" r21="0.17455588" r22="0.7086023" r23="0.109804444" r24="0" r31="0.5922606" r32="-0.07876705" r33="-0.43320704" r34="0" r41="2676.7214" r42="116.81251" r43="-2006.8383" r44="1"></containerEntry>
          <containerEntry r11="0.96759754" r12="0.13726485" r13="-0.6963568" r14="0" r21="-0.08978998" r22="1.1915591" r23="0.11011387" r24="0" r31="0.70405406" r32="-0.036683287" r33="0.9710621" r34="0" r41="2680.6487" r42="122.25161" r43="-1967.9666" r44="1"></containerEntry>
          <containerEntry r11="-0.8184219" r12="0.089428455" r13="-0.6273747" r14="0" r21="0.06033291" r22="1.0310726" r23="0.06826744" r24="0" r31="0.63083786" r32="0.01740944" r33="-0.82045805" r34="0" r41="2681.8083" r42="119.537315" r43="-1954.5698" r44="1"></containerEntry>
          <containerEntry r11="-0.21502416" r12="-0.02305621" r13="0.9599442" r14="0" r21="0.0932262" r22="0.9785677" r23="0.04438586" r24="0" r31="-0.9556847" r32="0.10064633" r33="-0.21165273" r34="0" r41="2690.7852" r42="118.57244" r43="-1980.9905" r44="1"></containerEntry>
        </property>
        <property name="colors" type="UInt32" container="DynamicArray" arraySize="6">
          <containerEntry>4294967295</containerEntry>
          <containerEntry>4294967295</containerEntry>
          <containerEntry>4294967295</containerEntry>
          <containerEntry>4294967295</containerEntry>
          <containerEntry>4294967295</containerEntry>
          <containerEntry>4294967295</containerEntry>
        </property>
      </staticProperties>
      <dynamicProperties></dynamicProperties>
    </entity>
    <entity class="StaticModelArray" classVersion="4" classID="0xD0" addr="0x2D7E6A0" id="0x0">
      <staticProperties>
        <property name="name" type="String" container="StaticArray" arraySize="1">
          <containerEntry>StaticModelArray0003</containerEntry>
        </property>
        <property name="dataSet" type="EntityHandle" container="StaticArray" arraySize="1">
          <containerEntry>0x2EF32D0</containerEntry>
        </property>
        <property name="modelFile" type="FilePtr" container="StaticArray" arraySize="1">
          <containerEntry>/Assets/tpp/environ/object/middle_africa/rock/mafr_rock002/scenes/mafr_rock002.fmdl</containerEntry>
        </property>
        <property name="geomFile" type="FilePtr" container="StaticArray" arraySize="1">
          <containerEntry>/Assets/tpp/environ/object/middle_africa/rock/mafr_rock002/scenes/mafr_rock002.geom</containerEntry>
        </property>
        <property name="isVisibleGeom" type="Bool" container="StaticArray" arraySize="1">
          <containerEntry>false</containerEntry>
        </property>
        <property name="lodFarSize" type="Float" container="StaticArray" arraySize="1">
          <containerEntry>-1</containerEntry>
        </property>
        <property name="lodNearSize" type="Float" container="StaticArray" arraySize="1">
          <containerEntry>-1</containerEntry>
        </property>
        <property name="lodPolygonSize" type="Float" container="StaticArray" arraySize="1">
          <containerEntry>-1</containerEntry>
        </property>
        <property name="drawRejectionLevel" type="Int32" container="StaticArray" arraySize="1">
          <containerEntry>8</containerEntry>
        </property>
        <property name="drawMode" type="Int32" container="StaticArray" arraySize="1">
          <containerEntry>0</containerEntry>
        </property>
        <property name="rejectFarRangeShadowCast" type="Int32" container="StaticArray" arraySize="1">
          <containerEntry>2</containerEntry>
        </property>
        <property name="parentLocator" type="EntityLink" container="StaticArray" arraySize="1">
          <containerEntry packagePathHash="0xB8A0BF169F98" archivePathHash="0xB8A0BF169F98" nameInArchiveHash="0xB8A0BF169F98">0x0</containerEntry>
        </property>
        <property name="transforms" type="Matrix4" container="DynamicArray" arraySize="4">
          <containerEntry r11="-0.4291787" r12="0.2315104" r13="-0.8730363" r14="0" r21="0.057395518" r22="0.9716292" r23="0.22943915" r24="0" r31="0.9013852" r32="0.048362624" r33="-0.43029016" r34="0" r41="2674.842" r42="118.99494" r43="-1990.1915" r44="1"></containerEntry>
          <containerEntry r11="0.30198452" r12="0.17519489" r13="-0.9370681" r14="0" r21="-0.0986651" r22="0.9834331" r23="0.15206668" r24="0" r31="0.94818515" r32="0.04653491" r33="0.31426737" r34="0" r41="2673.0972" r42="124.08417" r43="-2014.207" r44="1"></containerEntry>
          <containerEntry r11="0.9768817" r12="-0.0664346" r13="-0.2031711" r14="0" r21="0.09846175" r22="0.98349" r23="0.15183116" r24="0" r31="0.1897299" r32="-0.16832566" r33="0.9672947" r34="0" r41="2613.4866" r42="116.53429" r43="-1946.11" r44="1"></containerEntry>
          <containerEntry r11="0.60959643" r12="0.040714823" r13="-0.79165965" r14="0" r21="-0.015285913" r22="0.9990982" r23="0.039612833" r24="0" r31="0.79255843" r32="-0.012046612" r33="0.609669" r34="0" r41="2671.4136" r42="120.273026" r43="-1934.0011" r44="1"></containerEntry>
        </property>
        <property name="colors" type="UInt32" container="DynamicArray" arraySize="4">
          <containerEntry>4294967295</containerEntry>
          <containerEntry>4294967295</containerEntry>
          <containerEntry>4294967295</containerEntry>
          <containerEntry>4294967295</containerEntry>
        </property>
      </staticProperties>
      <dynamicProperties></dynamicProperties>
    </entity>
    <entity class="StaticModelArray" classVersion="4" classID="0xD0" addr="0x2D7E550" id="0x0">
      <staticProperties>
        <property name="name" type="String" container="StaticArray" arraySize="1">
          <containerEntry>StaticModelArray0004</containerEntry>
        </property>
        <property name="dataSet" type="EntityHandle" container="StaticArray" arraySize="1">
          <containerEntry>0x2EF32D0</containerEntry>
        </property>
        <property name="modelFile" type="FilePtr" container="StaticArray" arraySize="1">
          <containerEntry>/Assets/tpp/environ/object/middle_africa/rock/mafr_rock012/scenes/mafr_rock012.fmdl</containerEntry>
        </property>
        <property name="geomFile" type="FilePtr" container="StaticArray" arraySize="1">
          <containerEntry>/Assets/tpp/environ/object/middle_africa/rock/mafr_rock012/scenes/mafr_rock012.geom</containerEntry>
        </property>
        <property name="isVisibleGeom" type="Bool" container="StaticArray" arraySize="1">
          <containerEntry>false</containerEntry>
        </property>
        <property name="lodFarSize" type="Float" container="StaticArray" arraySize="1">
          <containerEntry>-1</containerEntry>
        </property>
        <property name="lodNearSize" type="Float" container="StaticArray" arraySize="1">
          <containerEntry>-1</containerEntry>
        </property>
        <property name="lodPolygonSize" type="Float" container="StaticArray" arraySize="1">
          <containerEntry>-1</containerEntry>
        </property>
        <property name="drawRejectionLevel" type="Int32" container="StaticArray" arraySize="1">
          <containerEntry>3</containerEntry>
        </property>
        <property name="drawMode" type="Int32" container="StaticArray" arraySize="1">
          <containerEntry>2</containerEntry>
        </property>
        <property name="rejectFarRangeShadowCast" type="Int32" container="StaticArray" arraySize="1">
          <containerEntry>2</containerEntry>
        </property>
        <property name="parentLocator" type="EntityLink" container="StaticArray" arraySize="1">
          <containerEntry packagePathHash="0xB8A0BF169F98" archivePathHash="0xB8A0BF169F98" nameInArchiveHash="0xB8A0BF169F98">0x0</containerEntry>
        </property>
        <property name="transforms" type="Matrix4" container="DynamicArray" arraySize="17">
          <containerEntry r11="1.4363321" r12="-0.10249157" r13="-0.006516321" r14="0" r21="0.10267247" r22="1.4351263" r23="0.05884111" r24="0" r31="0.0023062741" r32="-0.059155975" r33="1.4387816" r34="0" r41="2579.6514" r42="114.30846" r43="-2018.3604" r44="1"></containerEntry>
          <containerEntry r11="0.9480966" r12="0.14311893" r13="0.28395373" r14="0" r21="-0.15469165" r22="0.987787" r23="0.018635444" r24="0" r31="-0.27781874" r32="-0.061593518" r33="0.95865685" r34="0" r41="2602.5251" r42="115.30437" r43="-2006.208" r44="1"></containerEntry>
          <containerEntry r11="0.98282844" r12="-0.16330475" r13="0.08590591" r14="0" r21="0.17692742" r22="0.9662095" r23="-0.18744577" r24="0" r31="-0.052392304" r32="0.19942616" r33="0.9785112" r34="0" r41="2581.6294" r42="113.290695" r43="-2001.0839" r44="1"></containerEntry>
          <containerEntry r11="-0.11779659" r12="0.014353727" r13="0.8719623" r14="0" r21="0.08980876" r22="0.87540233" r23="-0.0022777778" r24="0" r31="-0.86744374" r32="0.08868355" r33="-0.11864604" r34="0" r41="2572.2998" r42="112.41597" r43="-2046.7064" r44="1"></containerEntry>
          <containerEntry r11="-0.99817264" r12="0.010662533" r13="0.059480738" r14="0" r21="0.007518856" r22="0.9985753" r23="-0.052827645" r24="0" r31="-0.059959274" r32="-0.05228388" r33="-0.9968307" r34="0" r41="2611.8071" r42="115.077286" r43="-1959.5096" r44="1"></containerEntry>
          <containerEntry r11="-0.86248386" r12="-0.2857156" r13="0.4176993" r14="0" r21="-0.34367713" r22="0.9365479" r23="-0.06902138" r24="0" r31="-0.37147486" r32="-0.20308378" r33="-0.9059513" r34="0" r41="2618.7207" r42="120.19223" r43="-2021.6682" r44="1"></containerEntry>
          <containerEntry r11="1" r12="0" r13="0" r14="0" r21="0" r22="-0.99238026" r23="0.12322868" r24="0" r31="0" r32="-0.12322868" r33="-0.99238026" r34="0" r41="2571.6814" r42="114.58115" r43="-2015.3075" r44="1"></containerEntry>
          <containerEntry r11="0.98307973" r12="0.18317819" r13="0" r14="0" r21="0.18317819" r22="-0.9830798" r23="0" r24="0" r31="0" r32="0" r33="-1.0000001" r34="0" r41="2562.1658" r42="113.18485" r43="-2012.2994" r44="1"></containerEntry>
          <containerEntry r11="-0.9159802" r12="0" r13="0.40123385" r14="0" r21="0" r22="1" r23="0" r24="0" r31="-0.40123385" r32="0" r33="-0.9159802" r34="0" r41="2591.4854" r42="114.575806" r43="-1925.1682" r44="1"></containerEntry>
          <containerEntry r11="0.64925516" r12="0.18683545" r13="0.7372653" r14="0" r21="-0.07942273" r22="0.98071325" r23="-0.17858751" r24="0" r31="-0.7564123" r32="0.05739321" r33="0.6515721" r34="0" r41="2604.6985" r42="116.64555" r43="-1950.3865" r44="1"></containerEntry>
          <containerEntry r11="0.67372215" r12="0.04203767" r13="-0.7377876" r14="0" r21="-0.07057512" r22="0.9974774" r23="-0.0076124407" r24="0" r31="0.73560643" r32="0.05719817" r33="0.67498946" r34="0" r41="2630.1577" r42="114.01977" r43="-1933.5062" r44="1"></containerEntry>
          <containerEntry r11="0.71424764" r12="0.15060127" r13="0.683498" r14="0" r21="-0.041443255" r22="0.98396194" r23="-0.17349745" r24="0" r31="-0.698665" r32="0.095593765" r33="0.70903385" r34="0" r41="2582.353" r42="114.50183" r43="-1957.3978" r44="1"></containerEntry>
          <containerEntry r11="0.92790407" r12="0.3711886" r13="0.034829225" r14="0" r21="-0.3711886" r22="0.9110782" r23="0.17931962" r24="0" r31="0.034829225" r32="-0.17931962" r33="0.98317415" r34="0" r41="2566.0845" r42="112.99418" r43="-2032.0121" r44="1"></containerEntry>
          <containerEntry r11="0.71457887" r12="-0.0010599769" r13="0.6995531" r14="0" r21="0.0071767312" r22="0.9999573" r23="-0.0058157034" r24="0" r31="-0.6995171" r32="0.0091762915" r33="0.714556" r34="0" r41="2636.56" r42="129.7748" r43="-2040.8577" r44="1"></containerEntry>
          <containerEntry r11="0.5202029" r12="0.2345106" r13="-1.1716261" r14="0" r21="-0.40885916" r22="1.2356488" r23="0.06579185" r24="0" r31="1.1227366" r32="0.34131894" r33="0.56681377" r34="0" r41="2664.5203" r42="119.9941" r43="-1995.07" r44="1"></containerEntry>
          <containerEntry r11="-0.58830875" r12="0.075213514" r13="0.8051205" r14="0" r21="-0.03420817" r22="0.9924585" r23="-0.11771059" r24="0" r31="-0.8079021" r32="-0.09679219" r33="-0.58129907" r34="0" r41="2594.112" r42="112.12936" r43="-1996.4984" r44="1"></containerEntry>
          <containerEntry r11="-1.3052732" r12="-0.1898718" r13="0.5777751" r14="0" r21="-0.19965367" r22="1.4259808" r23="0.01756924" r24="0" r31="-0.57446796" r32="-0.06418227" r33="-1.3188938" r34="0" r41="2591.309" r42="114.09625" r43="-1942.1903" r44="1"></containerEntry>
        </property>
        <property name="colors" type="UInt32" container="DynamicArray" arraySize="17">
          <containerEntry>4294967295</containerEntry>
          <containerEntry>4294967295</containerEntry>
          <containerEntry>4294967295</containerEntry>
          <containerEntry>4294967295</containerEntry>
          <containerEntry>4294967295</containerEntry>
          <containerEntry>4294967295</containerEntry>
          <containerEntry>4294967295</containerEntry>
          <containerEntry>4294967295</containerEntry>
          <containerEntry>4294967295</containerEntry>
          <containerEntry>4294967295</containerEntry>
          <containerEntry>4294967295</containerEntry>
          <containerEntry>4294967295</containerEntry>
          <containerEntry>4294967295</containerEntry>
          <containerEntry>4294967295</containerEntry>
          <containerEntry>4294967295</containerEntry>
          <containerEntry>4294967295</containerEntry>
          <containerEntry>4294967295</containerEntry>
        </property>
      </staticProperties>
      <dynamicProperties></dynamicProperties>
    </entity>
    <entity class="StaticModelArrayLinkTarget" classVersion="0" classID="0x48" addr="0x2D7E4E0" id="0x0">
      <staticProperties>
        <property name="name" type="String" container="StaticArray" arraySize="1">
          <containerEntry>mafr_rock012_0075</containerEntry>
        </property>
        <property name="dataSet" type="EntityHandle" container="StaticArray" arraySize="1">
          <containerEntry>0x2EF32D0</containerEntry>
        </property>
        <property name="staticModelArray" type="EntityHandle" container="StaticArray" arraySize="1">
          <containerEntry>0x2D7E550</containerEntry>
        </property>
        <property name="arrayIndex" type="UInt32" container="StaticArray" arraySize="1">
          <containerEntry>4</containerEntry>
        </property>
      </staticProperties>
      <dynamicProperties></dynamicProperties>
    </entity>
    <entity class="StaticModelArrayLinkTarget" classVersion="0" classID="0x48" addr="0x2D7E5C0" id="0x0">
      <staticProperties>
        <property name="name" type="String" container="StaticArray" arraySize="1">
          <containerEntry>mafr_rock012_0078</containerEntry>
        </property>
        <property name="dataSet" type="EntityHandle" container="StaticArray" arraySize="1">
          <containerEntry>0x2EF32D0</containerEntry>
        </property>
        <property name="staticModelArray" type="EntityHandle" container="StaticArray" arraySize="1">
          <containerEntry>0x2D7E550</containerEntry>
        </property>
        <property name="arrayIndex" type="UInt32" container="StaticArray" arraySize="1">
          <containerEntry>7</containerEntry>
        </property>
      </staticProperties>
      <dynamicProperties></dynamicProperties>
    </entity>
    <entity class="StaticModelArrayLinkTarget" classVersion="0" classID="0x48" addr="0x2D7E630" id="0x0">
      <staticProperties>
        <property name="name" type="String" container="StaticArray" arraySize="1">
          <containerEntry>mafr_rock012_0049</containerEntry>
        </property>
        <property name="dataSet" type="EntityHandle" container="StaticArray" arraySize="1">
          <containerEntry>0x2EF32D0</containerEntry>
        </property>
        <property name="staticModelArray" type="EntityHandle" container="StaticArray" arraySize="1">
          <containerEntry>0x2D7E550</containerEntry>
        </property>
        <property name="arrayIndex" type="UInt32" container="StaticArray" arraySize="1">
          <containerEntry>10</containerEntry>
        </property>
      </staticProperties>
      <dynamicProperties></dynamicProperties>
    </entity>
    <entity class="StaticModelArrayLinkTarget" classVersion="0" classID="0x48" addr="0x2D7E710" id="0x0">
      <staticProperties>
        <property name="name" type="String" container="StaticArray" arraySize="1">
          <containerEntry>mafr_rock012_0007</containerEntry>
        </property>
        <property name="dataSet" type="EntityHandle" container="StaticArray" arraySize="1">
          <containerEntry>0x2EF32D0</containerEntry>
        </property>
        <property name="staticModelArray" type="EntityHandle" container="StaticArray" arraySize="1">
          <containerEntry>0x2D7E550</containerEntry>
        </property>
        <property name="arrayIndex" type="UInt32" container="StaticArray" arraySize="1">
          <containerEntry>12</containerEntry>
        </property>
      </staticProperties>
      <dynamicProperties></dynamicProperties>
    </entity>
    <entity class="StaticModelArray" classVersion="4" classID="0xD0" addr="0x2D7E8D0" id="0x0">
      <staticProperties>
        <property name="name" type="String" container="StaticArray" arraySize="1">
          <containerEntry>StaticModelArray0005</containerEntry>
        </property>
        <property name="dataSet" type="EntityHandle" container="StaticArray" arraySize="1">
          <containerEntry>0x2EF32D0</containerEntry>
        </property>
        <property name="modelFile" type="FilePtr" container="StaticArray" arraySize="1">
          <containerEntry>/Assets/tpp/environ/object/middle_africa/clod/mafr_clod001/scenes/mafr_clod001.fmdl</containerEntry>
        </property>
        <property name="geomFile" type="FilePtr" container="StaticArray" arraySize="1">
          <containerEntry>/Assets/tpp/environ/object/middle_africa/clod/mafr_clod001/scenes/mafr_clod001.geom</containerEntry>
        </property>
        <property name="isVisibleGeom" type="Bool" container="StaticArray" arraySize="1">
          <containerEntry>false</containerEntry>
        </property>
        <property name="lodFarSize" type="Float" container="StaticArray" arraySize="1">
          <containerEntry>-1</containerEntry>
        </property>
        <property name="lodNearSize" type="Float" container="StaticArray" arraySize="1">
          <containerEntry>-1</containerEntry>
        </property>
        <property name="lodPolygonSize" type="Float" container="StaticArray" arraySize="1">
          <containerEntry>-1</containerEntry>
        </property>
        <property name="drawRejectionLevel" type="Int32" container="StaticArray" arraySize="1">
          <containerEntry>3</containerEntry>
        </property>
        <property name="drawMode" type="Int32" container="StaticArray" arraySize="1">
          <containerEntry>0</containerEntry>
        </property>
        <property name="rejectFarRangeShadowCast" type="Int32" container="StaticArray" arraySize="1">
          <containerEntry>2</containerEntry>
        </property>
        <property name="parentLocator" type="EntityLink" container="StaticArray" arraySize="1">
