<fox formatVersion="2" fileVersion="0">
  <entities>
    <entity class="DataSet" classVersion="0" classID="0xE8" addr="0x2F5CB80" id="0xEFF19B">
      <staticProperties>
        <property name="name" type="String" container="StaticArray" arraySize="1">
          <containerEntry hash="0xB8A0BF169F98"></containerEntry>
        </property>
        <property name="dataSet" type="EntityHandle" container="StaticArray" arraySize="1">
          <containerEntry>0x0</containerEntry>
        </property>
        <property name="dataList" type="EntityPtr" container="StringMap" arraySize="9">
          <containerEntry key="afgh_clff013_0006">
            <data>0x2F5C480</data>
          </containerEntry>
          <containerEntry key="afgh_brbw001_vrtn004_gim_i0000|TppSharedGimmick_afgh_brbw001_vrtn004">
            <data>0x2E7DDE0</data>
          </containerEntry>
          <containerEntry key="StaticModelArray0000">
            <data>0x2D7A1F0</data>
          </containerEntry>
          <containerEntry key="StaticModelArray0001">
            <data>0x2D7A260</data>
          </containerEntry>
          <containerEntry key="StaticModelArray0002">
            <data>0x2D7A340</data>
          </containerEntry>
          <containerEntry key="StaticModelArray0003">
            <data>0x2D7A2D0</data>
          </containerEntry>
          <containerEntry key="StaticModelArray0004">
            <data>0x2D7A3B0</data>
          </containerEntry>
          <containerEntry key="GeoxPathPack0000">
            <data>0x2D7A0A0</data>
          </containerEntry>
          <containerEntry key="TexturePackLoadConditioner0000">
            <data>0x2D7AD50</data>
          </containerEntry>
        </property>
      </staticProperties>
      <dynamicProperties></dynamicProperties>
    </entity>
    <entity class="StaticModel" classVersion="9" classID="0x160" addr="0x2F5C480" id="0xEFF1C0">
      <staticProperties>
        <property name="name" type="String" container="StaticArray" arraySize="1">
          <containerEntry>afgh_clff013_0006</containerEntry>
        </property>
        <property name="dataSet" type="EntityHandle" container="StaticArray" arraySize="1">
          <containerEntry>0x2F5CB80</containerEntry>
        </property>
        <property name="parent" type="EntityHandle" container="StaticArray" arraySize="1">
          <containerEntry>0x0</containerEntry>
        </property>
        <property name="transform" type="EntityPtr" container="StaticArray" arraySize="1">
          <containerEntry>0x2F5C410</containerEntry>
        </property>
        <property name="shearTransform" type="EntityPtr" container="StaticArray" arraySize="1">
          <containerEntry>0x0</containerEntry>
        </property>
        <property name="pivotTransform" type="EntityPtr" container="StaticArray" arraySize="1">
          <containerEntry>0x0</containerEntry>
        </property>
        <property name="children" type="EntityHandle" container="List"></property>
        <property name="flags" type="UInt32" container="StaticArray" arraySize="1">
          <containerEntry>3221225479</containerEntry>
        </property>
        <property name="modelFile" type="FilePtr" container="StaticArray" arraySize="1">
          <containerEntry>/Assets/tpp/environ/object/afghanistan/cliff/afgh_clff013/scenes/afgh_clff013.fmdl</containerEntry>
        </property>
        <property name="geomFile" type="FilePtr" container="StaticArray" arraySize="1">
          <containerEntry>/Assets/tpp/environ/object/afghanistan/cliff/afgh_clff013/scenes/afgh_clff013.geom</containerEntry>
        </property>
        <property name="isVisibleGeom" type="Bool" container="StaticArray" arraySize="1">
          <containerEntry>false</containerEntry>
        </property>
        <property name="isIsolated" type="Bool" container="StaticArray" arraySize="1">
          <containerEntry>false</containerEntry>
        </property>
        <property name="lodFarSize" type="Float" container="StaticArray" arraySize="1">
          <containerEntry>50</containerEntry>
        </property>
        <property name="lodNearSize" type="Float" container="StaticArray" arraySize="1">
          <containerEntry>400</containerEntry>
        </property>
        <property name="lodPolygonSize" type="Float" container="StaticArray" arraySize="1">
          <containerEntry>-1</containerEntry>
        </property>
        <property name="color" type="Color" container="StaticArray" arraySize="1">
          <containerEntry r="1" g="1" b="1" a="1"></containerEntry>
        </property>
        <property name="drawRejectionLevel" type="Int32" container="StaticArray" arraySize="1">
          <containerEntry>7</containerEntry>
        </property>
        <property name="drawMode" type="Int32" container="StaticArray" arraySize="1">
          <containerEntry>0</containerEntry>
        </property>
        <property name="rejectFarRangeShadowCast" type="Int32" container="StaticArray" arraySize="1">
          <containerEntry>2</containerEntry>
        </property>
      </staticProperties>
      <dynamicProperties></dynamicProperties>
    </entity>
    <entity class="TransformEntity" classVersion="0" classID="0x50" addr="0x2F5C410" id="0xEFF1C3">
      <staticProperties>
        <property name="owner" type="EntityHandle" container="StaticArray" arraySize="1">
          <containerEntry>0x2F5C480</containerEntry>
        </property>
        <property name="transform_scale" type="Vector3" container="StaticArray" arraySize="1">
          <containerEntry x="1" y="1" z="1" w="0"></containerEntry>
        </property>
        <property name="transform_rotation_quat" type="Quat" container="StaticArray" arraySize="1">
          <containerEntry x="-0.037508" y="-0.257949" z="0.010022" w="-0.965378"></containerEntry>
        </property>
        <property name="transform_translation" type="Vector3" container="StaticArray" arraySize="1">
          <containerEntry x="-431.87494" y="327.20728" z="283.99677" w="0"></containerEntry>
        </property>
      </staticProperties>
      <dynamicProperties></dynamicProperties>
    </entity>
    <entity class="TppSharedGimmickData" classVersion="1" classID="0xF0" addr="0x2E7DDE0" id="0xB62">
      <staticProperties>
        <property name="name" type="String" container="StaticArray" arraySize="1">
          <containerEntry>afgh_brbw001_vrtn004_gim_i0000|TppSharedGimmick_afgh_brbw001_vrtn004</containerEntry>
        </property>
        <property name="dataSet" type="EntityHandle" container="StaticArray" arraySize="1">
          <containerEntry>0x2F5CB80</containerEntry>
        </property>
        <property name="modelFile" type="FilePtr" container="StaticArray" arraySize="1">
          <containerEntry>/Assets/tpp/environ/object/afghanistan/barbwire/afgh_brbw001/scenes/afgh_brbw001_vrtn004.fmdl</containerEntry>
        </property>
        <property name="geomFile" type="FilePtr" container="StaticArray" arraySize="1">
          <containerEntry>/Assets/tpp/environ/object/afghanistan/barbwire/afgh_brbw001/scenes/afgh_brbw001_vrtn004.geom</containerEntry>
        </property>
        <property name="breakedModelFile" type="FilePtr" container="StaticArray" arraySize="1">
          <containerEntry hash="0xB8A0BF169F98"></containerEntry>
        </property>
        <property name="breakedGeomFile" type="FilePtr" container="StaticArray" arraySize="1">
          <containerEntry hash="0xB8A0BF169F98"></containerEntry>
        </property>
        <property name="partsFile" type="FilePtr" container="StaticArray" arraySize="1">
          <containerEntry>/Assets/tpp/parts/environ/object/afghanistan/barbwire/afgh_brbw001/afgh_brbw001_vrtn004.parts</containerEntry>
        </property>
        <property name="numDynamicGimmick" type="UInt32" container="StaticArray" arraySize="1">
          <containerEntry>2</containerEntry>
        </property>
        <property name="locaterFile" type="FilePtr" container="StaticArray" arraySize="1">
          <containerEntry>/Assets/tpp/level/location/afgh/block_small/129/129_135/lba/afgh_brbw001_vrtn004.lba</containerEntry>
        </property>
        <property name="flags1" type="UInt32" container="StaticArray" arraySize="1">
          <containerEntry>16781568</containerEntry>
        </property>
        <property name="flags2" type="UInt32" container="StaticArray" arraySize="1">
          <containerEntry>0</containerEntry>
        </property>
      </staticProperties>
      <dynamicProperties></dynamicProperties>
    </entity>
    <entity class="StaticModelArray" classVersion="4" classID="0xD0" addr="0x2D7A1F0" id="0x0">
      <staticProperties>
        <property name="name" type="String" container="StaticArray" arraySize="1">
          <containerEntry>StaticModelArray0000</containerEntry>
        </property>
        <property name="dataSet" type="EntityHandle" container="StaticArray" arraySize="1">
          <containerEntry>0x2F5CB80</containerEntry>
        </property>
        <property name="modelFile" type="FilePtr" container="StaticArray" arraySize="1">
          <containerEntry>/Assets/tpp/environ/object/afghanistan/cliff/afgh_clff007/scenes/afgh_clff007.fmdl</containerEntry>
        </property>
        <property name="geomFile" type="FilePtr" container="StaticArray" arraySize="1">
          <containerEntry>/Assets/tpp/environ/object/afghanistan/cliff/afgh_clff007/scenes/afgh_clff007.geom</containerEntry>
        </property>
        <property name="isVisibleGeom" type="Bool" container="StaticArray" arraySize="1">
          <containerEntry>false</containerEntry>
        </property>
        <property name="lodFarSize" type="Float" container="StaticArray" arraySize="1">
          <containerEntry>50</containerEntry>
        </property>
        <property name="lodNearSize" type="Float" container="StaticArray" arraySize="1">
          <containerEntry>400</containerEntry>
        </property>
        <property name="lodPolygonSize" type="Float" container="StaticArray" arraySize="1">
          <containerEntry>-1</containerEntry>
        </property>
        <property name="drawRejectionLevel" type="Int32" container="StaticArray" arraySize="1">
          <containerEntry>4</containerEntry>
        </property>
        <property name="drawMode" type="Int32" container="StaticArray" arraySize="1">
          <containerEntry>0</containerEntry>
        </property>
        <property name="rejectFarRangeShadowCast" type="Int32" container="StaticArray" arraySize="1">
          <containerEntry>2</containerEntry>
        </property>
        <property name="parentLocator" type="EntityLink" container="StaticArray" arraySize="1">
          <containerEntry packagePathHash="0xB8A0BF169F98" archivePathHash="0xB8A0BF169F98" nameInArchiveHash="0xB8A0BF169F98">0x0</containerEntry>
        </property>
        <property name="transforms" type="Matrix4" container="DynamicArray" arraySize="5">
          <containerEntry r11="0.2597208" r12="0" r13="0.965682" r14="0" r21="0" r22="1" r23="0" r24="0" r31="-0.965682" r32="0" r33="0.2597208" r34="0" r41="-416.7797" r42="319.89774" r43="339.4343" r44="1"></containerEntry>
          <containerEntry r11="0.0992876" r12="-0.0888817" r13="0.99108016" r14="0" r21="0.06883119" r22="0.9942304" r23="0.08226861" r24="0" r31="-0.99267423" r32="0.060049135" r33="0.10483259" r34="0" r41="-412.18668" r42="319.13687" r43="359.0365" r44="1"></containerEntry>
          <containerEntry r11="0.013617047" r12="0.06692857" r13="-0.99766284" r14="0" r21="0.006802285" r22="0.99772805" r23="0.06702564" r24="0" r31="0.99988216" r32="-0.0076989606" r33="0.013130844" r34="0" r41="-431.07538" r42="318.5385" r43="372.3983" r44="1"></containerEntry>
          <containerEntry r11="-0.16995364" r12="0.043145865" r13="-0.9845038" r14="0" r21="0.0071353465" r22="0.99906874" r23="0.04255227" r24="0" r31="0.9854229" r32="0.00020725653" r33="-0.17010325" r34="0" r41="-432.04254" r42="319.29993" r43="359.79337" r44="1"></containerEntry>
          <containerEntry r11="0.013423971" r12="0.039188214" r13="-0.9991391" r14="0" r21="-0.05225219" r22="0.9978939" r23="0.038437366" r24="0" r31="0.9985411" r32="0.051691458" r33="0.015443385" r34="0" r41="-434.596" r42="319.60028" r43="349.68408" r44="1"></containerEntry>
        </property>
        <property name="colors" type="UInt32" container="DynamicArray" arraySize="5">
          <containerEntry>4294967295</containerEntry>
          <containerEntry>4294967295</containerEntry>
          <containerEntry>4294967295</containerEntry>
          <containerEntry>4294967295</containerEntry>
          <containerEntry>4294967295</containerEntry>
        </property>
      </staticProperties>
      <dynamicProperties></dynamicProperties>
    </entity>
    <entity class="StaticModelArray" classVersion="4" classID="0xD0" addr="0x2D7A260" id="0x0">
      <staticProperties>
        <property name="name" type="String" container="StaticArray" arraySize="1">
          <containerEntry>StaticModelArray0001</containerEntry>
        </property>
        <property name="dataSet" type="EntityHandle" container="StaticArray" arraySize="1">
          <containerEntry>0x2F5CB80</containerEntry>
        </property>
        <property name="modelFile" type="FilePtr" container="StaticArray" arraySize="1">
          <containerEntry>/Assets/tpp/environ/object/afghanistan/rock/afgh_rock001/scenes/afgh_rock001.fmdl</containerEntry>
        </property>
        <property name="geomFile" type="FilePtr" container="StaticArray" arraySize="1">
          <containerEntry>/Assets/tpp/environ/object/afghanistan/rock/afgh_rock001/scenes/afgh_rock001.geom</containerEntry>
        </property>
        <property name="isVisibleGeom" type="Bool" container="StaticArray" arraySize="1">
          <containerEntry>false</containerEntry>
        </property>
        <property name="lodFarSize" type="Float" container="StaticArray" arraySize="1">
          <containerEntry>50</containerEntry>
        </property>
        <property name="lodNearSize" type="Float" container="StaticArray" arraySize="1">
          <containerEntry>400</containerEntry>
        </property>
        <property name="lodPolygonSize" type="Float" container="StaticArray" arraySize="1">
          <containerEntry>-1</containerEntry>
        </property>
        <property name="drawRejectionLevel" type="Int32" container="StaticArray" arraySize="1">
          <containerEntry>7</containerEntry>
        </property>
        <property name="drawMode" type="Int32" container="StaticArray" arraySize="1">
          <containerEntry>0</containerEntry>
        </property>
        <property name="rejectFarRangeShadowCast" type="Int32" container="StaticArray" arraySize="1">
          <containerEntry>2</containerEntry>
        </property>
        <property name="parentLocator" type="EntityLink" container="StaticArray" arraySize="1">
          <containerEntry packagePathHash="0xB8A0BF169F98" archivePathHash="0xB8A0BF169F98" nameInArchiveHash="0xB8A0BF169F98">0x0</containerEntry>
        </property>
        <property name="transforms" type="Matrix4" container="DynamicArray" arraySize="5">
          <containerEntry r11="0.19408342" r12="0.118626885" r13="-0.97378445" r14="0" r21="-0.09994904" r22="0.98988694" r23="0.10066778" r24="0" r31="0.97587836" r32="0.07779122" r33="0.20397735" r34="0" r41="-409.04773" r42="326.8305" r43="280.31613" r44="1"></containerEntry>
          <containerEntry r11="0.19408342" r12="0.118626885" r13="-0.97378445" r14="0" r21="-0.09994904" r22="0.98988694" r23="0.10066778" r24="0" r31="0.97587836" r32="0.07779122" r33="0.20397735" r34="0" r41="-409.96393" r42="323.63824" r43="330.63144" r44="1"></containerEntry>
          <containerEntry r11="0.18011981" r12="0.33466607" r13="-0.924961" r14="0" r21="0.58743054" r22="-0.79083645" r23="-0.17174752" r24="0" r31="-0.7889737" r32="-0.51241636" r33="-0.3390363" r34="0" r41="-404.91666" r42="320.34802" r43="366.94254" r44="1"></containerEntry>
          <containerEntry r11="-0.08268981" r12="0.0017531514" r13="-0.9965727" r14="0" r21="-0.4498285" r22="0.8922675" r23="0.038894266" r24="0" r31="0.8892775" r32="0.45150346" r33="-0.07299268" r34="0" r41="-456.04935" r42="343.4244" r43="300.76233" r44="1"></containerEntry>
          <containerEntry r11="-1.0114703" r12="0.6115083" r13="-0.4067862" r14="0" r21="0.5376693" r22="1.0881568" r23="0.2988739" r24="0" r31="0.5003291" r32="0.06686917" r33="-1.143542" r34="0" r41="-479.3384" r42="341.33154" r43="335.55225" r44="1"></containerEntry>
        </property>
        <property name="colors" type="UInt32" container="DynamicArray" arraySize="5">
          <containerEntry>4294967295</containerEntry>
          <containerEntry>4294967295</containerEntry>
          <containerEntry>4294967295</containerEntry>
          <containerEntry>4294967295</containerEntry>
          <containerEntry>4294967295</containerEntry>
        </property>
      </staticProperties>
      <dynamicProperties></dynamicProperties>
    </entity>
    <entity class="StaticModelArray" classVersion="4" classID="0xD0" addr="0x2D7A340" id="0x0">
      <staticProperties>
        <property name="name" type="String" container="StaticArray" arraySize="1">
          <containerEntry>StaticModelArray0002</containerEntry>
        </property>
        <property name="dataSet" type="EntityHandle" container="StaticArray" arraySize="1">
          <containerEntry>0x2F5CB80</containerEntry>
        </property>
        <property name="modelFile" type="FilePtr" container="StaticArray" arraySize="1">
          <containerEntry>/Assets/tpp/environ/object/afghanistan/cliff/afgh_clff025/scenes/afgh_clff025.fmdl</containerEntry>
        </property>
        <property name="geomFile" type="FilePtr" container="StaticArray" arraySize="1">
          <containerEntry>/Assets/tpp/environ/object/afghanistan/cliff/afgh_clff025/scenes/afgh_clff025.geom</containerEntry>
        </property>
        <property name="isVisibleGeom" type="Bool" container="StaticArray" arraySize="1">
          <containerEntry>false</containerEntry>
        </property>
        <property name="lodFarSize" type="Float" container="StaticArray" arraySize="1">
          <containerEntry>-1</containerEntry>
        </property>
        <property name="lodNearSize" type="Float" container="StaticArray" arraySize="1">
          <containerEntry>-1</containerEntry>
        </property>
        <property name="lodPolygonSize" type="Float" container="StaticArray" arraySize="1">
          <containerEntry>-1</containerEntry>
        </property>
        <property name="drawRejectionLevel" type="Int32" container="StaticArray" arraySize="1">
          <containerEntry>8</containerEntry>
        </property>
        <property name="drawMode" type="Int32" container="StaticArray" arraySize="1">
          <containerEntry>0</containerEntry>
        </property>
        <property name="rejectFarRangeShadowCast" type="Int32" container="StaticArray" arraySize="1">
          <containerEntry>2</containerEntry>
        </property>
        <property name="parentLocator" type="EntityLink" container="StaticArray" arraySize="1">
          <containerEntry packagePathHash="0xB8A0BF169F98" archivePathHash="0xB8A0BF169F98" nameInArchiveHash="0xB8A0BF169F98">0x0</containerEntry>
        </property>
        <property name="transforms" type="Matrix4" container="DynamicArray" arraySize="6">
          <containerEntry r11="0.80260575" r12="0" r13="0.59650946" r14="0" r21="0" r22="1" r23="0" r24="0" r31="-0.59650946" r32="0" r33="0.80260575" r34="0" r41="-401.0016" r42="324.0382" r43="354.8259" r44="1"></containerEntry>
          <containerEntry r11="-0.2619108" r12="0" r13="0.96508986" r14="0" r21="0" r22="1" r23="0" r24="0" r31="-0.96508986" r32="0" r33="-0.2619108" r34="0" r41="-403.62027" r42="324.0382" r43="343.84753" r44="1"></containerEntry>
          <containerEntry r11="-0.42251885" r12="0" r13="-0.90635264" r14="0" r21="0" r22="1" r23="0" r24="0" r31="0.90635264" r32="0" r33="-0.42251885" r34="0" r41="-392.6576" r42="324.622" r43="329.32233" r44="1"></containerEntry>
          <containerEntry r11="0.605067" r12="0" r13="-0.79617333" r14="0" r21="0" r22="1" r23="0" r24="0" r31="0.79617333" r32="0" r33="0.605067" r34="0" r41="-416.9519" r42="329.28638" r43="274.93665" r44="1"></containerEntry>
          <containerEntry r11="0.010423124" r12="0" r13="-0.99994373" r14="0" r21="0" r22="1" r23="0" r24="0" r31="0.99994373" r32="0" r33="0.010423124" r34="0" r41="-414.45078" r42="329.63318" r43="264.12463" r44="1"></containerEntry>
          <containerEntry r11="0.8302245" r12="0" r13="-0.5574286" r14="0" r21="0" r22="1" r23="0" r24="0" r31="0.5574286" r32="0" r33="0.8302245" r34="0" r41="-418.19293" r42="326.96463" r43="280.88306" r44="1"></containerEntry>
        </property>
        <property name="colors" type="UInt32" container="DynamicArray" arraySize="6">
          <containerEntry>4294967295</containerEntry>
          <containerEntry>4294967295</containerEntry>
          <containerEntry>4294967295</containerEntry>
          <containerEntry>4294967295</containerEntry>
          <containerEntry>4294967295</containerEntry>
          <containerEntry>4294967295</containerEntry>
        </property>
      </staticProperties>
      <dynamicProperties></dynamicProperties>
    </entity>
    <entity class="StaticModelArray" classVersion="4" classID="0xD0" addr="0x2D7A2D0" id="0x0">
      <staticProperties>
        <property name="name" type="String" container="StaticArray" arraySize="1">
          <containerEntry>StaticModelArray0003</containerEntry>
        </property>
        <property name="dataSet" type="EntityHandle" container="StaticArray" arraySize="1">
          <containerEntry>0x2F5CB80</containerEntry>
        </property>
        <property name="modelFile" type="FilePtr" container="StaticArray" arraySize="1">
          <containerEntry>/Assets/tpp/environ/object/afghanistan/rock/afgh_rock010/scenes/afgh_rock010_vrtn001.fmdl</containerEntry>
        </property>
        <property name="geomFile" type="FilePtr" container="StaticArray" arraySize="1">
          <containerEntry>/Assets/tpp/environ/object/afghanistan/rock/afgh_rock010/scenes/afgh_rock010_vrtn001.geom</containerEntry>
        </property>
        <property name="isVisibleGeom" type="Bool" container="StaticArray" arraySize="1">
          <containerEntry>false</containerEntry>
        </property>
        <property name="lodFarSize" type="Float" container="StaticArray" arraySize="1">
          <containerEntry>-1</containerEntry>
        </property>
        <property name="lodNearSize" type="Float" container="StaticArray" arraySize="1">
          <containerEntry>-1</containerEntry>
        </property>
        <property name="lodPolygonSize" type="Float" container="StaticArray" arraySize="1">
          <containerEntry>-1</containerEntry>
        </property>
        <property name="drawRejectionLevel" type="Int32" container="StaticArray" arraySize="1">
          <containerEntry>8</containerEntry>
        </property>
        <property name="drawMode" type="Int32" container="StaticArray" arraySize="1">
          <containerEntry>0</containerEntry>
        </property>
        <property name="rejectFarRangeShadowCast" type="Int32" container="StaticArray" arraySize="1">
          <containerEntry>2</containerEntry>
        </property>
        <property name="parentLocator" type="EntityLink" container="StaticArray" arraySize="1">
          <containerEntry packagePathHash="0xB8A0BF169F98" archivePathHash="0xB8A0BF169F98" nameInArchiveHash="0xB8A0BF169F98">0x0</containerEntry>
        </property>
        <property name="transforms" type="Matrix4" container="DynamicArray" arraySize="10">
          <containerEntry r11="-0.80753785" r12="0.5441895" r13="0.22739893" r14="0" r21="-0.58157927" r22="-0.79883885" r23="-0.15359701" r24="0" r31="0.09807193" r32="-0.2562893" r33="0.9616117" r34="0" r41="-395.8498" r42="326.472" r43="339.10562" r44="1"></containerEntry>
          <containerEntry r11="0.38587815" r12="0.10568342" r13="-0.9164724" r14="0" r21="-0.25551945" r22="-0.94229704" r23="-0.21624616" r24="0" r31="-0.8864538" r32="0.3176218" r33="-0.3366002" r34="0" r41="-443.6759" r42="345.1691" r43="284.37067" r44="1"></containerEntry>
          <containerEntry r11="-0.5267912" r12="-0.28895405" r13="0.7993616" r14="0" r21="0.83908653" r22="-0.026672706" r23="0.5433328" r24="0" r31="-0.13567328" r32="0.9569651" r33="0.25651884" r34="0" r41="-434.27548" r42="338.901" r43="284.6335" r44="1"></containerEntry>
          <containerEntry r11="-0.57726157" r12="-0.2227684" r13="-0.7855716" r14="0" r21="-0.7939476" r22="0.37791076" r23="0.476259" r24="0" r31="0.19077662" r32="0.89863765" r33="-0.39501452" r34="0" r41="-434.79895" r42="331.6289" r43="285.74814" r44="1"></containerEntry>
          <containerEntry r11="-0.4161613" r12="-0.8207376" r13="0.39139187" r14="0" r21="0.56614554" r22="0.10294627" r23="0.81784695" r24="0" r31="-0.7115314" r32="0.5619469" r33="0.42182207" r34="0" r41="-466.04306" r42="356.7153" r43="283.71823" r44="1"></containerEntry>
          <containerEntry r11="0.93805873" r12="-0.23550785" r13="0.254128" r14="0" r21="0.16410902" r22="-0.3439514" r23="-0.9245249" r24="0" r31="0.30514458" r32="0.9089632" r33="-0.2839968" r34="0" r41="-462.21085" r42="358.4092" r43="273.0197" r44="1"></containerEntry>
          <containerEntry r11="-0.5814563" r12="0.34493607" r13="0.7368257" r14="0" r21="0.0029446632" r22="-0.90476424" r23="0.42588058" r24="0" r31="0.81356275" r32="0.24980399" r33="0.52507997" r34="0" r41="-441.94666" r42="347.4432" r43="264.4819" r44="1"></containerEntry>
          <containerEntry r11="-0.14562535" r12="-0.23084593" r13="0.96202254" r14="0" r21="0.9469243" r22="-0.31416133" r23="0.06795931" r24="0" r31="0.2865509" r32="0.9208661" r33="0.26435566" r34="0" r41="-451.20468" r42="342.60574" r43="284.58847" r44="1"></containerEntry>
          <containerEntry r11="-0.74914485" r12="-0.3631394" r13="-0.55397844" r14="0" r21="0.27117234" r22="-0.9311621" r23="0.24368238" r24="0" r31="-0.6043409" r32="0.032331325" r33="0.79606813" r34="0" r41="-450.61105" r42="342.3866" r43="289.32733" r44="1"></containerEntry>
          <containerEntry r11="0.11077082" r12="-0.9336568" r13="0.3405977" r14="0" r21="0.91884995" r22="0.22680868" r23="0.322902" r24="0" r31="-0.3787303" r32="0.27719274" r33="0.88302124" r34="0" r41="-499.59357" r42="380.58517" r43="279.61636" r44="1"></containerEntry>
        </property>
        <property name="colors" type="UInt32" container="DynamicArray" arraySize="10">
          <containerEntry>4294967295</containerEntry>
          <containerEntry>4294967295</containerEntry>
          <containerEntry>4294967295</containerEntry>
          <containerEntry>4294967295</containerEntry>
          <containerEntry>4294967295</containerEntry>
          <containerEntry>4294967295</containerEntry>
          <containerEntry>4294967295</containerEntry>
          <containerEntry>4294967295</containerEntry>
          <containerEntry>4294967295</containerEntry>
          <containerEntry>4294967295</containerEntry>
        </property>
      </staticProperties>
      <dynamicProperties></dynamicProperties>
    </entity>
    <entity class="StaticModelArray" classVersion="4" classID="0xD0" addr="0x2D7A3B0" id="0x0">
      <staticProperties>
        <property name="name" type="String" container="StaticArray" arraySize="1">
          <containerEntry>StaticModelArray0004</containerEntry>
        </property>
        <property name="dataSet" type="EntityHandle" container="StaticArray" arraySize="1">
          <containerEntry>0x2F5CB80</containerEntry>
        </property>
        <property name="modelFile" type="FilePtr" container="StaticArray" arraySize="1">
          <containerEntry>/Assets/tpp/environ/object/afghanistan/rock/afgh_rock009/scenes/afgh_rock009_rock001.fmdl</containerEntry>
        </property>
        <property name="geomFile" type="FilePtr" container="StaticArray" arraySize="1">
          <containerEntry>/Assets/tpp/environ/object/afghanistan/rock/afgh_rock009/scenes/afgh_rock009_rock001.geom</containerEntry>
        </property>
        <property name="isVisibleGeom" type="Bool" container="StaticArray" arraySize="1">
          <containerEntry>false</containerEntry>
        </property>
        <property name="lodFarSize" type="Float" container="StaticArray" arraySize="1">
          <containerEntry>-1</containerEntry>
        </property>
        <property name="lodNearSize" type="Float" container="StaticArray" arraySize="1">
          <containerEntry>-1</containerEntry>
        </property>
        <property name="lodPolygonSize" type="Float" container="StaticArray" arraySize="1">
          <containerEntry>-1</containerEntry>
        </property>
        <property name="drawRejectionLevel" type="Int32" container="StaticArray" arraySize="1">
          <containerEntry>8</containerEntry>
        </property>
        <property name="drawMode" type="Int32" container="StaticArray" arraySize="1">
          <containerEntry>0</containerEntry>
        </property>
        <property name="rejectFarRangeShadowCast" type="Int32" container="StaticArray" arraySize="1">
          <containerEntry>2</containerEntry>
        </property>
        <property name="parentLocator" type="EntityLink" container="StaticArray" arraySize="1">
          <containerEntry packagePathHash="0xB8A0BF169F98" archivePathHash="0xB8A0BF169F98" nameInArchiveHash="0xB8A0BF169F98">0x0</containerEntry>
        </property>
        <property name="transforms" type="Matrix4" container="DynamicArray" arraySize="3">
          <containerEntry r11="-0.7018648" r12="-0.6756331" r13="0.22562133" r14="0" r21="0.71011794" r22="-0.6885058" r23="0.14728001" r24="0" r31="0.055834427" r32="0.26358852" r33="0.96301794" r34="0" r41="-426.61508" r42="324.71317" r43="289.42657" r44="1"></containerEntry>
          <containerEntry r11="-0.7350843" r12="0.3172452" r13="-0.5991691" r14="0" r21="-0.085561894" r22="-0.92010677" r23="-0.38220337" r24="0" r31="-0.67255276" r32="-0.22968617" r33="0.703503" r34="0" r41="-413.57596" r42="326.73624" r43="278.77682" r44="1"></containerEntry>
          <containerEntry r11="-0.7733061" r12="-0.2013555" r13="0.60120887" r14="0" r21="0.18596263" r22="-0.9785584" r23="-0.08854176" r24="0" r31="0.6061469" r32="0.043332487" r33="0.7941713" r34="0" r41="-415.14877" r42="322.1857" r43="334.04837" r44="1"></containerEntry>
        </property>
        <property name="colors" type="UInt32" container="DynamicArray" arraySize="3">
          <containerEntry>4294967295</containerEntry>
          <containerEntry>4294967295</containerEntry>
          <containerEntry>4294967295</containerEntry>
        </property>
      </staticProperties>
      <dynamicProperties></dynamicProperties>
    </entity>
    <entity class="GeoxPathPack" classVersion="0" classID="0x120" addr="0x2D7A0A0" id="0x0">
      <staticProperties>
        <property name="name" type="String" container="StaticArray" arraySize="1">
          <containerEntry>GeoxPathPack0000</containerEntry>
        </property>
        <property name="dataSet" type="EntityHandle" container="StaticArray" arraySize="1">
          <containerEntry>0x2F5CB80</containerEntry>
        </property>
        <property name="parent" type="EntityHandle" container="StaticArray" arraySize="1">
          <containerEntry>0x0</containerEntry>
        </property>
        <property name="transform" type="EntityPtr" container="StaticArray" arraySize="1">
          <containerEntry>0x0</containerEntry>
        </property>
        <property name="shearTransform" type="EntityPtr" container="StaticArray" arraySize="1">
          <containerEntry>0x0</containerEntry>
        </property>
        <property name="pivotTransform" type="EntityPtr" container="StaticArray" arraySize="1">
          <containerEntry>0x0</containerEntry>
        </property>
        <property name="children" type="EntityHandle" container="List"></property>
        <property name="flags" type="UInt32" container="StaticArray" arraySize="1">
          <containerEntry>134217735</containerEntry>
        </property>
        <property name="pathFixedPackFile" type="FilePtr" container="StaticArray" arraySize="1">
          <containerEntry>/Assets/tpp/level/location/afgh/block_small/129/129_135/afgh_129_135_asset_fox2_0_win.gpfp</containerEntry>
        </property>
      </staticProperties>
      <dynamicProperties></dynamicProperties>
    </entity>
    <entity class="TexturePackLoadConditioner" classVersion="0" classID="0x48" addr="0x2D7AD50" id="0x0">
      <staticProperties>
        <property name="name" type="String" container="StaticArray" arraySize="1">
          <containerEntry>TexturePackLoadConditioner0000</containerEntry>
        </property>
        <property name="dataSet" type="EntityHandle" container="StaticArray" arraySize="1">
          <containerEntry>0x2F5CB80</containerEntry>
        </property>
        <property name="texturePackPath" type="Path" container="StaticArray" arraySize="1">
          <containerEntry hash="0xB8A0BF169F98"></containerEntry>
        </property>
      </staticProperties>
      <dynamicProperties></dynamicProperties>
    </entity>
  </entities>
</fox>