<fox formatVersion="2" fileVersion="0">
  <entities>
    <entity class="DataSet" classVersion="0" classID="0xE8" addr="0x33533B0" id="0xE4AA6">
      <staticProperties>
        <property name="name" type="String" container="StaticArray" arraySize="1">
          <containerEntry hash="0xB8A0BF169F98"></containerEntry>
        </property>
        <property name="dataSet" type="EntityHandle" container="StaticArray" arraySize="1">
          <containerEntry>0x0</containerEntry>
        </property>
        <property name="dataList" type="EntityPtr" container="StringMap" arraySize="19">
          <containerEntry key="afgh_rock011_0000">
            <data>0x317D7C0</data>
          </containerEntry>
          <containerEntry key="afgh_rock013_vrtn004_0003">
            <data>0x317E5C0</data>
          </containerEntry>
          <containerEntry key="StaticModelArray0000">
            <data>0x33556B0</data>
          </containerEntry>
          <containerEntry key="StaticModelArray0001">
            <data>0x3355720</data>
          </containerEntry>
          <containerEntry key="StaticModelArray0002">
            <data>0x3355800</data>
          </containerEntry>
          <containerEntry key="StaticModelArray0003">
            <data>0x3355790</data>
          </containerEntry>
          <containerEntry key="StaticModelArray0004">
            <data>0x3355170</data>
          </containerEntry>
          <containerEntry key="StaticModelArray0005">
            <data>0x3354DF0</data>
          </containerEntry>
          <containerEntry key="StaticModelArray0006">
            <data>0x3352EE0</data>
          </containerEntry>
          <containerEntry key="StaticModelArray0007">
            <data>0x3353C70</data>
          </containerEntry>
          <containerEntry key="StaticModelArray0008">
            <data>0x3353DC0</data>
          </containerEntry>
          <containerEntry key="StaticModelArray0009">
            <data>0x3353E30</data>
          </containerEntry>
          <containerEntry key="StaticModelArray0010">
            <data>0x3353FF0</data>
          </containerEntry>
          <containerEntry key="StaticModelArray0011">
            <data>0x3354CA0</data>
          </containerEntry>
          <containerEntry key="StaticModelArray0012">
            <data>0x3354D10</data>
          </containerEntry>
          <containerEntry key="StaticModelArray0013">
            <data>0x3354D80</data>
          </containerEntry>
          <containerEntry key="StaticModelArray0014">
            <data>0x3354E60</data>
          </containerEntry>
          <containerEntry key="TerrainDecalPack0000">
            <data>0x3355560</data>
          </containerEntry>
          <containerEntry key="TexturePackLoadConditioner0000">
            <data>0x3355E20</data>
          </containerEntry>
        </property>
      </staticProperties>
      <dynamicProperties></dynamicProperties>
    </entity>
    <entity class="StaticModel" classVersion="9" classID="0x160" addr="0x317D7C0" id="0xE4E00">
      <staticProperties>
        <property name="name" type="String" container="StaticArray" arraySize="1">
          <containerEntry>afgh_rock011_0000</containerEntry>
        </property>
        <property name="dataSet" type="EntityHandle" container="StaticArray" arraySize="1">
          <containerEntry>0x33533B0</containerEntry>
        </property>
        <property name="parent" type="EntityHandle" container="StaticArray" arraySize="1">
          <containerEntry>0x0</containerEntry>
        </property>
        <property name="transform" type="EntityPtr" container="StaticArray" arraySize="1">
          <containerEntry>0x317D830</containerEntry>
        </property>
        <property name="shearTransform" type="EntityPtr" container="StaticArray" arraySize="1">
          <containerEntry>0x0</containerEntry>
        </property>
        <property name="pivotTransform" type="EntityPtr" container="StaticArray" arraySize="1">
          <containerEntry>0x0</containerEntry>
        </property>
        <property name="children" type="EntityHandle" container="List"></property>
        <property name="flags" type="UInt32" container="StaticArray" arraySize="1">
          <containerEntry>7</containerEntry>
        </property>
        <property name="modelFile" type="FilePtr" container="StaticArray" arraySize="1">
          <containerEntry>/Assets/tpp/environ/object/afghanistan/rock/afgh_rock011/scenes/afgh_rock011.fmdl</containerEntry>
        </property>
        <property name="geomFile" type="FilePtr" container="StaticArray" arraySize="1">
          <containerEntry>/Assets/tpp/environ/object/afghanistan/rock/afgh_rock011/scenes/afgh_rock011.geom</containerEntry>
        </property>
        <property name="isVisibleGeom" type="Bool" container="StaticArray" arraySize="1">
          <containerEntry>false</containerEntry>
        </property>
        <property name="isIsolated" type="Bool" container="StaticArray" arraySize="1">
          <containerEntry>false</containerEntry>
        </property>
        <property name="lodFarSize" type="Float" container="StaticArray" arraySize="1">
          <containerEntry>-1</containerEntry>
        </property>
        <property name="lodNearSize" type="Float" container="StaticArray" arraySize="1">
          <containerEntry>-1</containerEntry>
        </property>
        <property name="lodPolygonSize" type="Float" container="StaticArray" arraySize="1">
          <containerEntry>-1</containerEntry>
        </property>
        <property name="color" type="Color" container="StaticArray" arraySize="1">
          <containerEntry r="1" g="1" b="1" a="1"></containerEntry>
        </property>
        <property name="drawRejectionLevel" type="Int32" container="StaticArray" arraySize="1">
          <containerEntry>8</containerEntry>
        </property>
        <property name="drawMode" type="Int32" container="StaticArray" arraySize="1">
          <containerEntry>0</containerEntry>
        </property>
        <property name="rejectFarRangeShadowCast" type="Int32" container="StaticArray" arraySize="1">
          <containerEntry>2</containerEntry>
        </property>
      </staticProperties>
      <dynamicProperties></dynamicProperties>
    </entity>
    <entity class="TransformEntity" classVersion="0" classID="0x50" addr="0x317D830" id="0xE4E03">
      <staticProperties>
        <property name="owner" type="EntityHandle" container="StaticArray" arraySize="1">
          <containerEntry>0x317D7C0</containerEntry>
        </property>
        <property name="transform_scale" type="Vector3" container="StaticArray" arraySize="1">
          <containerEntry x="1" y="1" z="1" w="0"></containerEntry>
        </property>
        <property name="transform_rotation_quat" type="Quat" container="StaticArray" arraySize="1">
          <containerEntry x="0" y="-0.986961" z="0" w="-0.160958"></containerEntry>
        </property>
        <property name="transform_translation" type="Vector3" container="StaticArray" arraySize="1">
          <containerEntry x="-1436.306" y="563.9945" z="-2454.7246" w="0"></containerEntry>
        </property>
      </staticProperties>
      <dynamicProperties></dynamicProperties>
    </entity>
    <entity class="StaticModel" classVersion="9" classID="0x160" addr="0x317E5C0" id="0xE4E4E">
      <staticProperties>
        <property name="name" type="String" container="StaticArray" arraySize="1">
          <containerEntry>afgh_rock013_vrtn004_0003</containerEntry>
        </property>
        <property name="dataSet" type="EntityHandle" container="StaticArray" arraySize="1">
          <containerEntry>0x33533B0</containerEntry>
        </property>
        <property name="parent" type="EntityHandle" container="StaticArray" arraySize="1">
          <containerEntry>0x0</containerEntry>
        </property>
        <property name="transform" type="EntityPtr" container="StaticArray" arraySize="1">
          <containerEntry>0x317E630</containerEntry>
        </property>
        <property name="shearTransform" type="EntityPtr" container="StaticArray" arraySize="1">
          <containerEntry>0x0</containerEntry>
        </property>
        <property name="pivotTransform" type="EntityPtr" container="StaticArray" arraySize="1">
          <containerEntry>0x0</containerEntry>
        </property>
        <property name="children" type="EntityHandle" container="List"></property>
        <property name="flags" type="UInt32" container="StaticArray" arraySize="1">
          <containerEntry>7</containerEntry>
        </property>
        <property name="modelFile" type="FilePtr" container="StaticArray" arraySize="1">
          <containerEntry>/Assets/tpp/environ/object/afghanistan/rock/afgh_rock013/scenes/afgh_rock013_vrtn004.fmdl</containerEntry>
        </property>
        <property name="geomFile" type="FilePtr" container="StaticArray" arraySize="1">
          <containerEntry>/Assets/tpp/environ/object/afghanistan/rock/afgh_rock013/scenes/afgh_rock013_vrtn004.geom</containerEntry>
        </property>
        <property name="isVisibleGeom" type="Bool" container="StaticArray" arraySize="1">
          <containerEntry>false</containerEntry>
        </property>
        <property name="isIsolated" type="Bool" container="StaticArray" arraySize="1">
          <containerEntry>false</containerEntry>
        </property>
        <property name="lodFarSize" type="Float" container="StaticArray" arraySize="1">
          <containerEntry>-1</containerEntry>
        </property>
        <property name="lodNearSize" type="Float" container="StaticArray" arraySize="1">
          <containerEntry>-1</containerEntry>
        </property>
        <property name="lodPolygonSize" type="Float" container="StaticArray" arraySize="1">
          <containerEntry>-1</containerEntry>
        </property>
        <property name="color" type="Color" container="StaticArray" arraySize="1">
          <containerEntry r="1" g="1" b="1" a="1"></containerEntry>
        </property>
        <property name="drawRejectionLevel" type="Int32" container="StaticArray" arraySize="1">
          <containerEntry>6</containerEntry>
        </property>
        <property name="drawMode" type="Int32" container="StaticArray" arraySize="1">
          <containerEntry>0</containerEntry>
        </property>
        <property name="rejectFarRangeShadowCast" type="Int32" container="StaticArray" arraySize="1">
          <containerEntry>2</containerEntry>
        </property>
      </staticProperties>
      <dynamicProperties></dynamicProperties>
    </entity>
    <entity class="TransformEntity" classVersion="0" classID="0x50" addr="0x317E630" id="0xE4E51">
      <staticProperties>
        <property name="owner" type="EntityHandle" container="StaticArray" arraySize="1">
          <containerEntry>0x317E5C0</containerEntry>
        </property>
        <property name="transform_scale" type="Vector3" container="StaticArray" arraySize="1">
          <containerEntry x="2.91" y="2.91" z="2.91" w="0"></containerEntry>
        </property>
        <property name="transform_rotation_quat" type="Quat" container="StaticArray" arraySize="1">
          <containerEntry x="0" y="-0.999765" z="0" w="0.021682"></containerEntry>
        </property>
        <property name="transform_translation" type="Vector3" container="StaticArray" arraySize="1">
          <containerEntry x="-1511.3179" y="506.02097" z="-2529.7725" w="0"></containerEntry>
        </property>
      </staticProperties>
      <dynamicProperties></dynamicProperties>
    </entity>
    <entity class="StaticModelArray" classVersion="4" classID="0xD0" addr="0x33556B0" id="0x0">
      <staticProperties>
        <property name="name" type="String" container="StaticArray" arraySize="1">
          <containerEntry>StaticModelArray0000</containerEntry>
        </property>
        <property name="dataSet" type="EntityHandle" container="StaticArray" arraySize="1">
          <containerEntry>0x33533B0</containerEntry>
        </property>
        <property name="modelFile" type="FilePtr" container="StaticArray" arraySize="1">
          <containerEntry>/Assets/tpp/environ/object/afghanistan/cliff/afgh_clff007/scenes/afgh_clff007.fmdl</containerEntry>
        </property>
        <property name="geomFile" type="FilePtr" container="StaticArray" arraySize="1">
          <containerEntry>/Assets/tpp/environ/object/afghanistan/cliff/afgh_clff007/scenes/afgh_clff007.geom</containerEntry>
        </property>
        <property name="isVisibleGeom" type="Bool" container="StaticArray" arraySize="1">
          <containerEntry>false</containerEntry>
        </property>
        <property name="lodFarSize" type="Float" container="StaticArray" arraySize="1">
          <containerEntry>-1</containerEntry>
        </property>
        <property name="lodNearSize" type="Float" container="StaticArray" arraySize="1">
          <containerEntry>-1</containerEntry>
        </property>
        <property name="lodPolygonSize" type="Float" container="StaticArray" arraySize="1">
          <containerEntry>-1</containerEntry>
        </property>
        <property name="drawRejectionLevel" type="Int32" container="StaticArray" arraySize="1">
          <containerEntry>4</containerEntry>
        </property>
        <property name="drawMode" type="Int32" container="StaticArray" arraySize="1">
          <containerEntry>0</containerEntry>
        </property>
        <property name="rejectFarRangeShadowCast" type="Int32" container="StaticArray" arraySize="1">
          <containerEntry>2</containerEntry>
        </property>
        <property name="parentLocator" type="EntityLink" container="StaticArray" arraySize="1">
          <containerEntry packagePathHash="0xB8A0BF169F98" archivePathHash="0xB8A0BF169F98" nameInArchiveHash="0xB8A0BF169F98">0x0</containerEntry>
        </property>
        <property name="transforms" type="Matrix4" container="DynamicArray" arraySize="6">
          <containerEntry r11="-0.98513633" r12="0.014624429" r13="0.17111354" r14="0" r21="-0.006960311" r22="0.992149" r23="-0.12486706" r24="0" r31="-0.17159624" r32="-0.12420287" r33="-0.9773002" r34="0" r41="-1496.3743" r42="533.697" r43="-2493.3074" r44="1"></containerEntry>
          <containerEntry r11="-0.95563316" r12="0.03357604" r13="0.29263258" r14="0" r21="0.0011309311" r22="0.99389285" r23="-0.11034381" r24="0" r31="-0.29455036" r32="-0.10511748" r33="-0.9498349" r34="0" r41="-1474.2749" r42="533.8083" r43="-2498.0374" r44="1"></containerEntry>
          <containerEntry r11="-0.9554269" r12="0.053120393" r13="0.29040504" r14="0" r21="0.019928899" r22="0.99303997" r23="-0.11607932" r24="0" r31="-0.29455" r32="-0.105118" r33="-0.9498357" r34="0" r41="-1483.4678" r42="533.8465" r43="-2495.1907" r44="1"></containerEntry>
          <containerEntry r11="-0.818163" r12="0.11237778" r13="0.563896" r14="0" r21="0.036242794" r22="0.9888438" r23="-0.14447963" r24="0" r31="-0.5738414" r32="-0.097770855" r33="-0.81310827" r34="0" r41="-1465.8396" r42="532.9837" r43="-2503.5154" r44="1"></containerEntry>
          <containerEntry r11="-0.39871442" r12="-0.14157653" r13="0.90608037" r14="0" r21="-0.123422645" r22="0.9873072" r23="0.099956945" r24="0" r31="-0.9087312" r32="-0.07197656" r33="-0.41112733" r34="0" r41="-1398.335" r42="534.2858" r43="-2542.454" r44="1"></containerEntry>
          <containerEntry r11="-0.5988313" r12="-0.22881776" r13="0.76749045" r14="0" r21="-0.09474524" r22="0.9718271" r23="0.21581335" r24="0" r31="-0.79525" r32="0.05651988" r33="-0.6036399" r34="0" r41="-1402.5165" r42="532.8282" r43="-2531.753" r44="1"></containerEntry>
        </property>
        <property name="colors" type="UInt32" container="DynamicArray" arraySize="6">
          <containerEntry>4294967295</containerEntry>
          <containerEntry>4294967295</containerEntry>
          <containerEntry>4294967295</containerEntry>
          <containerEntry>4294967295</containerEntry>
          <containerEntry>4294967295</containerEntry>
          <containerEntry>4294967295</containerEntry>
        </property>
      </staticProperties>
      <dynamicProperties></dynamicProperties>
    </entity>
    <entity class="StaticModelArray" classVersion="4" classID="0xD0" addr="0x3355720" id="0x0">
      <staticProperties>
        <property name="name" type="String" container="StaticArray" arraySize="1">
          <containerEntry>StaticModelArray0001</containerEntry>
        </property>
        <property name="dataSet" type="EntityHandle" container="StaticArray" arraySize="1">
          <containerEntry>0x33533B0</containerEntry>
        </property>
        <property name="modelFile" type="FilePtr" container="StaticArray" arraySize="1">
          <containerEntry>/Assets/tpp/environ/object/afghanistan/ruins/afgh_rins005/scenes/afgh_rins005_wall001.fmdl</containerEntry>
        </property>
        <property name="geomFile" type="FilePtr" container="StaticArray" arraySize="1">
          <containerEntry>/Assets/tpp/environ/object/afghanistan/ruins/afgh_rins005/scenes/afgh_rins005_wall001.geom</containerEntry>
        </property>
        <property name="isVisibleGeom" type="Bool" container="StaticArray" arraySize="1">
          <containerEntry>false</containerEntry>
        </property>
        <property name="lodFarSize" type="Float" container="StaticArray" arraySize="1">
          <containerEntry>-1</containerEntry>
        </property>
        <property name="lodNearSize" type="Float" container="StaticArray" arraySize="1">
          <containerEntry>-1</containerEntry>
        </property>
        <property name="lodPolygonSize" type="Float" container="StaticArray" arraySize="1">
          <containerEntry>-1</containerEntry>
        </property>
        <property name="drawRejectionLevel" type="Int32" container="StaticArray" arraySize="1">
          <containerEntry>8</containerEntry>
        </property>
        <property name="drawMode" type="Int32" container="StaticArray" arraySize="1">
          <containerEntry>0</containerEntry>
        </property>
        <property name="rejectFarRangeShadowCast" type="Int32" container="StaticArray" arraySize="1">
          <containerEntry>2</containerEntry>
        </property>
        <property name="parentLocator" type="EntityLink" container="StaticArray" arraySize="1">
          <containerEntry packagePathHash="0xB8A0BF169F98" archivePathHash="0xB8A0BF169F98" nameInArchiveHash="0xB8A0BF169F98">0x0</containerEntry>
        </property>
        <property name="transforms" type="Matrix4" container="DynamicArray" arraySize="5">
          <containerEntry r11="0.96738595" r12="0" r13="-0.25330707" r14="0" r21="0" r22="1" r23="0" r24="0" r31="0.25330707" r32="0" r33="0.96738595" r34="0" r41="-1439.6412" r42="523.5047" r43="-2525.053" r44="1"></containerEntry>
          <containerEntry r11="-0.3824786" r12="0" r13="0.92396533" r14="0" r21="0" r22="1" r23="0" r24="0" r31="-0.92396533" r32="0" r33="-0.3824786" r34="0" r41="-1415.2297" r42="517.39746" r43="-2547.004" r44="1"></containerEntry>
          <containerEntry r11="-0.9673861" r12="0" r13="0.25330508" r14="0" r21="0" r22="1" r23="0" r24="0" r31="-0.25330508" r32="0" r33="-0.9673861" r34="0" r41="-1462.2805" r42="525.6222" r43="-2519.2869" r44="1"></containerEntry>
          <containerEntry r11="0.9941004" r12="0" r13="-0.10846367" r14="0" r21="0" r22="1" r23="0" r24="0" r31="0.10846367" r32="0" r33="0.9941004" r34="0" r41="-1515.4619" r42="518.15314" r43="-2496.3047" r44="1"></containerEntry>
          <containerEntry r11="0.86427426" r12="0" r13="-0.50302106" r14="0" r21="0" r22="1" r23="0" r24="0" r31="0.50302106" r32="0" r33="0.86427426" r34="0" r41="-1494.3776" r42="520.3075" r43="-2503.279" r44="1"></containerEntry>
        </property>
        <property name="colors" type="UInt32" container="DynamicArray" arraySize="5">
          <containerEntry>4294967295</containerEntry>
          <containerEntry>4294967295</containerEntry>
          <containerEntry>4294967295</containerEntry>
          <containerEntry>4294967295</containerEntry>
          <containerEntry>4294967295</containerEntry>
        </property>
      </staticProperties>
      <dynamicProperties></dynamicProperties>
    </entity>
    <entity class="StaticModelArray" classVersion="4" classID="0xD0" addr="0x3355800" id="0x0">
      <staticProperties>
        <property name="name" type="String" container="StaticArray" arraySize="1">
          <containerEntry>StaticModelArray0002</containerEntry>
        </property>
        <property name="dataSet" type="EntityHandle" container="StaticArray" arraySize="1">
          <containerEntry>0x33533B0</containerEntry>
        </property>
        <property name="modelFile" type="FilePtr" container="StaticArray" arraySize="1">
          <containerEntry>/Assets/tpp/environ/object/afghanistan/rock/afgh_rock001/scenes/afgh_rock001.fmdl</containerEntry>
        </property>
        <property name="geomFile" type="FilePtr" container="StaticArray" arraySize="1">
          <containerEntry>/Assets/tpp/environ/object/afghanistan/rock/afgh_rock001/scenes/afgh_rock001.geom</containerEntry>
        </property>
        <property name="isVisibleGeom" type="Bool" container="StaticArray" arraySize="1">
          <containerEntry>false</containerEntry>
        </property>
        <property name="lodFarSize" type="Float" container="StaticArray" arraySize="1">
          <containerEntry>-1</containerEntry>
        </property>
        <property name="lodNearSize" type="Float" container="StaticArray" arraySize="1">
          <containerEntry>-1</containerEntry>
        </property>
        <property name="lodPolygonSize" type="Float" container="StaticArray" arraySize="1">
          <containerEntry>-1</containerEntry>
        </property>
        <property name="drawRejectionLevel" type="Int32" container="StaticArray" arraySize="1">
          <containerEntry>8</containerEntry>
        </property>
        <property name="drawMode" type="Int32" container="StaticArray" arraySize="1">
          <containerEntry>0</containerEntry>
        </property>
        <property name="rejectFarRangeShadowCast" type="Int32" container="StaticArray" arraySize="1">
          <containerEntry>2</containerEntry>
        </property>
        <property name="parentLocator" type="EntityLink" container="StaticArray" arraySize="1">
          <containerEntry packagePathHash="0xB8A0BF169F98" archivePathHash="0xB8A0BF169F98" nameInArchiveHash="0xB8A0BF169F98">0x0</containerEntry>
        </property>
        <property name="transforms" type="Matrix4" container="DynamicArray" arraySize="25">
          <containerEntry r11="-0.044954896" r12="0" r13="0.9989889" r14="0" r21="0" r22="1" r23="0" r24="0" r31="-0.9989889" r32="0" r33="-0.044954896" r34="0" r41="-1519.9764" r42="532.6651" r43="-2497.3235" r44="1"></containerEntry>
          <containerEntry r11="0.32583737" r12="0.9454163" r13="-0.004309117" r14="0" r21="-0.9454163" r22="0.32580984" r23="-0.006042918" r24="0" r31="-0.004309117" r32="0.006042918" r33="0.99997246" r34="0" r41="-1447.1832" r42="550.3566" r43="-2462.1465" r44="1"></containerEntry>
          <containerEntry r11="0.77418464" r12="0.4264337" r13="-0.10436627" r14="0" r21="-0.4264337" r22="0.6801356" r23="-0.38427818" r24="0" r31="-0.10436627" r32="0.38427818" r33="0.79595095" r34="0" r41="-1437.0419" r42="569.8259" r43="-2438.3928" r44="1"></containerEntry>
          <containerEntry r11="0.8687918" r12="0.47474456" r13="-0.14077888" r14="0" r21="-0.47474456" r22="0.7177441" r23="-0.50937366" r24="0" r31="-0.14077888" r32="0.50937366" r33="0.8489523" r34="0" r41="-1453.263" r42="542.8288" r43="-2465.204" r44="1"></containerEntry>
          <containerEntry r11="-0.24785066" r12="0.13222921" r13="-0.9597318" r14="0" r21="-0.9674337" r22="0.018774748" r23="0.25242653" r24="0" r31="0.051396757" r32="0.9910412" r33="0.123269916" r34="0" r41="-1446.1033" r42="558.10767" r43="-2446.8423" r44="1"></containerEntry>
          <containerEntry r11="0.8676778" r12="-0.45453712" r13="0.20132402" r14="0" r21="0.45453712" r22="0.5613698" r23="-0.6915637" r24="0" r31="0.20132402" r32="0.6915637" r33="0.69369197" r34="0" r41="-1466.7797" r42="547.4378" r43="-2455.4988" r44="1"></containerEntry>
          <containerEntry r11="-0.03618753" r12="0.44258273" r13="-1.1255696" r14="0" r21="-1.2030841" r22="0.102275565" r23="0.07889633" r24="0" r31="0.12399568" r32="1.1214974" r33="0.43699652" r34="0" r41="-1441.0657" r42="565.2299" r43="-2442.0547" r44="1"></containerEntry>
          <containerEntry r11="-0.41599903" r12="-1.1602036" r13="0.56293726" r14="0" r21="1.1467948" r22="-0.6033543" r23="-0.39604467" r24="0" r31="0.58977324" r32="0.35484812" r33="1.1671655" r34="0" r41="-1450.913" r42="565.43494" r43="-2439.9097" r44="1"></containerEntry>
          <containerEntry r11="0.7831783" r12="0.61081576" r13="-0.11634332" r14="0" r21="-0.61081576" r22="0.7207502" r23="-0.32775477" r24="0" r31="-0.11634332" r32="0.32775477" r33="0.9375719" r34="0" r41="-1445.4" r42="556.0905" r43="-2452.7322" r44="1"></containerEntry>
          <containerEntry r11="0.2751503" r12="0.24926531" r13="-0.57536155" r14="0" r21="0.09269746" r22="0.6052454" r23="0.30654132" r24="0" r31="0.62014616" r32="-0.20106517" r33="0.20945922" r34="0" r41="-1446.9276" r42="563.6509" r43="-2441.4385" r44="1"></containerEntry>
          <containerEntry r11="0.9821837" r12="0.17829138" r13="-0.059391826" r14="0" r21="-0.17829138" r22="0.7841971" r23="-0.5943461" r24="0" r31="-0.059391826" r32="0.5943461" r33="0.8020134" r34="0" r41="-1455.5426" r42="549.47046" r43="-2452.1858" r44="1"></containerEntry>
          <containerEntry r11="-0.67107916" r12="-0.031359404" r13="0.7407201" r14="0" r21="-0.26670727" r22="0.9424282" r23="-0.20173343" r24="0" r31="-0.69174916" r32="-0.33293504" r33="-0.64080757" r34="0" r41="-1453.6416" r42="527.51434" r43="-2518.135" r44="1"></containerEntry>
          <containerEntry r11="-0.044954896" r12="0" r13="0.9989889" r14="0" r21="0" r22="1" r23="0" r24="0" r31="-0.9989889" r32="0" r33="-0.044954896" r34="0" r41="-1467.5283" r42="525.79865" r43="-2517.9976" r44="1"></containerEntry>
          <containerEntry r11="1" r12="0" r13="0" r14="0" r21="0" r22="1" r23="0" r24="0" r31="0" r32="0" r33="1" r34="0" r41="-1520.6185" r42="534.18506" r43="-2493.1042" r44="1"></containerEntry>
          <containerEntry r11="0.8571773" r12="0.49958298" r13="-0.12515563" r14="0" r21="-0.49958298" r22="0.74750334" r23="-0.437785" r24="0" r31="-0.12515563" r32="0.437785" r33="0.890326" r34="0" r41="-1438.9714" r42="566.05615" r43="-2442.9167" r44="1"></containerEntry>
          <containerEntry r11="1" r12="0" r13="0" r14="0" r21="0" r22="1" r23="0" r24="0" r31="0" r32="0" r33="1" r34="0" r41="-1501.9746" r42="535.5522" r43="-2490.6565" r44="1"></containerEntry>
          <containerEntry r11="1" r12="0" r13="0" r14="0" r21="0" r22="1" r23="0" r24="0" r31="0" r32="0" r33="1" r34="0" r41="-1492.1769" r42="536.29126" r43="-2466.6204" r44="1"></containerEntry>
          <containerEntry r11="0.82008874" r12="0.56484884" r13="-0.09165439" r14="0" r21="-0.56484884" r22="0.77339613" r23="-0.2877579" r24="0" r31="-0.09165439" r32="0.2877579" r33="0.9533074" r34="0" r41="-1445.3014" r42="557.54474" r43="-2449.2502" r44="1"></containerEntry>
          <containerEntry r11="1" r12="0" r13="0" r14="0" r21="0" r22="1" r23="0" r24="0" r31="0" r32="0" r33="1" r34="0" r41="-1479.0245" r42="540.4477" r43="-2457.1785" r44="1"></containerEntry>
          <containerEntry r11="-0.41810676" r12="-0.27907076" r13="-0.63514423" r14="0" r21="0.64821047" r22="-0.42139968" r23="-0.24155225" r24="0" r31="-0.2472083" r32="-0.6329643" r33="0.44084564" r34="0" r41="-1452.784" r42="546.83453" r43="-2459.1587" r44="1"></containerEntry>
          <containerEntry r11="-0.67107916" r12="-0.031359404" r13="0.7407201" r14="0" r21="-0.26670727" r22="0.9424282" r23="-0.20173343" r24="0" r31="-0.69174916" r32="-0.33293504" r33="-0.64080757" r34="0" r41="-1428.8075" r42="527.706" r43="-2524.3347" r44="1"></containerEntry>
          <containerEntry r11="1" r12="0" r13="0" r14="0" r21="0" r22="1" r23="0" r24="0" r31="0" r32="0" r33="1" r34="0" r41="-1426.1428" r42="522.9987" r43="-2543.4392" r44="1"></containerEntry>
          <containerEntry r11="0.58459675" r12="0.80707586" r13="0.082921475" r14="0" r21="-0.266459" r22="0.28752577" r23="-0.9199619" r24="0" r31="-0.76632047" r32="0.5157119" r33="0.38313878" r34="0" r41="-1452.3658" r42="550.3116" r43="-2451.2815" r44="1"></containerEntry>
          <containerEntry r11="0.0050271302" r12="0.6638619" r13="0.7478372" r14="0" r21="0.05625221" r22="0.7464756" r23="-0.6630305" r24="0" r31="-0.9984031" r32="0.045400083" r33="-0.033590853" r34="0" r41="-1457.2378" r42="543.79846" r43="-2460.2856" r44="1"></containerEntry>
          <containerEntry r11="-0.7141203" r12="0.84802645" r13="0.7703104" r14="0" r21="-0.042961627" r22="0.88724613" r23="-1.0165862" r24="0" r31="-1.1448498" r32="-0.5622672" r33="-0.44234586" r34="0" r41="-1447.0944" r42="560.5008" r43="-2444.6663" r44="1"></containerEntry>
        </property>
        <property name="colors" type="UInt32" container="DynamicArray" arraySize="25">
          <containerEntry>4294967295</containerEntry>
          <containerEntry>4294967295</containerEntry>
          <containerEntry>4294967295</containerEntry>
          <containerEntry>4294967295</containerEntry>
          <containerEntry>4294967295</containerEntry>
          <containerEntry>4294967295</containerEntry>
          <containerEntry>4294967295</containerEntry>
          <containerEntry>4294967295</containerEntry>
          <containerEntry>4294967295</containerEntry>
          <containerEntry>4294967295</containerEntry>
          <containerEntry>4294967295</containerEntry>
          <containerEntry>4294967295</containerEntry>
          <containerEntry>4294967295</containerEntry>
          <containerEntry>4294967295</containerEntry>
          <containerEntry>4294967295</containerEntry>
          <containerEntry>4294967295</containerEntry>
          <containerEntry>4294967295</containerEntry>
          <containerEntry>4294967295</containerEntry>
          <containerEntry>4294967295</containerEntry>
          <containerEntry>4294967295</containerEntry>
          <containerEntry>4294967295</containerEntry>
          <containerEntry>4294967295</containerEntry>
          <containerEntry>4294967295</containerEntry>
          <containerEntry>4294967295</containerEntry>
          <containerEntry>4294967295</containerEntry>
        </property>
      </staticProperties>
      <dynamicProperties></dynamicProperties>
    </entity>
    <entity class="StaticModelArray" classVersion="4" classID="0xD0" addr="0x3355790" id="0x0">
      <staticProperties>
        <property name="name" type="String" container="StaticArray" arraySize="1">
          <containerEntry>StaticModelArray0003</containerEntry>
        </property>
        <property name="dataSet" type="EntityHandle" container="StaticArray" arraySize="1">
          <containerEntry>0x33533B0</containerEntry>
        </property>
        <property name="modelFile" type="FilePtr" container="StaticArray" arraySize="1">
          <containerEntry>/Assets/tpp/environ/object/afghanistan/rock/afgh_rock010/scenes/afgh_rock010_vrtn001.fmdl</containerEntry>
        </property>
        <property name="geomFile" type="FilePtr" container="StaticArray" arraySize="1">
          <containerEntry>/Assets/tpp/environ/object/afghanistan/rock/afgh_rock010/scenes/afgh_rock010_vrtn001.geom</containerEntry>
        </property>
        <property name="isVisibleGeom" type="Bool" container="StaticArray" arraySize="1">
          <containerEntry>false</containerEntry>
        </property>
        <property name="lodFarSize" type="Float" container="StaticArray" arraySize="1">
          <containerEntry>-1</containerEntry>
        </property>
        <property name="lodNearSize" type="Float" container="StaticArray" arraySize="1">
          <containerEntry>-1</containerEntry>
        </property>
        <property name="lodPolygonSize" type="Float" container="StaticArray" arraySize="1">
          <containerEntry>-1</containerEntry>
        </property>
        <property name="drawRejectionLevel" type="Int32" container="StaticArray" arraySize="1">
          <containerEntry>8</containerEntry>
        </property>
        <property name="drawMode" type="Int32" container="StaticArray" arraySize="1">
          <containerEntry>0</containerEntry>
        </property>
        <property name="rejectFarRangeShadowCast" type="Int32" container="StaticArray" arraySize="1">
          <containerEntry>2</containerEntry>
        </property>
        <property name="parentLocator" type="EntityLink" container="StaticArray" arraySize="1">
          <containerEntry packagePathHash="0xB8A0BF169F98" archivePathHash="0xB8A0BF169F98" nameInArchiveHash="0xB8A0BF169F98">0x0</containerEntry>
        </property>
        <property name="transforms" type="Matrix4" container="DynamicArray" arraySize="7">
          <containerEntry r11="-0.09885146" r12="-0.008244932" r13="0.99506766" r14="0" r21="-0.22245635" r22="0.97484183" r23="-0.0140218735" r24="0" r31="-0.96991795" r32="-0.22274528" r33="-0.09819865" r34="0" r41="-1421.4163" r42="536.5166" r43="-2489.749" r44="1"></containerEntry>
          <containerEntry r11="0.61428857" r12="0.04936143" r13="0.7875363" r14="0" r21="-0.0804374" r22="0.99675965" r23="0.00026703998" r24="0" r31="-0.7849712" r32="-0.06351139" r33="0.6162685" r34="0" r41="-1447.9014" r42="545.3291" r43="-2465.1787" r44="1"></containerEntry>
          <containerEntry r11="0.40625548" r12="0.032540247" r13="0.91318" r14="0" r21="-0.080437474" r22="0.99675965" r23="0.00026649982" r24="0" r31="-0.9102123" r32="-0.07356215" r33="0.40755653" r34="0" r41="-1469.5969" r42="543.57513" r43="-2453.2727" r44="1"></containerEntry>
          <containerEntry r11="0.9828189" r12="0.0793579" r13="-0.1666412" r14="0" r21="-0.08043838" r22="0.99675953" r23="0.0002663345" r24="0" r31="0.16612235" r32="0.013142597" r33="0.9860175" r34="0" r41="-1440.8134" r42="560.837" r43="-2448.4421" r44="1"></containerEntry>
          <containerEntry r11="-0.23470049" r12="-0.062103897" r13="-0.9700804" r14="0" r21="0.033529036" r22="0.996846" r23="-0.07192937" r24="0" r31="0.9714879" r32="-0.049407855" r33="-0.23187792" r34="0" r41="-1510.2681" r42="539.04803" r43="-2457.1465" r44="1"></containerEntry>
          <containerEntry r11="-0.9964633" r12="0.027798833" r13="-0.079244986" r14="0" r21="0.03352959" r22="0.9968461" r23="-0.07192855" r24="0" r31="0.07699552" r32="-0.074331515" r33="-0.99425256" r34="0" r41="-1520.9149" r42="539.3205" r43="-2458.3333" r44="1"></containerEntry>
          <containerEntry r11="-0.50974345" r12="-0.3665048" r13="0.77835107" r14="0" r21="-0.15249662" r22="0.9288851" r23="0.3375158" r24="0" r31="-0.8467001" r32="0.053351253" r33="-0.5293838" r34="0" r41="-1525.7992" r42="538.9226" r43="-2463.4058" r44="1"></containerEntry>
        </property>
        <property name="colors" type="UInt32" container="DynamicArray" arraySize="7">
          <containerEntry>4294967295</containerEntry>
          <containerEntry>4294967295</containerEntry>
          <containerEntry>4294967295</containerEntry>
          <containerEntry>4294967295</containerEntry>
          <containerEntry>4294967295</containerEntry>
          <containerEntry>4294967295</containerEntry>
          <containerEntry>4294967295</containerEntry>
        </property>
      </staticProperties>
      <dynamicProperties></dynamicProperties>
    </entity>
    <entity class="StaticModelArray" classVersion="4" classID="0xD0" addr="0x3355170" id="0x0">
      <staticProperties>
        <property name="name" type="String" container="StaticArray" arraySize="1">
          <containerEntry>StaticModelArray0004</containerEntry>
        </property>
        <property name="dataSet" type="EntityHandle" container="StaticArray" arraySize="1">
          <containerEntry>0x33533B0</containerEntry>
        </property>
        <property name="modelFile" type="FilePtr" container="StaticArray" arraySize="1">
          <containerEntry>/Assets/tpp/environ/object/afghanistan/rock/afgh_rock013/scenes/afgh_rock013_vrtn002.fmdl</containerEntry>
        </property>
        <property name="geomFile" type="FilePtr" container="StaticArray" arraySize="1">
          <containerEntry>/Assets/tpp/environ/object/afghanistan/rock/afgh_rock013/scenes/afgh_rock013_vrtn002.geom</containerEntry>
        </property>
        <property name="isVisibleGeom" type="Bool" container="StaticArray" arraySize="1">
          <containerEntry>false</containerEntry>
        </property>
        <property name="lodFarSize" type="Float" container="StaticArray" arraySize="1">
          <containerEntry>-1</containerEntry>
        </property>
        <property name="lodNearSize" type="Float" container="StaticArray" arraySize="1">
          <containerEntry>-1</containerEntry>
        </property>
        <property name="lodPolygonSize" type="Float" container="StaticArray" arraySize="1">
          <containerEntry>-1</containerEntry>
        </property>
        <property name="drawRejectionLevel" type="Int32" container="StaticArray" arraySize="1">
          <containerEntry>8</containerEntry>
        </property>
        <property name="drawMode" type="Int32" container="StaticArray" arraySize="1">
          <containerEntry>0</containerEntry>
        </property>
        <property name="rejectFarRangeShadowCast" type="Int32" container="StaticArray" arraySize="1">
          <containerEntry>2</containerEntry>
        </property>
        <property name="parentLocator" type="EntityLink" container="StaticArray" arraySize="1">
          <containerEntry packagePathHash="0xB8A0BF169F98" archivePathHash="0xB8A0BF169F98" nameInArchiveHash="0xB8A0BF169F98">0x0</containerEntry>
        </property>
        <property name="transforms" type="Matrix4" container="DynamicArray" arraySize="9">
          <containerEntry r11="0.091089554" r12="0" r13="-0.9958421" r14="0" r21="0" r22="1" r23="0" r24="0" r31="0.9958421" r32="0" r33="0.091089554" r34="0" r41="-1442.4342" r42="528.78156" r43="-2531.3667" r44="1"></containerEntry>
          <containerEntry r11="-0.91401803" r12="0.2112173" r13="0.3463585" r14="0" r21="0.19264352" r22="0.9773477" r23="-0.08763546" r24="0" r31="-0.3570228" r32="-0.013376617" r33="-0.9340031" r34="0" r41="-1426.3068" r42="560.0925" r43="-2482.079" r44="1"></containerEntry>
          <containerEntry r11="-0.98380286" r12="0" r13="-0.17926195" r14="0" r21="0" r22="1" r23="0" r24="0" r31="0.17926195" r32="0" r33="-0.98380286" r34="0" r41="-1488.3711" r42="531.2848" r43="-2504.834" r44="1"></containerEntry>
          <containerEntry r11="0.6008408" r12="0" r13="0.79937047" r14="0" r21="0" r22="1" r23="0" r24="0" r31="-0.79937047" r32="0" r33="0.6008408" r34="0" r41="-1473.8378" r42="519.8838" r43="-2517.116" r44="1"></containerEntry>
          <containerEntry r11="0.95138294" r12="0" r13="0.30801696" r14="0" r21="0" r22="1" r23="0" r24="0" r31="-0.30801696" r32="0" r33="0.95138294" r34="0" r41="-1480.2328" r42="521.594" r43="-2509.379" r44="1"></containerEntry>
          <containerEntry r11="0.12134152" r12="0" r13="0.9926083" r14="0" r21="0" r22="1" r23="0" r24="0" r31="-0.9926083" r32="0" r33="0.12134152" r34="0" r41="-1428.1083" r42="528.28986" r43="-2528.7559" r44="1"></containerEntry>
          <containerEntry r11="-0.8537305" r12="0" r13="-0.52070755" r14="0" r21="0" r22="1" r23="0" r24="0" r31="0.52070755" r32="0" r33="-0.8537305" r34="0" r41="-1420.9861" r42="527.7799" r43="-2539.3552" r44="1"></containerEntry>
          <containerEntry r11="0.10314656" r12="0.058457322" r13="1.0328169" r14="0" r21="-0.051531993" r22="1.0369406" r23="-0.053544242" r24="0" r31="-1.0331856" r32="-0.0458835" r33="0.10578039" r34="0" r41="-1495.6294" r42="530.82904" r43="-2494.7449" r44="1"></containerEntry>
