<fox formatVersion="2" fileVersion="0">
  <entities>
    <entity class="DataSet" classVersion="0" classID="0xE8" addr="0x3353810" id="0x6CCD">
      <staticProperties>
        <property name="name" type="String" container="StaticArray" arraySize="1">
          <containerEntry hash="0xB8A0BF169F98"></containerEntry>
        </property>
        <property name="dataSet" type="EntityHandle" container="StaticArray" arraySize="1">
          <containerEntry>0x0</containerEntry>
        </property>
        <property name="dataList" type="EntityPtr" container="StringMap" arraySize="13">
          <containerEntry key="afgh_road003_vrtn004_0004">
            <data>0x3355790</data>
          </containerEntry>
          <containerEntry key="afgh_rock010_0004">
            <data>0x31795B0</data>
          </containerEntry>
          <containerEntry key="StaticModelArray0000">
            <data>0x3351120</data>
          </containerEntry>
          <containerEntry key="StaticModelArray0001">
            <data>0x3351190</data>
          </containerEntry>
          <containerEntry key="StaticModelArray0002">
            <data>0x3350D30</data>
          </containerEntry>
          <containerEntry key="StaticModelArray0003">
            <data>0x33510B0</data>
          </containerEntry>
          <containerEntry key="StaticModelArray0004">
            <data>0x3350B00</data>
          </containerEntry>
          <containerEntry key="StaticModelArray0005">
            <data>0x33509B0</data>
          </containerEntry>
          <containerEntry key="StaticModelArray0006">
            <data>0x317DBB0</data>
          </containerEntry>
          <containerEntry key="StaticModelArray0007">
            <data>0x33504E0</data>
          </containerEntry>
          <containerEntry key="StaticModelArray0008">
            <data>0x3350550</data>
          </containerEntry>
          <containerEntry key="StaticModelArray0009">
            <data>0x3350860</data>
          </containerEntry>
          <containerEntry key="TexturePackLoadConditioner0000">
            <data>0x33515F0</data>
          </containerEntry>
        </property>
      </staticProperties>
      <dynamicProperties></dynamicProperties>
    </entity>
    <entity class="StaticModel" classVersion="9" classID="0x160" addr="0x3355790" id="0x6D15">
      <staticProperties>
        <property name="name" type="String" container="StaticArray" arraySize="1">
          <containerEntry>afgh_road003_vrtn004_0004</containerEntry>
        </property>
        <property name="dataSet" type="EntityHandle" container="StaticArray" arraySize="1">
          <containerEntry>0x3353810</containerEntry>
        </property>
        <property name="parent" type="EntityHandle" container="StaticArray" arraySize="1">
          <containerEntry>0x0</containerEntry>
        </property>
        <property name="transform" type="EntityPtr" container="StaticArray" arraySize="1">
          <containerEntry>0x3355720</containerEntry>
        </property>
        <property name="shearTransform" type="EntityPtr" container="StaticArray" arraySize="1">
          <containerEntry>0x0</containerEntry>
        </property>
        <property name="pivotTransform" type="EntityPtr" container="StaticArray" arraySize="1">
          <containerEntry>0x0</containerEntry>
        </property>
        <property name="children" type="EntityHandle" container="List"></property>
        <property name="flags" type="UInt32" container="StaticArray" arraySize="1">
          <containerEntry>3221225479</containerEntry>
        </property>
        <property name="modelFile" type="FilePtr" container="StaticArray" arraySize="1">
          <containerEntry>/Assets/tpp/environ/object/afghanistan/road/afgh_road003/scenes/afgh_road003_vrtn004.fmdl</containerEntry>
        </property>
        <property name="geomFile" type="FilePtr" container="StaticArray" arraySize="1">
          <containerEntry>/Assets/tpp/environ/object/afghanistan/road/afgh_road003/scenes/afgh_road003_vrtn004.geom</containerEntry>
        </property>
        <property name="isVisibleGeom" type="Bool" container="StaticArray" arraySize="1">
          <containerEntry>false</containerEntry>
        </property>
        <property name="isIsolated" type="Bool" container="StaticArray" arraySize="1">
          <containerEntry>false</containerEntry>
        </property>
        <property name="lodFarSize" type="Float" container="StaticArray" arraySize="1">
          <containerEntry>-1</containerEntry>
        </property>
        <property name="lodNearSize" type="Float" container="StaticArray" arraySize="1">
          <containerEntry>-1</containerEntry>
        </property>
        <property name="lodPolygonSize" type="Float" container="StaticArray" arraySize="1">
          <containerEntry>-1</containerEntry>
        </property>
        <property name="color" type="Color" container="StaticArray" arraySize="1">
          <containerEntry r="1" g="1" b="1" a="1"></containerEntry>
        </property>
        <property name="drawRejectionLevel" type="Int32" container="StaticArray" arraySize="1">
          <containerEntry>8</containerEntry>
        </property>
        <property name="drawMode" type="Int32" container="StaticArray" arraySize="1">
          <containerEntry>0</containerEntry>
        </property>
        <property name="rejectFarRangeShadowCast" type="Int32" container="StaticArray" arraySize="1">
          <containerEntry>2</containerEntry>
        </property>
      </staticProperties>
      <dynamicProperties></dynamicProperties>
    </entity>
    <entity class="TransformEntity" classVersion="0" classID="0x50" addr="0x3355720" id="0x6D18">
      <staticProperties>
        <property name="owner" type="EntityHandle" container="StaticArray" arraySize="1">
          <containerEntry>0x3355790</containerEntry>
        </property>
        <property name="transform_scale" type="Vector3" container="StaticArray" arraySize="1">
          <containerEntry x="0.999999" y="1" z="0.999999" w="0"></containerEntry>
        </property>
        <property name="transform_rotation_quat" type="Quat" container="StaticArray" arraySize="1">
          <containerEntry x="-0.012122" y="0.023764" z="-0.005286" w="0.99963"></containerEntry>
        </property>
        <property name="transform_translation" type="Vector3" container="StaticArray" arraySize="1">
          <containerEntry x="2039.5444" y="337.46405" z="7.353488" w="1"></containerEntry>
        </property>
      </staticProperties>
      <dynamicProperties></dynamicProperties>
    </entity>
    <entity class="StaticModel" classVersion="9" classID="0x160" addr="0x31795B0" id="0x6EDE">
      <staticProperties>
        <property name="name" type="String" container="StaticArray" arraySize="1">
          <containerEntry>afgh_rock010_0004</containerEntry>
        </property>
        <property name="dataSet" type="EntityHandle" container="StaticArray" arraySize="1">
          <containerEntry>0x3353810</containerEntry>
        </property>
        <property name="parent" type="EntityHandle" container="StaticArray" arraySize="1">
          <containerEntry>0x0</containerEntry>
        </property>
        <property name="transform" type="EntityPtr" container="StaticArray" arraySize="1">
          <containerEntry>0x3179620</containerEntry>
        </property>
        <property name="shearTransform" type="EntityPtr" container="StaticArray" arraySize="1">
          <containerEntry>0x0</containerEntry>
        </property>
        <property name="pivotTransform" type="EntityPtr" container="StaticArray" arraySize="1">
          <containerEntry>0x0</containerEntry>
        </property>
        <property name="children" type="EntityHandle" container="List"></property>
        <property name="flags" type="UInt32" container="StaticArray" arraySize="1">
          <containerEntry>3221225479</containerEntry>
        </property>
        <property name="modelFile" type="FilePtr" container="StaticArray" arraySize="1">
          <containerEntry>/Assets/tpp/environ/object/afghanistan/rock/afgh_rock010/scenes/afgh_rock010.fmdl</containerEntry>
        </property>
        <property name="geomFile" type="FilePtr" container="StaticArray" arraySize="1">
          <containerEntry>/Assets/tpp/environ/object/afghanistan/rock/afgh_rock010/scenes/afgh_rock010.geom</containerEntry>
        </property>
        <property name="isVisibleGeom" type="Bool" container="StaticArray" arraySize="1">
          <containerEntry>false</containerEntry>
        </property>
        <property name="isIsolated" type="Bool" container="StaticArray" arraySize="1">
          <containerEntry>false</containerEntry>
        </property>
        <property name="lodFarSize" type="Float" container="StaticArray" arraySize="1">
          <containerEntry>-1</containerEntry>
        </property>
        <property name="lodNearSize" type="Float" container="StaticArray" arraySize="1">
          <containerEntry>-1</containerEntry>
        </property>
        <property name="lodPolygonSize" type="Float" container="StaticArray" arraySize="1">
          <containerEntry>-1</containerEntry>
        </property>
        <property name="color" type="Color" container="StaticArray" arraySize="1">
          <containerEntry r="1" g="1" b="1" a="1"></containerEntry>
        </property>
        <property name="drawRejectionLevel" type="Int32" container="StaticArray" arraySize="1">
          <containerEntry>8</containerEntry>
        </property>
        <property name="drawMode" type="Int32" container="StaticArray" arraySize="1">
          <containerEntry>0</containerEntry>
        </property>
        <property name="rejectFarRangeShadowCast" type="Int32" container="StaticArray" arraySize="1">
          <containerEntry>2</containerEntry>
        </property>
      </staticProperties>
      <dynamicProperties></dynamicProperties>
    </entity>
    <entity class="TransformEntity" classVersion="0" classID="0x50" addr="0x3179620" id="0x6EE1">
      <staticProperties>
        <property name="owner" type="EntityHandle" container="StaticArray" arraySize="1">
          <containerEntry>0x31795B0</containerEntry>
        </property>
        <property name="transform_scale" type="Vector3" container="StaticArray" arraySize="1">
          <containerEntry x="1" y="1" z="1" w="0"></containerEntry>
        </property>
        <property name="transform_rotation_quat" type="Quat" container="StaticArray" arraySize="1">
          <containerEntry x="-0.200266" y="0.316967" z="-0.083987" w="0.923239"></containerEntry>
        </property>
        <property name="transform_translation" type="Vector3" container="StaticArray" arraySize="1">
          <containerEntry x="2029.9695" y="339.04114" z="57.394936" w="0"></containerEntry>
        </property>
      </staticProperties>
      <dynamicProperties></dynamicProperties>
    </entity>
    <entity class="StaticModelArray" classVersion="4" classID="0xD0" addr="0x3351120" id="0x0">
      <staticProperties>
        <property name="name" type="String" container="StaticArray" arraySize="1">
          <containerEntry>StaticModelArray0000</containerEntry>
        </property>
        <property name="dataSet" type="EntityHandle" container="StaticArray" arraySize="1">
          <containerEntry>0x3353810</containerEntry>
        </property>
        <property name="modelFile" type="FilePtr" container="StaticArray" arraySize="1">
          <containerEntry>/Assets/tpp/environ/object/afghanistan/cliff/afgh_clff036/scenes/afgh_clff036_vrtn002_gen8.fmdl</containerEntry>
        </property>
        <property name="geomFile" type="FilePtr" container="StaticArray" arraySize="1">
          <containerEntry>/Assets/tpp/environ/object/afghanistan/cliff/afgh_clff036/scenes/afgh_clff036_vrtn002_gen8.geom</containerEntry>
        </property>
        <property name="isVisibleGeom" type="Bool" container="StaticArray" arraySize="1">
          <containerEntry>false</containerEntry>
        </property>
        <property name="lodFarSize" type="Float" container="StaticArray" arraySize="1">
          <containerEntry>-1</containerEntry>
        </property>
        <property name="lodNearSize" type="Float" container="StaticArray" arraySize="1">
          <containerEntry>-1</containerEntry>
        </property>
        <property name="lodPolygonSize" type="Float" container="StaticArray" arraySize="1">
          <containerEntry>-1</containerEntry>
        </property>
        <property name="drawRejectionLevel" type="Int32" container="StaticArray" arraySize="1">
          <containerEntry>8</containerEntry>
        </property>
        <property name="drawMode" type="Int32" container="StaticArray" arraySize="1">
          <containerEntry>0</containerEntry>
        </property>
        <property name="rejectFarRangeShadowCast" type="Int32" container="StaticArray" arraySize="1">
          <containerEntry>2</containerEntry>
        </property>
        <property name="parentLocator" type="EntityLink" container="StaticArray" arraySize="1">
          <containerEntry packagePathHash="0xB8A0BF169F98" archivePathHash="0xB8A0BF169F98" nameInArchiveHash="0xB8A0BF169F98">0x0</containerEntry>
        </property>
        <property name="transforms" type="Matrix4" container="DynamicArray" arraySize="4">
          <containerEntry r11="-0.31986395" r12="0.021312095" r13="0.94722056" r14="0" r21="-0.13851485" r22="0.9879535" r23="-0.06900349" r24="0" r31="-0.9372804" r32="-0.15327635" r33="-0.3130586" r34="0" r41="2046.4249" r42="357.77917" r43="95.238945" r44="1"></containerEntry>
          <containerEntry r11="0.6505636" r12="0.093956225" r13="0.75361645" r14="0" r21="-0.09345681" r22="0.99467987" r23="-0.043333407" r24="0" r31="-0.75367856" r32="-0.042239632" r33="0.65588343" r34="0" r41="2031.802" r42="346.51825" r43="87.73084" r44="1"></containerEntry>
          <containerEntry r11="0.8762383" r12="0.09010278" r13="-0.47337878" r14="0" r21="0.0059560016" r22="0.9802631" r23="0.19760737" r24="0" r31="0.48184073" r32="-0.17597055" r33="0.85840744" r34="0" r41="1920.6367" r42="349.79678" r43="102.94549" r44="1"></containerEntry>
          <containerEntry r11="0.85303736" r12="0.044841938" r13="-0.51991963" r14="0" r21="-0.027127758" r22="0.9987647" r23="0.041632485" r24="0" r31="0.5211443" r32="-0.021409806" r33="0.8532" r34="0" r41="1940.4558" r42="380.45706" r43="5.810379" r44="1"></containerEntry>
        </property>
        <property name="colors" type="UInt32" container="DynamicArray" arraySize="4">
          <containerEntry>4294967295</containerEntry>
          <containerEntry>4294967295</containerEntry>
          <containerEntry>4294967295</containerEntry>
          <containerEntry>4294967295</containerEntry>
        </property>
      </staticProperties>
      <dynamicProperties></dynamicProperties>
    </entity>
    <entity class="StaticModelArray" classVersion="4" classID="0xD0" addr="0x3351190" id="0x0">
      <staticProperties>
        <property name="name" type="String" container="StaticArray" arraySize="1">
          <containerEntry>StaticModelArray0001</containerEntry>
        </property>
        <property name="dataSet" type="EntityHandle" container="StaticArray" arraySize="1">
          <containerEntry>0x3353810</containerEntry>
        </property>
        <property name="modelFile" type="FilePtr" container="StaticArray" arraySize="1">
          <containerEntry>/Assets/tpp/environ/object/afghanistan/cliff/afgh_clff035/scenes/afgh_clff035_vrtn002_gen8.fmdl</containerEntry>
        </property>
        <property name="geomFile" type="FilePtr" container="StaticArray" arraySize="1">
          <containerEntry>/Assets/tpp/environ/object/afghanistan/cliff/afgh_clff035/scenes/afgh_clff035_vrtn002_gen8.geom</containerEntry>
        </property>
        <property name="isVisibleGeom" type="Bool" container="StaticArray" arraySize="1">
          <containerEntry>false</containerEntry>
        </property>
        <property name="lodFarSize" type="Float" container="StaticArray" arraySize="1">
          <containerEntry>-1</containerEntry>
        </property>
        <property name="lodNearSize" type="Float" container="StaticArray" arraySize="1">
          <containerEntry>-1</containerEntry>
        </property>
        <property name="lodPolygonSize" type="Float" container="StaticArray" arraySize="1">
          <containerEntry>-1</containerEntry>
        </property>
        <property name="drawRejectionLevel" type="Int32" container="StaticArray" arraySize="1">
          <containerEntry>8</containerEntry>
        </property>
        <property name="drawMode" type="Int32" container="StaticArray" arraySize="1">
          <containerEntry>0</containerEntry>
        </property>
        <property name="rejectFarRangeShadowCast" type="Int32" container="StaticArray" arraySize="1">
          <containerEntry>2</containerEntry>
        </property>
        <property name="parentLocator" type="EntityLink" container="StaticArray" arraySize="1">
          <containerEntry packagePathHash="0xB8A0BF169F98" archivePathHash="0xB8A0BF169F98" nameInArchiveHash="0xB8A0BF169F98">0x0</containerEntry>
        </property>
        <property name="transforms" type="Matrix4" container="DynamicArray" arraySize="8">
          <containerEntry r11="-0.47018167" r12="-0.10901459" r13="0.87580746" r14="0" r21="0.06672413" r22="0.98511124" r23="0.15844108" r24="0" r31="-0.8800402" r32="0.1329342" r33="-0.45590734" r34="0" r41="2026.9427" r42="342.48547" r43="116.82559" r44="1"></containerEntry>
          <containerEntry r11="0.0026815732" r12="0.039089385" r13="0.99923027" r14="0" r21="0.08145854" r22="0.9959064" r23="-0.039177738" r24="0" r31="-0.9966713" r32="0.08150097" r33="-0.0005135536" r34="0" r41="2023.3577" r42="339.0455" r43="95.444695" r44="1"></containerEntry>
          <containerEntry r11="-0.1021164" r12="0.02468367" r13="0.994464" r14="0" r21="0.10488418" r22="0.9943871" r23="-0.013911482" r24="0" r31="-0.98922557" r32="0.102883115" r33="-0.104132175" r34="0" r41="2019.6299" r42="339.90524" r43="58.452576" r44="1"></containerEntry>
          <containerEntry r11="0.7952217" r12="0.10017563" r13="-0.5979848" r14="0" r21="-0.030375667" r22="0.99160063" r23="0.12571986" r24="0" r31="0.60555613" r32="-0.08181082" r33="0.7915852" r34="0" r41="1996.1432" r42="345.16617" r43="18.100616" r44="1"></containerEntry>
          <containerEntry r11="0.5651471" r12="-0.0063987" r13="-0.82496375" r14="0" r21="0.17008793" r22="0.97939056" r23="0.10892282" r24="0" r31="0.8072646" r32="-0.20187408" r33="0.5545881" r34="0" r41="1974.3418" r42="354.8262" r43="46.88945" r44="1"></containerEntry>
          <containerEntry r11="0.54336005" r12="0.10251933" r13="-0.83321476" r14="0" r21="-0.047621936" r22="0.99468124" r23="0.09133064" r24="0" r31="0.8381463" r32="-0.009945877" r33="0.5453522" r34="0" r41="1984.9814" r42="353.83508" r43="25.523672" r44="1"></containerEntry>
          <containerEntry r11="0.97509354" r12="-0.2033009" r13="0.088663965" r14="0" r21="0.21812955" r22="0.9513904" r23="-0.21742995" r24="0" r31="-0.04015033" r32="0.23135479" r33="0.9720406" r34="0" r41="1963.2218" r42="348.50952" r43="95.62943" r44="1"></containerEntry>
          <containerEntry r11="0.9479717" r12="-0.13024175" r13="-0.2904937" r14="0" r21="0.062543884" r22="0.97089463" r23="-0.23119645" r24="0" r31="0.3121502" r32="0.20099907" r33="0.92852646" r34="0" r41="1928.7736" r42="341.26776" r43="108.200745" r44="1"></containerEntry>
        </property>
        <property name="colors" type="UInt32" container="DynamicArray" arraySize="8">
          <containerEntry>4294967295</containerEntry>
          <containerEntry>4294967295</containerEntry>
          <containerEntry>4294967295</containerEntry>
          <containerEntry>4294967295</containerEntry>
          <containerEntry>4294967295</containerEntry>
          <containerEntry>4294967295</containerEntry>
          <containerEntry>4294967295</containerEntry>
          <containerEntry>4294967295</containerEntry>
        </property>
      </staticProperties>
      <dynamicProperties></dynamicProperties>
    </entity>
    <entity class="StaticModelArray" classVersion="4" classID="0xD0" addr="0x3350D30" id="0x0">
      <staticProperties>
        <property name="name" type="String" container="StaticArray" arraySize="1">
          <containerEntry>StaticModelArray0002</containerEntry>
        </property>
        <property name="dataSet" type="EntityHandle" container="StaticArray" arraySize="1">
          <containerEntry>0x3353810</containerEntry>
        </property>
        <property name="modelFile" type="FilePtr" container="StaticArray" arraySize="1">
          <containerEntry>/Assets/tpp/environ/object/afghanistan/rock/afgh_rock006/scenes/afgh_rock006.fmdl</containerEntry>
        </property>
        <property name="geomFile" type="FilePtr" container="StaticArray" arraySize="1">
          <containerEntry>/Assets/tpp/environ/object/afghanistan/rock/afgh_rock006/scenes/afgh_rock006.geom</containerEntry>
        </property>
        <property name="isVisibleGeom" type="Bool" container="StaticArray" arraySize="1">
          <containerEntry>false</containerEntry>
        </property>
        <property name="lodFarSize" type="Float" container="StaticArray" arraySize="1">
          <containerEntry>-1</containerEntry>
        </property>
        <property name="lodNearSize" type="Float" container="StaticArray" arraySize="1">
          <containerEntry>-1</containerEntry>
        </property>
        <property name="lodPolygonSize" type="Float" container="StaticArray" arraySize="1">
          <containerEntry>-1</containerEntry>
        </property>
        <property name="drawRejectionLevel" type="Int32" container="StaticArray" arraySize="1">
          <containerEntry>8</containerEntry>
        </property>
        <property name="drawMode" type="Int32" container="StaticArray" arraySize="1">
          <containerEntry>0</containerEntry>
        </property>
        <property name="rejectFarRangeShadowCast" type="Int32" container="StaticArray" arraySize="1">
          <containerEntry>2</containerEntry>
        </property>
        <property name="parentLocator" type="EntityLink" container="StaticArray" arraySize="1">
          <containerEntry packagePathHash="0xB8A0BF169F98" archivePathHash="0xB8A0BF169F98" nameInArchiveHash="0xB8A0BF169F98">0x0</containerEntry>
        </property>
        <property name="transforms" type="Matrix4" container="DynamicArray" arraySize="11">
          <containerEntry r11="0.11576696" r12="0.5743527" r13="-0.81037986" r14="0" r21="0.32698566" r22="0.74835336" r23="0.57710236" r24="0" r31="0.9379109" r32="-0.3317918" r33="-0.10117048" r34="0" r41="1951.7822" r42="350.2111" r43="76.16553" r44="1"></containerEntry>
          <containerEntry r11="-0.87404954" r12="0.1374563" r13="-0.46598464" r14="0" r21="0.18540895" r22="0.9809234" r23="-0.058419626" r24="0" r31="0.4490651" r32="-0.13745944" r33="-0.88286126" r34="0" r41="1952.6621" r42="350.0798" r43="80.41349" r44="1"></containerEntry>
          <containerEntry r11="0.059719667" r12="0.18407667" r13="0.98109585" r14="0" r21="-0.016716793" r22="0.9828968" r23="-0.18339698" r24="0" r31="-0.99807507" r32="-0.005448401" r33="0.061775446" r34="0" r41="1962.3019" r42="347.9045" r43="78.60508" r44="1"></containerEntry>
          <containerEntry r11="0.059719667" r12="0.18407667" r13="0.98109585" r14="0" r21="-0.016716793" r22="0.9828968" r23="-0.18339698" r24="0" r31="-0.99807507" r32="-0.005448401" r33="0.061775446" r34="0" r41="1984.5903" r42="340.88907" r43="95.48344" r44="1"></containerEntry>
          <containerEntry r11="0.5787872" r12="0.06596195" r13="0.81280625" r14="0" r21="-0.19104585" r22="0.9799528" r23="0.056514367" r24="0" r31="-0.792784" r32="-0.18799312" r33="0.57978594" r34="0" r41="1983.9623" r42="341.37567" r43="89.341095" r44="1"></containerEntry>
          <containerEntry r11="0.08728056" r12="0.2035794" r13="-0.9751594" r14="0" r21="0.0829784" r22="0.9740084" r23="0.21076572" r24="0" r31="0.99272096" r32="-0.09931281" r33="0.06811929" r34="0" r41="1929.4198" r42="366.21756" r43="41.341873" r44="1"></containerEntry>
          <containerEntry r11="0.5787872" r12="0.06596195" r13="0.81280625" r14="0" r21="-0.19104585" r22="0.9799528" r23="0.056514367" r24="0" r31="-0.792784" r32="-0.18799312" r33="0.57978594" r34="0" r41="1966.668" r42="335.29233" r43="117.18173" r44="1"></containerEntry>
          <containerEntry r11="0.8016395" r12="-0.012035802" r13="0.59768665" r14="0" r21="-0.17920785" r22="0.9489783" r23="0.25947016" r24="0" r31="-0.57031465" r32="-0.31511164" r33="0.7585816" r34="0" r41="1937.9534" r42="334.46982" r43="125.10028" r44="1"></containerEntry>
          <containerEntry r11="-0.971591" r12="0.16459651" r13="0.17004895" r14="0" r21="0.068376645" r22="0.8831239" r23="-0.4641301" r24="0" r31="-0.22656852" r32="-0.43931776" r33="-0.86928964" r34="0" r41="1941.8804" r42="334.9388" r43="121.61398" r44="1"></containerEntry>
          <containerEntry r11="0.9889852" r12="-0.14739601" r13="-0.013518458" r14="0" r21="0.14739601" r22="0.97239405" r23="0.18089837" r24="0" r31="-0.013518458" r32="-0.18089837" r33="0.98340887" r34="0" r41="2023.4677" r42="335.65613" r43="27.524971" r44="1"></containerEntry>
          <containerEntry r11="-0.067037135" r12="0.01346454" r13="0.99765927" r14="0" r21="0.3110042" r22="0.9503743" r23="0.008071467" r24="0" r31="-0.948041" r32="0.31081742" r33="-0.067897856" r34="0" r41="2045.2382" r42="333.82004" r43="26.259426" r44="1"></containerEntry>
        </property>
        <property name="colors" type="UInt32" container="DynamicArray" arraySize="11">
          <containerEntry>4294967295</containerEntry>
          <containerEntry>4294967295</containerEntry>
          <containerEntry>4294967295</containerEntry>
          <containerEntry>4294967295</containerEntry>
          <containerEntry>4294967295</containerEntry>
          <containerEntry>4294967295</containerEntry>
          <containerEntry>4294967295</containerEntry>
          <containerEntry>4294967295</containerEntry>
          <containerEntry>4294967295</containerEntry>
          <containerEntry>4294967295</containerEntry>
          <containerEntry>4294967295</containerEntry>
        </property>
      </staticProperties>
      <dynamicProperties></dynamicProperties>
    </entity>
    <entity class="StaticModelArray" classVersion="4" classID="0xD0" addr="0x33510B0" id="0x0">
      <staticProperties>
        <property name="name" type="String" container="StaticArray" arraySize="1">
          <containerEntry>StaticModelArray0003</containerEntry>
        </property>
        <property name="dataSet" type="EntityHandle" container="StaticArray" arraySize="1">
          <containerEntry>0x3353810</containerEntry>
        </property>
        <property name="modelFile" type="FilePtr" container="StaticArray" arraySize="1">
          <containerEntry>/Assets/tpp/environ/object/afghanistan/rock/afgh_rock010/scenes/afgh_rock010_vrtn001.fmdl</containerEntry>
        </property>
        <property name="geomFile" type="FilePtr" container="StaticArray" arraySize="1">
          <containerEntry>/Assets/tpp/environ/object/afghanistan/rock/afgh_rock010/scenes/afgh_rock010_vrtn001.geom</containerEntry>
        </property>
        <property name="isVisibleGeom" type="Bool" container="StaticArray" arraySize="1">
          <containerEntry>false</containerEntry>
        </property>
        <property name="lodFarSize" type="Float" container="StaticArray" arraySize="1">
          <containerEntry>-1</containerEntry>
        </property>
        <property name="lodNearSize" type="Float" container="StaticArray" arraySize="1">
          <containerEntry>-1</containerEntry>
        </property>
        <property name="lodPolygonSize" type="Float" container="StaticArray" arraySize="1">
          <containerEntry>-1</containerEntry>
        </property>
        <property name="drawRejectionLevel" type="Int32" container="StaticArray" arraySize="1">
          <containerEntry>8</containerEntry>
        </property>
        <property name="drawMode" type="Int32" container="StaticArray" arraySize="1">
          <containerEntry>0</containerEntry>
        </property>
        <property name="rejectFarRangeShadowCast" type="Int32" container="StaticArray" arraySize="1">
          <containerEntry>2</containerEntry>
        </property>
        <property name="parentLocator" type="EntityLink" container="StaticArray" arraySize="1">
          <containerEntry packagePathHash="0xB8A0BF169F98" archivePathHash="0xB8A0BF169F98" nameInArchiveHash="0xB8A0BF169F98">0x0</containerEntry>
        </property>
        <property name="transforms" type="Matrix4" container="DynamicArray" arraySize="6">
          <containerEntry r11="0.45133692" r12="0.052701056" r13="0.890795" r14="0" r21="-0.08178979" r22="0.9964957" r23="-0.01751432" r24="0" r31="-0.8885964" r32="-0.06495322" r33="0.45406574" r34="0" r41="1982.7997" r42="336.1374" r43="111.524826" r44="1"></containerEntry>
          <containerEntry r11="0.099478066" r12="-0.90441984" r13="0.41488102" r14="0" r21="0.9925999" r22="0.061024204" r23="-0.104970604" r24="0" r31="0.0696204" r32="0.42225358" r33="0.9038001" r34="0" r41="1975.4967" r42="335.66803" r43="116.51824" r44="1"></containerEntry>
          <containerEntry r11="0.45133692" r12="0.052701056" r13="0.890795" r14="0" r21="-0.08178979" r22="0.9964957" r23="-0.01751432" r24="0" r31="-0.8885964" r32="-0.06495322" r33="0.45406574" r34="0" r41="1980.0211" r42="333.72705" r43="120.80356" r44="1"></containerEntry>
          <containerEntry r11="-0.08112162" r12="0.9963728" r13="-0.02565585" r14="0" r21="-0.94577944" r22="-0.085073926" r23="-0.3134668" r24="0" r31="-0.3145128" r32="-0.001164496" r33="0.9492524" r34="0" r41="2048.9885" r42="359.85886" r43="109.82456" r44="1"></containerEntry>
          <containerEntry r11="-0.09815737" r12="1.2056117" r13="-0.031043706" r14="0" r21="0.8466161" r22="0.046702716" r23="-0.8632256" r24="0" r31="-0.85889727" r32="-0.091747716" r33="-0.8473341" r34="0" r41="2049.594" r42="360.24353" r43="122.84749" r44="1"></containerEntry>
          <containerEntry r11="0.30614793" r12="0.9514139" r13="-0.032920867" r14="0" r21="-0.4924491" r22="0.12867713" r23="-0.8607755" r24="0" r31="-0.81471837" r32="0.279736" r33="0.5079181" r34="0" r41="2058.1858" r42="356.71683" r43="78.90942" r44="1"></containerEntry>
        </property>
        <property name="colors" type="UInt32" container="DynamicArray" arraySize="6">
          <containerEntry>4294967295</containerEntry>
          <containerEntry>4294967295</containerEntry>
          <containerEntry>4294967295</containerEntry>
          <containerEntry>4294967295</containerEntry>
          <containerEntry>4294967295</containerEntry>
          <containerEntry>4294967295</containerEntry>
        </property>
      </staticProperties>
      <dynamicProperties></dynamicProperties>
    </entity>
    <entity class="StaticModelArray" classVersion="4" classID="0xD0" addr="0x3350B00" id="0x0">
      <staticProperties>
        <property name="name" type="String" container="StaticArray" arraySize="1">
          <containerEntry>StaticModelArray0004</containerEntry>
        </property>
        <property name="dataSet" type="EntityHandle" container="StaticArray" arraySize="1">
          <containerEntry>0x3353810</containerEntry>
        </property>
        <property name="modelFile" type="FilePtr" container="StaticArray" arraySize="1">
          <containerEntry>/Assets/tpp/environ/object/afghanistan/cliff/afgh_clff037/scenes/afgh_clff037_vrtn002_gen8.fmdl</containerEntry>
        </property>
        <property name="geomFile" type="FilePtr" container="StaticArray" arraySize="1">
          <containerEntry>/Assets/tpp/environ/object/afghanistan/cliff/afgh_clff037/scenes/afgh_clff037_vrtn002_gen8.geom</containerEntry>
        </property>
        <property name="isVisibleGeom" type="Bool" container="StaticArray" arraySize="1">
          <containerEntry>false</containerEntry>
        </property>
        <property name="lodFarSize" type="Float" container="StaticArray" arraySize="1">
          <containerEntry>-1</containerEntry>
        </property>
        <property name="lodNearSize" type="Float" container="StaticArray" arraySize="1">
          <containerEntry>-1</containerEntry>
        </property>
        <property name="lodPolygonSize" type="Float" container="StaticArray" arraySize="1">
          <containerEntry>-1</containerEntry>
        </property>
        <property name="drawRejectionLevel" type="Int32" container="StaticArray" arraySize="1">
          <containerEntry>8</containerEntry>
        </property>
        <property name="drawMode" type="Int32" container="StaticArray" arraySize="1">
          <containerEntry>0</containerEntry>
        </property>
        <property name="rejectFarRangeShadowCast" type="Int32" container="StaticArray" arraySize="1">
          <containerEntry>2</containerEntry>
        </property>
        <property name="parentLocator" type="EntityLink" container="StaticArray" arraySize="1">
          <containerEntry packagePathHash="0xB8A0BF169F98" archivePathHash="0xB8A0BF169F98" nameInArchiveHash="0xB8A0BF169F98">0x0</containerEntry>
        </property>
        <property name="transforms" type="Matrix4" container="DynamicArray" arraySize="10">
          <containerEntry r11="0.36868024" r12="0.010295942" r13="0.929499" r14="0" r21="-0.1851694" r22="0.9807118" r23="0.06258304" r24="0" r31="-0.9109263" r32="-0.19518796" r33="0.36347556" r34="0" r41="1952.4082" r42="362.3203" r43="34.187035" r44="1"></containerEntry>
          <containerEntry r11="0.66299725" r12="-0.05017682" r13="0.74693906" r14="0" r21="0.035279043" r22="0.9987369" r23="0.035777424" r24="0" r31="-0.7477908" r32="0.0026309043" r33="0.66393" r34="0" r41="1954.3724" r42="365.11685" r43="24.125639" r44="1"></containerEntry>
          <containerEntry r11="0.75092506" r12="0.26924738" r13="-0.6030072" r14="0" r21="-0.08469353" r22="0.94483507" r23="0.31640753" r24="0" r31="0.65493417" r32="-0.18652764" r33="0.73230386" r34="0" r41="1955.9685" r42="362.47583" r43="45.171288" r44="1"></containerEntry>
          <containerEntry r11="0.5256387" r12="-0.18780345" r13="-0.8297178" r14="0" r21="-0.2413773" r22="0.9023189" r23="-0.35715145" r24="0" r31="0.81574434" r32="0.38800776" r33="0.42896232" r34="0" r41="2027.5785" r42="341.94205" r43="69.316666" r44="1"></containerEntry>
          <containerEntry r11="-0.6318487" r12="-0.066155106" r13="0.7722566" r14="0" r21="-0.18822646" r22="0.97962165" r23="-0.07008615" r24="0" r31="-0.7518827" r32="-0.1896438" r33="-0.6314248" r34="0" r41="2024.0966" r42="334.36694" r43="65.55989" r44="1"></containerEntry>
          <containerEntry r11="-0.49307397" r12="0.16205949" r13="-0.8547569" r14="0" r21="-0.083241716" r22="0.9692009" r23="0.2317763" r24="0" r31="0.8659927" r32="0.18543506" r33="-0.46439755" r34="0" r41="2041.4082" r42="345.91022" r43="76.486084" r44="1"></containerEntry>
          <containerEntry r11="-0.39822134" r12="-0.10364833" r13="0.9114133" r14="0" r21="0.09064149" r22="0.9842865" r23="0.15153939" r24="0" r31="-0.91279864" r32="0.14295834" r33="-0.38256902" r34="0" r41="1941.0929" r42="356.53635" r43="43.72026" r44="1"></containerEntry>
          <containerEntry r11="0.2918185" r12="0.21295513" r13="-0.9324644" r14="0" r21="0.16668634" r22="0.9486582" r23="0.268818" r24="0" r31="0.9418362" r32="-0.23387508" r33="0.24133933" r34="0" r41="1945.2833" r42="336.44687" r43="110.29783" r44="1"></containerEntry>
          <containerEntry r11="0.9828961" r12="-0.017285418" r13="-0.18334784" r14="0" r21="0.06444901" r22="0.9649147" r23="0.25453085" r24="0" r31="0.17251535" r32="-0.26199394" r33="0.9495249" r34="0" r41="1930.6616" r42="345.1353" r43="88.227325" r44="1"></containerEntry>
          <containerEntry r11="0.71838236" r12="0.13217783" r13="-0.68297523" r14="0" r21="0.064448014" r22="0.9649146" r23="0.25453112" r24="0" r31="0.6926562" r32="-0.22686704" r33="0.6846591" r34="0" r41="1936.9274" r42="342.3225" r43="95.73205" r44="1"></containerEntry>
        </property>
        <property name="colors" type="UInt32" container="DynamicArray" arraySize="10">
          <containerEntry>4294967295</containerEntry>
          <containerEntry>4294967295</containerEntry>
          <containerEntry>4294967295</containerEntry>
          <containerEntry>4294967295</containerEntry>
          <containerEntry>4294967295</containerEntry>
          <containerEntry>4294967295</containerEntry>
          <containerEntry>4294967295</containerEntry>
          <containerEntry>4294967295</containerEntry>
          <containerEntry>4294967295</containerEntry>
          <containerEntry>4294967295</containerEntry>
        </property>
      </staticProperties>
      <dynamicProperties></dynamicProperties>
    </entity>
    <entity class="StaticModelArray" classVersion="4" classID="0xD0" addr="0x33509B0" id="0x0">
      <staticProperties>
        <property name="name" type="String" container="StaticArray" arraySize="1">
          <containerEntry>StaticModelArray0005</containerEntry>
        </property>
        <property name="dataSet" type="EntityHandle" container="StaticArray" arraySize="1">
          <containerEntry>0x3353810</containerEntry>
        </property>
        <property name="modelFile" type="FilePtr" container="StaticArray" arraySize="1">
          <containerEntry>/Assets/tpp/environ/object/afghanistan/cliff/afgh_clff025/scenes/afgh_clff025.fmdl</containerEntry>
        </property>
        <property name="geomFile" type="FilePtr" container="StaticArray" arraySize="1">
          <containerEntry>/Assets/tpp/environ/object/afghanistan/cliff/afgh_clff025/scenes/afgh_clff025.geom</containerEntry>
        </property>
        <property name="isVisibleGeom" type="Bool" container="StaticArray" arraySize="1">
          <containerEntry>false</containerEntry>
        </property>
        <property name="lodFarSize" type="Float" container="StaticArray" arraySize="1">
          <containerEntry>-1</containerEntry>
        </property>
        <property name="lodNearSize" type="Float" container="StaticArray" arraySize="1">
          <containerEntry>-1</containerEntry>
        </property>
        <property name="lodPolygonSize" type="Float" container="StaticArray" arraySize="1">
          <containerEntry>-1</containerEntry>
        </property>
        <property name="drawRejectionLevel" type="Int32" container="StaticArray" arraySize="1">
          <containerEntry>8</containerEntry>
        </property>
        <property name="drawMode" type="Int32" container="StaticArray" arraySize="1">
          <containerEntry>0</containerEntry>
        </property>
        <property name="rejectFarRangeShadowCast" type="Int32" container="StaticArray" arraySize="1">
          <containerEntry>2</containerEntry>
        </property>
        <property name="parentLocator" type="EntityLink" container="StaticArray" arraySize="1">
          <containerEntry packagePathHash="0xB8A0BF169F98" archivePathHash="0xB8A0BF169F98" nameInArchiveHash="0xB8A0BF169F98">0x0</containerEntry>
        </property>
        <property name="transforms" type="Matrix4" container="DynamicArray" arraySize="12">
          <containerEntry r11="0.6313794" r12="-0.11912398" r13="-0.7662684" r14="0" r21="0.14493136" r22="0.98884666" r23="-0.034307502" r24="0" r31="0.76180875" r32="-0.08939564" r33="0.64160234" r34="0" r41="1986.1356" r42="342.65997" r43="49.538357" r44="1"></containerEntry>
          <containerEntry r11="0.8288739" r12="-0.07106406" r13="-0.5549025" r14="0" r21="-0.025391908" r22="0.9860979" r23="-0.16421346" r24="0" r31="0.55885786" r32="0.15020223" r33="0.81554633" r34="0" r41="1974.4403" r42="343.97156" r43="63.800392" r44="1"></containerEntry>
