<fox formatVersion="2" fileVersion="0">
  <entities>
    <entity class="DataSet" classVersion="0" classID="0xE8" addr="0x2D75800" id="0x1635E93">
      <staticProperties>
        <property name="name" type="String" container="StaticArray" arraySize="1">
          <containerEntry hash="0xB8A0BF169F98"></containerEntry>
        </property>
        <property name="dataSet" type="EntityHandle" container="StaticArray" arraySize="1">
          <containerEntry>0x0</containerEntry>
        </property>
        <property name="dataList" type="EntityPtr" container="StringMap" arraySize="4">
          <containerEntry key="StaticModelArray0000">
            <data>0x2F532D0</data>
          </containerEntry>
          <containerEntry key="StaticModelArray0001">
            <data>0x2F533B0</data>
          </containerEntry>
          <containerEntry key="StaticModelArray0002">
            <data>0x2F53650</data>
          </containerEntry>
          <containerEntry key="TexturePackLoadConditioner0000">
            <data>0x2F55A30</data>
          </containerEntry>
        </property>
      </staticProperties>
      <dynamicProperties></dynamicProperties>
    </entity>
    <entity class="StaticModelArray" classVersion="4" classID="0xD0" addr="0x2F532D0" id="0x0">
      <staticProperties>
        <property name="name" type="String" container="StaticArray" arraySize="1">
          <containerEntry>StaticModelArray0000</containerEntry>
        </property>
        <property name="dataSet" type="EntityHandle" container="StaticArray" arraySize="1">
          <containerEntry>0x2D75800</containerEntry>
        </property>
        <property name="modelFile" type="FilePtr" container="StaticArray" arraySize="1">
          <containerEntry>/Assets/tpp/environ/object/middle_africa/mud/mafr_mudd003/scenes/mafr_mudd003_rock001.fmdl</containerEntry>
        </property>
        <property name="geomFile" type="FilePtr" container="StaticArray" arraySize="1">
          <containerEntry>/Assets/tpp/environ/object/middle_africa/mud/mafr_mudd003/scenes/mafr_mudd003_rock001.geom</containerEntry>
        </property>
        <property name="isVisibleGeom" type="Bool" container="StaticArray" arraySize="1">
          <containerEntry>false</containerEntry>
        </property>
        <property name="lodFarSize" type="Float" container="StaticArray" arraySize="1">
          <containerEntry>-1</containerEntry>
        </property>
        <property name="lodNearSize" type="Float" container="StaticArray" arraySize="1">
          <containerEntry>-1</containerEntry>
        </property>
        <property name="lodPolygonSize" type="Float" container="StaticArray" arraySize="1">
          <containerEntry>-1</containerEntry>
        </property>
        <property name="drawRejectionLevel" type="Int32" container="StaticArray" arraySize="1">
          <containerEntry>8</containerEntry>
        </property>
        <property name="drawMode" type="Int32" container="StaticArray" arraySize="1">
          <containerEntry>0</containerEntry>
        </property>
        <property name="rejectFarRangeShadowCast" type="Int32" container="StaticArray" arraySize="1">
          <containerEntry>2</containerEntry>
        </property>
        <property name="parentLocator" type="EntityLink" container="StaticArray" arraySize="1">
          <containerEntry packagePathHash="0xB8A0BF169F98" archivePathHash="0xB8A0BF169F98" nameInArchiveHash="0xB8A0BF169F98">0x0</containerEntry>
        </property>
        <property name="transforms" type="Matrix4" container="DynamicArray" arraySize="2">
          <containerEntry r11="-0.42376053" r12="0" r13="-0.90577453" r14="0" r21="0" r22="1" r23="0" r24="0" r31="0.90577453" r32="0" r33="-0.42376053" r34="0" r41="-524.3082" r42="-7.693734" r43="93.345276" r44="1"></containerEntry>
          <containerEntry r11="-0.5989797" r12="0" r13="-0.800765" r14="0" r21="0" r22="1" r23="0" r24="0" r31="0.800765" r32="0" r33="-0.5989797" r34="0" r41="-557.7749" r42="-7.426064" r43="84.109634" r44="1"></containerEntry>
        </property>
        <property name="colors" type="UInt32" container="DynamicArray" arraySize="2">
          <containerEntry>4294967295</containerEntry>
          <containerEntry>4294967295</containerEntry>
        </property>
      </staticProperties>
      <dynamicProperties></dynamicProperties>
    </entity>
    <entity class="StaticModelArray" classVersion="4" classID="0xD0" addr="0x2F533B0" id="0x0">
      <staticProperties>
        <property name="name" type="String" container="StaticArray" arraySize="1">
          <containerEntry>StaticModelArray0001</containerEntry>
        </property>
        <property name="dataSet" type="EntityHandle" container="StaticArray" arraySize="1">
          <containerEntry>0x2D75800</containerEntry>
        </property>
        <property name="modelFile" type="FilePtr" container="StaticArray" arraySize="1">
          <containerEntry>/Assets/tpp/environ/object/middle_africa/mud/mafr_mudd003/scenes/mafr_mudd003.fmdl</containerEntry>
        </property>
        <property name="geomFile" type="FilePtr" container="StaticArray" arraySize="1">
          <containerEntry>/Assets/tpp/environ/object/middle_africa/mud/mafr_mudd003/scenes/mafr_mudd003.geom</containerEntry>
        </property>
        <property name="isVisibleGeom" type="Bool" container="StaticArray" arraySize="1">
          <containerEntry>false</containerEntry>
        </property>
        <property name="lodFarSize" type="Float" container="StaticArray" arraySize="1">
          <containerEntry>-1</containerEntry>
        </property>
        <property name="lodNearSize" type="Float" container="StaticArray" arraySize="1">
          <containerEntry>-1</containerEntry>
        </property>
        <property name="lodPolygonSize" type="Float" container="StaticArray" arraySize="1">
          <containerEntry>-1</containerEntry>
        </property>
        <property name="drawRejectionLevel" type="Int32" container="StaticArray" arraySize="1">
          <containerEntry>8</containerEntry>
        </property>
        <property name="drawMode" type="Int32" container="StaticArray" arraySize="1">
          <containerEntry>0</containerEntry>
        </property>
        <property name="rejectFarRangeShadowCast" type="Int32" container="StaticArray" arraySize="1">
          <containerEntry>2</containerEntry>
        </property>
        <property name="parentLocator" type="EntityLink" container="StaticArray" arraySize="1">
          <containerEntry packagePathHash="0xB8A0BF169F98" archivePathHash="0xB8A0BF169F98" nameInArchiveHash="0xB8A0BF169F98">0x0</containerEntry>
        </property>
        <property name="transforms" type="Matrix4" container="DynamicArray" arraySize="64">
          <containerEntry r11="0.26962766" r12="0.0030168176" r13="0.9629598" r14="0" r21="-0.0033890682" r22="0.99999183" r23="-0.0021838984" r24="0" r31="-0.96295863" r32="-0.0026746974" r33="0.26963568" r34="0" r41="-522.36" r42="-4.033363" r43="124.18379" r44="1"></containerEntry>
          <containerEntry r11="0.37443197" r12="0" r13="0.9272545" r14="0" r21="0" r22="1" r23="0" r24="0" r31="-0.9272545" r32="0" r33="0.37443197" r34="0" r41="-569.9674" r42="-3.993396" r43="119.48706" r44="1"></containerEntry>
          <containerEntry r11="0.998498" r12="0" r13="-0.05478739" r14="0" r21="0" r22="1" r23="0" r24="0" r31="0.05478739" r32="0" r33="0.998498" r34="0" r41="-539.1069" r42="-3.968117" r43="111.28882" r44="1"></containerEntry>
          <containerEntry r11="0.72016275" r12="0" r13="0.6938054" r14="0" r21="0" r22="1" r23="0" r24="0" r31="-0.6938054" r32="0" r33="0.72016275" r34="0" r41="-549.4626" r42="-4.096797" r43="92.07451" r44="1"></containerEntry>
          <containerEntry r11="0.38698107" r12="0" r13="-0.9220879" r14="0" r21="0" r22="1" r23="0" r24="0" r31="0.9220879" r32="0" r33="0.38698107" r34="0" r41="-578.8451" r42="-4.077774" r43="83.021255" r44="1"></containerEntry>
          <containerEntry r11="0.72016275" r12="0" r13="0.6938054" r14="0" r21="0" r22="1" r23="0" r24="0" r31="-0.6938054" r32="0" r33="0.72016275" r34="0" r41="-542.63385" r42="-4.096797" r43="30.583298" r44="1"></containerEntry>
          <containerEntry r11="-0.10848904" r12="0" r13="-0.9940973" r14="0" r21="0" r22="1" r23="0" r24="0" r31="0.9940973" r32="0" r33="-0.10848904" r34="0" r41="-556.2095" r42="-4.096797" r43="26.379135" r44="1"></containerEntry>
          <containerEntry r11="-0.24131763" r12="0" r13="-0.9704465" r14="0" r21="0" r22="1" r23="0" r24="0" r31="0.9704465" r32="0" r33="-0.24131763" r34="0" r41="-586.45404" r42="-3.96115" r43="56.486725" r44="1"></containerEntry>
          <containerEntry r11="-0.29828238" r12="0" r13="-0.9544771" r14="0" r21="0" r22="1" r23="0" r24="0" r31="0.9544771" r32="0" r33="-0.29828238" r34="0" r41="-563.3982" r42="-4.096797" r43="103.13263" r44="1"></containerEntry>
          <containerEntry r11="0.10857248" r12="0" r13="-0.9940885" r14="0" r21="0" r22="1" r23="0" r24="0" r31="0.9940885" r32="0" r33="0.10857248" r34="0" r41="-548.0323" r42="-4.096797" r43="57.70674" r44="1"></containerEntry>
          <containerEntry r11="0.6954708" r12="0" r13="-0.718554" r14="0" r21="0" r22="1" r23="0" r24="0" r31="0.718554" r32="0" r33="0.6954708" r34="0" r41="-552.8808" r42="-4.096797" r43="46.119656" r44="1"></containerEntry>
          <containerEntry r11="0.72016275" r12="0" r13="0.6938054" r14="0" r21="0" r22="1" r23="0" r24="0" r31="-0.6938054" r32="0" r33="0.72016275" r34="0" r41="-549.45667" r42="-4.096797" r43="112.55719" r44="1"></containerEntry>
          <containerEntry r11="0.46142328" r12="0" r13="-0.8871804" r14="0" r21="0" r22="1" r23="0" r24="0" r31="0.8871804" r32="0" r33="0.46142328" r34="0" r41="-560.57965" r42="-4.096797" r43="121.75313" r44="1"></containerEntry>
          <containerEntry r11="0.6954708" r12="0" r13="-0.718554" r14="0" r21="0" r22="1" r23="0" r24="0" r31="0.718554" r32="0" r33="0.6954708" r34="0" r41="-582.4371" r42="-4.096797" r43="34.464966" r44="1"></containerEntry>
          <containerEntry r11="0.73888993" r12="0" r13="0.6738259" r14="0" r21="0" r22="1" r23="0" r24="0" r31="-0.6738259" r32="0" r33="0.73888993" r34="0" r41="-565.0388" r42="-4.096797" r43="21.036514" r44="1"></containerEntry>
          <containerEntry r11="0.73888993" r12="0" r13="0.6738259" r14="0" r21="0" r22="1" r23="0" r24="0" r31="-0.6738259" r32="0" r33="0.73888993" r34="0" r41="-564.26807" r42="-4.096797" r43="36.242218" r44="1"></containerEntry>
          <containerEntry r11="0.083897054" r12="0" r13="-0.9964737" r14="0" r21="0" r22="1" r23="0" r24="0" r31="0.9964737" r32="0" r33="0.083897054" r34="0" r41="-555.14355" r42="-4.096797" r43="111.60339" r44="1"></containerEntry>
          <containerEntry r11="0.25354123" r12="0" r13="-0.967324" r14="0" r21="0" r22="1" r23="0" r24="0" r31="0.967324" r32="0" r33="0.25354123" r34="0" r41="-600.4929" r42="-4.096797" r43="59.28058" r44="1"></containerEntry>
          <containerEntry r11="0.10857248" r12="0" r13="-0.9940885" r14="0" r21="0" r22="1" r23="0" r24="0" r31="0.9940885" r32="0" r33="0.10857248" r34="0" r41="-546.8526" r42="-4.096797" r43="78.25938" r44="1"></containerEntry>
          <containerEntry r11="-0.29828238" r12="0" r13="-0.9544771" r14="0" r21="0" r22="1" r23="0" r24="0" r31="0.9544771" r32="0" r33="-0.29828238" r34="0" r41="-565.7838" r42="-4.096797" r43="97.74072" r44="1"></containerEntry>
          <containerEntry r11="0.23266995" r12="0" r13="-0.9725557" r14="0" r21="0" r22="1" r23="0" r24="0" r31="0.9725557" r32="0" r33="0.23266995" r34="0" r41="-566.5078" r42="-4.113811" r43="64.105804" r44="1"></containerEntry>
          <containerEntry r11="-0.22393656" r12="0" r13="0.97460383" r14="0" r21="0" r22="1" r23="0" r24="0" r31="-0.97460383" r32="0" r33="-0.22393656" r34="0" r41="-564.56506" r42="-4.096797" r43="109.502426" r44="1"></containerEntry>
          <containerEntry r11="-0.64291525" r12="0" r13="-0.76593596" r14="0" r21="0" r22="1" r23="0" r24="0" r31="0.76593596" r32="0" r33="-0.64291525" r34="0" r41="-592.7649" r42="-4.04829" r43="77.196014" r44="1"></containerEntry>
          <containerEntry r11="-0.64291525" r12="0" r13="-0.76593596" r14="0" r21="0" r22="1" r23="0" r24="0" r31="0.76593596" r32="0" r33="-0.64291525" r34="0" r41="-602.0592" r42="-4.04829" r43="63.92061" r44="1"></containerEntry>
          <containerEntry r11="0.6141048" r12="0" r13="0.78922457" r14="0" r21="0" r22="1" r23="0" r24="0" r31="-0.78922457" r32="0" r33="0.6141048" r34="0" r41="-547.552" r42="-4.096797" r43="71.58469" r44="1"></containerEntry>
          <containerEntry r11="0.9167639" r12="0" r13="-0.39942956" r14="0" r21="0" r22="1" r23="0" r24="0" r31="0.39942956" r32="0" r33="0.9167639" r34="0" r41="-570.6598" r42="-4.077774" r43="78.85127" r44="1"></containerEntry>
          <containerEntry r11="-0.8740325" r12="0" r13="-0.48586428" r14="0" r21="0" r22="1" r23="0" r24="0" r31="0.48586428" r32="0" r33="-0.8740325" r34="0" r41="-577.0477" r42="-3.993396" r43="104.88301" r44="1"></containerEntry>
          <containerEntry r11="0.8340901" r12="0" r13="0.55162835" r14="0" r21="0" r22="1" r23="0" r24="0" r31="-0.55162835" r32="0" r33="0.8340901" r34="0" r41="-579.84625" r42="-3.993396" r43="96.260124" r44="1"></containerEntry>
          <containerEntry r11="0.36103004" r12="0" r13="0.93255377" r14="0" r21="0" r22="1" r23="0" r24="0" r31="-0.93255377" r32="0" r33="0.36103004" r34="0" r41="-594.3616" r42="-3.993396" r43="101.81717" r44="1"></containerEntry>
          <containerEntry r11="-0.22935903" r12="0" r13="-0.9733421" r14="0" r21="0" r22="1" r23="0" r24="0" r31="0.9733421" r32="0" r33="-0.22935903" r34="0" r41="-618.46533" r42="-4.126924" r43="52.793915" r44="1"></containerEntry>
          <containerEntry r11="0.3067869" r12="0" r13="0.95177764" r14="0" r21="0" r22="1" r23="0" r24="0" r31="-0.95177764" r32="0" r33="0.3067869" r34="0" r41="-618.72534" r42="-4.126924" r43="59.185913" r44="1"></containerEntry>
          <containerEntry r11="-0.17923331" r12="0" r13="0.9838071" r14="0" r21="0" r22="1" r23="0" r24="0" r31="-0.9838071" r32="0" r33="-0.17923331" r34="0" r41="-619.9917" r42="-4.116665" r43="65.92749" r44="1"></containerEntry>
          <containerEntry r11="0.45250672" r12="0" r13="-0.89176095" r14="0" r21="0" r22="1" r23="0" r24="0" r31="0.89176095" r32="0" r33="0.45250672" r34="0" r41="-616.4191" r42="-4.126924" r43="48.633102" r44="1"></containerEntry>
          <containerEntry r11="-0.9500321" r12="0" r13="0.31215596" r14="0" r21="0" r22="1" r23="0" r24="0" r31="-0.31215596" r32="0" r33="-0.9500321" r34="0" r41="-605.88226" r42="-4.092017" r43="40.880188" r44="1"></containerEntry>
          <containerEntry r11="0.68586564" r12="0" r13="-0.72772837" r14="0" r21="0" r22="1" r23="0" r24="0" r31="0.72772837" r32="0" r33="0.68586564" r34="0" r41="-600.94904" r42="-4.092017" r43="39.89447" r44="1"></containerEntry>
          <containerEntry r11="-0.5772904" r12="0" r13="-0.8165382" r14="0" r21="0" r22="1" r23="0" r24="0" r31="0.8165382" r32="0" r33="-0.5772904" r34="0" r41="-593.65436" r42="-4.092017" r43="30.627045" r44="1"></containerEntry>
          <containerEntry r11="-0.763766" r12="0.0020485315" r13="0.64548993" r14="0" r21="0.01702866" r22="0.99971086" r23="0.01697621" r24="0" r31="-0.64526856" r32="0.023957679" r33="-0.7635801" r34="0" r41="-583.74316" r42="-4.145437" r43="23.961456" r44="1"></containerEntry>
          <containerEntry r11="-0.39071897" r12="-0.008974178" r13="0.9204659" r14="0" r21="0.017028676" r22="0.99971086" r23="0.016975114" r24="0" r31="-0.92035216" r32="0.022306824" r33="-0.39045322" r34="0" r41="-579.14984" r42="-4.136166" r43="19.375397" r44="1"></containerEntry>
          <containerEntry r11="-0.30380997" r12="-0.01100178" r13="0.95266944" r14="0" r21="0.017027609" r22="0.9997109" r23="0.016975202" r24="0" r31="-0.95258075" r32="0.021378908" r33="-0.3035348" r34="0" r41="-567.73865" r42="-4.132888" r43="4.602936" r44="1"></containerEntry>
          <containerEntry r11="-0.13318495" r12="0.019094253" r13="-0.9909078" r14="0" r21="0.017027417" r22="0.9997109" r23="0.016975299" r24="0" r31="0.99094546" r32="-0.014611748" r33="-0.13347155" r34="0" r41="-572.2426" r42="-4.133974" r43="9.878281" r44="1"></containerEntry>
          <containerEntry r11="-0.64291525" r12="0" r13="-0.76593596" r14="0" r21="0" r22="1" r23="0" r24="0" r31="0.76593596" r32="0" r33="-0.64291525" r34="0" r41="-612.05286" r42="-4.229626" r43="76.197296" r44="1"></containerEntry>
          <containerEntry r11="-0.64291525" r12="0" r13="-0.76593596" r14="0" r21="0" r22="1" r23="0" r24="0" r31="0.76593596" r32="0" r33="-0.64291525" r34="0" r41="-608.3031" r42="-4.229626" r43="79.17528" r44="1"></containerEntry>
          <containerEntry r11="-0.64291525" r12="0" r13="-0.76593596" r14="0" r21="0" r22="1" r23="0" r24="0" r31="0.76593596" r32="0" r33="-0.64291525" r34="0" r41="-602.38684" r42="-4.229626" r43="85.74017" r44="1"></containerEntry>
          <containerEntry r11="0.6144228" r12="0" r13="0.78897655" r14="0" r21="0" r22="1" r23="0" r24="0" r31="-0.78897655" r32="0" r33="0.6144228" r34="0" r41="-598.63995" r42="-4.229626" r43="92.36394" r44="1"></containerEntry>
          <containerEntry r11="0.36103004" r12="0" r13="0.93255377" r14="0" r21="0" r22="1" r23="0" r24="0" r31="-0.93255377" r32="0" r33="0.36103004" r34="0" r41="-590.60974" r42="-4.11014" r43="116.63518" r44="1"></containerEntry>
          <containerEntry r11="0.36103004" r12="0" r13="0.93255377" r14="0" r21="0" r22="1" r23="0" r24="0" r31="-0.93255377" r32="0" r33="0.36103004" r34="0" r41="-589.79614" r42="-4.129741" r43="121.204025" r44="1"></containerEntry>
          <containerEntry r11="0.046626687" r12="0" r13="-0.9989124" r14="0" r21="0" r22="1" r23="0" r24="0" r31="0.9989124" r32="0" r33="0.046626687" r34="0" r41="-566.32684" r42="-4.096797" r43="115.03435" r44="1"></containerEntry>
          <containerEntry r11="0.77622354" r12="0" r13="0.63045794" r14="0" r21="0" r22="1" r23="0" r24="0" r31="-0.63045794" r32="0" r33="0.77622354" r34="0" r41="-574.5276" r42="-3.993396" r43="112.21419" r44="1"></containerEntry>
          <containerEntry r11="0.77622354" r12="0" r13="0.63045794" r14="0" r21="0" r22="1" r23="0" r24="0" r31="-0.63045794" r32="0" r33="0.77622354" r34="0" r41="-571.8707" r42="-3.993396" r43="117.36406" r44="1"></containerEntry>
          <containerEntry r11="-0.06718457" r12="0" r13="0.99773985" r14="0" r21="0" r22="1" r23="0" r24="0" r31="-0.99773985" r32="0" r33="-0.06718457" r34="0" r41="-583.25757" r42="-4.004189" r43="51.571747" r44="1"></containerEntry>
          <containerEntry r11="-0.6640316" r12="0" r13="0.747705" r14="0" r21="0" r22="1" r23="0" r24="0" r31="-0.747705" r32="0" r33="-0.6640316" r34="0" r41="-569.3398" r42="-4.096797" r43="38.48964" r44="1"></containerEntry>
          <containerEntry r11="0.56822306" r12="0" r13="-0.82287484" r14="0" r21="0" r22="1" r23="0" r24="0" r31="0.82287484" r32="0" r33="0.56822306" r34="0" r41="-574.4507" r42="-4.096797" r43="42.79947" r44="1"></containerEntry>
          <containerEntry r11="-0.12671673" r12="0" r13="0.9919395" r14="0" r21="0" r22="1" r23="0" r24="0" r31="-0.9919395" r32="0" r33="-0.12671673" r34="0" r41="-565.23285" r42="-4.10293" r43="91.69479" r44="1"></containerEntry>
          <containerEntry r11="-0.28414094" r12="0" r13="-0.9587824" r14="0" r21="0" r22="1" r23="0" r24="0" r31="0.9587824" r32="0" r33="-0.28414094" r34="0" r41="-607.0104" r42="-4.251767" r43="23.384258" r44="1"></containerEntry>
          <containerEntry r11="0.20092696" r12="0" r13="0.9796065" r14="0" r21="0" r22="1" r23="0" r24="0" r31="-0.9796065" r32="0" r33="0.20092696" r34="0" r41="-608.3539" r42="-4.092017" r43="29.684917" r44="1"></containerEntry>
          <containerEntry r11="-0.9500321" r12="0" r13="0.31215596" r14="0" r21="0" r22="1" r23="0" r24="0" r31="-0.31215596" r32="0" r33="-0.9500321" r34="0" r41="-617.1417" r42="-4.092017" r43="44.666874" r44="1"></containerEntry>
          <containerEntry r11="0.39326954" r12="0" r13="-0.9194238" r14="0" r21="0" r22="1" r23="0" r24="0" r31="0.9194238" r32="0" r33="0.39326954" r34="0" r41="-618.0269" r42="-4.092017" r43="17.942495" r44="1"></containerEntry>
          <containerEntry r11="0.39326954" r12="0" r13="-0.9194238" r14="0" r21="0" r22="1" r23="0" r24="0" r31="0.9194238" r32="0" r33="0.39326954" r34="0" r41="-615.8121" r42="-4.092017" r43="34.293015" r44="1"></containerEntry>
          <containerEntry r11="0.940007" r12="0" r13="-0.34115502" r14="0" r21="0" r22="1" r23="0" r24="0" r31="0.34115502" r32="0" r33="0.940007" r34="0" r41="-630.64075" r42="-4.129741" r43="122.31311" r44="1"></containerEntry>
          <containerEntry r11="-0.9443803" r12="0" r13="0.3288438" r14="0" r21="0" r22="1" r23="0" r24="0" r31="-0.3288438" r32="0" r33="-0.9443803" r34="0" r41="-623.08606" r42="-4.129741" r43="121.409996" r44="1"></containerEntry>
          <containerEntry r11="-0.8216326" r12="0" r13="0.5700167" r14="0" r21="0" r22="1" r23="0" r24="0" r31="-0.5700167" r32="0" r33="-0.8216326" r34="0" r41="-616.5685" r42="-4.058329" r43="122.48319" r44="1"></containerEntry>
          <containerEntry r11="0.994011" r12="0" r13="0.109279945" r14="0" r21="0" r22="1" r23="0" r24="0" r31="-0.109279945" r32="0" r33="0.994011" r34="0" r41="-607.7656" r42="-4.058329" r43="122.56825" r44="1"></containerEntry>
          <containerEntry r11="0.39326954" r12="0" r13="-0.9194238" r14="0" r21="0" r22="1" r23="0" r24="0" r31="0.9194238" r32="0" r33="0.39326954" r34="0" r41="-637.1457" r42="-4.092017" r43="8.03073" r44="1"></containerEntry>
          <containerEntry r11="-0.043509603" r12="0" r13="-0.99905485" r14="0" r21="0" r22="1" r23="0" r24="0" r31="0.99905485" r32="0" r33="-0.043509603" r34="0" r41="-619.0893" r42="-4.092017" r43="26.347225" r44="1"></containerEntry>
        </property>
        <property name="colors" type="UInt32" container="DynamicArray" arraySize="64">
          <containerEntry>4294967295</containerEntry>
          <containerEntry>4294967295</containerEntry>
          <containerEntry>4294967295</containerEntry>
          <containerEntry>4294967295</containerEntry>
          <containerEntry>4294967295</containerEntry>
          <containerEntry>4294967295</containerEntry>
          <containerEntry>4294967295</containerEntry>
          <containerEntry>4294967295</containerEntry>
          <containerEntry>4294967295</containerEntry>
          <containerEntry>4294967295</containerEntry>
          <containerEntry>4294967295</containerEntry>
          <containerEntry>4294967295</containerEntry>
          <containerEntry>4294967295</containerEntry>
          <containerEntry>4294967295</containerEntry>
          <containerEntry>4294967295</containerEntry>
          <containerEntry>4294967295</containerEntry>
          <containerEntry>4294967295</containerEntry>
          <containerEntry>4294967295</containerEntry>
          <containerEntry>4294967295</containerEntry>
          <containerEntry>4294967295</containerEntry>
          <containerEntry>4294967295</containerEntry>
          <containerEntry>4294967295</containerEntry>
          <containerEntry>4294967295</containerEntry>
          <containerEntry>4294967295</containerEntry>
          <containerEntry>4294967295</containerEntry>
          <containerEntry>4294967295</containerEntry>
          <containerEntry>4294967295</containerEntry>
          <containerEntry>4294967295</containerEntry>
          <containerEntry>4294967295</containerEntry>
          <containerEntry>4294967295</containerEntry>
          <containerEntry>4294967295</containerEntry>
          <containerEntry>4294967295</containerEntry>
          <containerEntry>4294967295</containerEntry>
          <containerEntry>4294967295</containerEntry>
          <containerEntry>4294967295</containerEntry>
          <containerEntry>4294967295</containerEntry>
          <containerEntry>4294967295</containerEntry>
          <containerEntry>4294967295</containerEntry>
          <containerEntry>4294967295</containerEntry>
          <containerEntry>4294967295</containerEntry>
          <containerEntry>4294967295</containerEntry>
          <containerEntry>4294967295</containerEntry>
          <containerEntry>4294967295</containerEntry>
          <containerEntry>4294967295</containerEntry>
          <containerEntry>4294967295</containerEntry>
          <containerEntry>4294967295</containerEntry>
          <containerEntry>4294967295</containerEntry>
          <containerEntry>4294967295</containerEntry>
          <containerEntry>4294967295</containerEntry>
          <containerEntry>4294967295</containerEntry>
          <containerEntry>4294967295</containerEntry>
          <containerEntry>4294967295</containerEntry>
          <containerEntry>4294967295</containerEntry>
          <containerEntry>4294967295</containerEntry>
          <containerEntry>4294967295</containerEntry>
          <containerEntry>4294967295</containerEntry>
          <containerEntry>4294967295</containerEntry>
          <containerEntry>4294967295</containerEntry>
          <containerEntry>4294967295</containerEntry>
          <containerEntry>4294967295</containerEntry>
          <containerEntry>4294967295</containerEntry>
          <containerEntry>4294967295</containerEntry>
          <containerEntry>4294967295</containerEntry>
          <containerEntry>4294967295</containerEntry>
        </property>
      </staticProperties>
      <dynamicProperties></dynamicProperties>
    </entity>
    <entity class="StaticModelArray" classVersion="4" classID="0xD0" addr="0x2F53650" id="0x0">
      <staticProperties>
        <property name="name" type="String" container="StaticArray" arraySize="1">
          <containerEntry>StaticModelArray0002</containerEntry>
        </property>
        <property name="dataSet" type="EntityHandle" container="StaticArray" arraySize="1">
          <containerEntry>0x2D75800</containerEntry>
        </property>
        <property name="modelFile" type="FilePtr" container="StaticArray" arraySize="1">
          <containerEntry>/Assets/tpp/environ/object/middle_africa/mud/mafr_mudd003/scenes/mafr_mudd003_grnd001.fmdl</containerEntry>
        </property>
        <property name="geomFile" type="FilePtr" container="StaticArray" arraySize="1">
          <containerEntry>/Assets/tpp/environ/object/middle_africa/mud/mafr_mudd003/scenes/mafr_mudd003_grnd001.geom</containerEntry>
        </property>
        <property name="isVisibleGeom" type="Bool" container="StaticArray" arraySize="1">
          <containerEntry>false</containerEntry>
        </property>
        <property name="lodFarSize" type="Float" container="StaticArray" arraySize="1">
          <containerEntry>-1</containerEntry>
        </property>
        <property name="lodNearSize" type="Float" container="StaticArray" arraySize="1">
          <containerEntry>-1</containerEntry>
        </property>
        <property name="lodPolygonSize" type="Float" container="StaticArray" arraySize="1">
          <containerEntry>-1</containerEntry>
        </property>
        <property name="drawRejectionLevel" type="Int32" container="StaticArray" arraySize="1">
          <containerEntry>8</containerEntry>
        </property>
        <property name="drawMode" type="Int32" container="StaticArray" arraySize="1">
          <containerEntry>0</containerEntry>
        </property>
        <property name="rejectFarRangeShadowCast" type="Int32" container="StaticArray" arraySize="1">
          <containerEntry>2</containerEntry>
        </property>
        <property name="parentLocator" type="EntityLink" container="StaticArray" arraySize="1">
          <containerEntry packagePathHash="0xB8A0BF169F98" archivePathHash="0xB8A0BF169F98" nameInArchiveHash="0xB8A0BF169F98">0x0</containerEntry>
        </property>
        <property name="transforms" type="Matrix4" container="DynamicArray" arraySize="28">
          <containerEntry r11="0.8889139" r12="0.0093173245" r13="-0.45797962" r14="0" r21="-0.009497344" r22="0.9999531" r23="0.0019096199" r24="0" r31="0.45797592" r32="0.0026520996" r33="0.8889607" r34="0" r41="-519.2831" r42="-3.92077" r43="57.389847" r44="1"></containerEntry>
          <containerEntry r11="0.45704925" r12="0" r13="-0.88944083" r14="0" r21="0" r22="1" r23="0" r24="0" r31="0.88944083" r32="0" r33="0.45704925" r34="0" r41="-529.13354" r42="-3.92077" r43="55.798203" r44="1"></containerEntry>
          <containerEntry r11="-0.714252" r12="0" r13="0.6998872" r14="0" r21="0" r22="1" r23="0" r24="0" r31="-0.6998872" r32="0" r33="-0.714252" r34="0" r41="-526.3744" r42="-3.92077" r43="50.336548" r44="1"></containerEntry>
          <containerEntry r11="-0.025715828" r12="0" r13="0.99966985" r14="0" r21="0" r22="1" r23="0" r24="0" r31="-0.99966985" r32="0" r33="-0.025715828" r34="0" r41="-533.7668" r42="-3.92077" r43="97.3846" r44="1"></containerEntry>
          <containerEntry r11="-0.45767915" r12="0" r13="0.88911635" r14="0" r21="0" r22="1" r23="0" r24="0" r31="-0.88911635" r32="0" r33="-0.45767915" r34="0" r41="-530.0797" r42="-3.92077" r43="106.30365" r44="1"></containerEntry>
          <containerEntry r11="0.41768962" r12="0" r13="-0.90858954" r14="0" r21="0" r22="1" r23="0" r24="0" r31="0.90858954" r32="0" r33="0.41768962" r34="0" r41="-522.8286" r42="-3.92077" r43="99.12367" r44="1"></containerEntry>
          <containerEntry r11="-0.22135937" r12="0" r13="-0.9751918" r14="0" r21="0" r22="1" r23="0" r24="0" r31="0.9751918" r32="0" r33="-0.22135937" r34="0" r41="-518.2226" r42="-3.92077" r43="110.07277" r44="1"></containerEntry>
          <containerEntry r11="0.530031" r12="0.0066525713" r13="-0.8479517" r14="0" r21="-0.009496966" r22="0.9999531" r23="0.0019088048" r24="0" r31="0.84792465" r32="0.007041251" r33="0.53006935" r34="0" r41="-524.6262" r42="-3.92077" r43="87.22731" r44="1"></containerEntry>
          <containerEntry r11="0.530031" r12="0.0066525713" r13="-0.8479517" r14="0" r21="-0.009496966" r22="0.9999531" r23="0.0019088048" r24="0" r31="0.84792465" r32="0.007041251" r33="0.53006935" r34="0" r41="-522.54285" r42="-3.92077" r43="76.63464" r44="1"></containerEntry>
          <containerEntry r11="0.8889139" r12="0.0093173245" r13="-0.45797962" r14="0" r21="-0.009497344" r22="0.9999531" r23="0.0019096199" r24="0" r31="0.45797592" r32="0.0026520996" r33="0.8889607" r34="0" r41="-513.25934" r42="-3.92077" r43="45.286148" r44="1"></containerEntry>
          <containerEntry r11="0.8889139" r12="0.0093173245" r13="-0.45797962" r14="0" r21="-0.009497344" r22="0.9999531" r23="0.0019096199" r24="0" r31="0.45797592" r32="0.0026520996" r33="0.8889607" r34="0" r41="-513.4123" r42="-3.92077" r43="35.21071" r44="1"></containerEntry>
          <containerEntry r11="-0.61096215" r12="0" r13="0.7916598" r14="0" r21="0" r22="1" r23="0" r24="0" r31="-0.7916598" r32="0" r33="-0.61096215" r34="0" r41="-529.9894" r42="-3.791978" r43="67.47864" r44="1"></containerEntry>
          <containerEntry r11="-0.45767915" r12="0" r13="0.88911635" r14="0" r21="0" r22="1" r23="0" r24="0" r31="-0.88911635" r32="0" r33="-0.45767915" r34="0" r41="-530.99976" r42="-3.92077" r43="114.58243" r44="1"></containerEntry>
          <containerEntry r11="0.69010925" r12="0" r13="-0.7237048" r14="0" r21="0" r22="1" r23="0" r24="0" r31="0.7237048" r32="0" r33="0.69010925" r34="0" r41="-537.9678" r42="-3.92077" r43="53.63054" r44="1"></containerEntry>
          <containerEntry r11="0.69010925" r12="0" r13="-0.7237048" r14="0" r21="0" r22="1" r23="0" r24="0" r31="0.7237048" r32="0" r33="0.69010925" r34="0" r41="-531.89624" r42="-3.932276" r43="45.30803" r44="1"></containerEntry>
          <containerEntry r11="0.28875476" r12="0" r13="-0.9574028" r14="0" r21="0" r22="1" r23="0" r24="0" r31="0.9574028" r32="0" r33="0.28875476" r34="0" r41="-517.0198" r42="-3.92077" r43="14.976395" r44="1"></containerEntry>
          <containerEntry r11="0.988486" r12="0" r13="-0.1513125" r14="0" r21="0" r22="1" r23="0" r24="0" r31="0.1513125" r32="0" r33="0.988486" r34="0" r41="-551.7899" r42="-3.92077" r43="15.369736" r44="1"></containerEntry>
          <containerEntry r11="0.9519444" r12="0" r13="-0.3062708" r14="0" r21="0" r22="1" r23="0" r24="0" r31="0.3062708" r32="0" r33="0.9519444" r34="0" r41="-541.01917" r42="-3.92077" r43="20.497894" r44="1"></containerEntry>
          <containerEntry r11="0.69010925" r12="0" r13="-0.7237048" r14="0" r21="0" r22="1" r23="0" r24="0" r31="0.7237048" r32="0" r33="0.69010925" r34="0" r41="-546.2661" r42="-3.92077" r43="48.630768" r44="1"></containerEntry>
          <containerEntry r11="-0.4676504" r12="0" r13="0.883913" r14="0" r21="0" r22="1" r23="0" r24="0" r31="-0.883913" r32="0" r33="-0.4676504" r34="0" r41="-531.12354" r42="-3.921978" r43="71.1732" r44="1"></containerEntry>
          <containerEntry r11="-0.924981" r12="0" r13="0.38001198" r14="0" r21="0" r22="1" r23="0" r24="0" r31="-0.38001198" r32="0" r33="-0.924981" r34="0" r41="-545.8477" r42="-3.92077" r43="34.970398" r44="1"></containerEntry>
          <containerEntry r11="0.23739487" r12="0" r13="0.97141296" r14="0" r21="0" r22="1" r23="0" r24="0" r31="-0.97141296" r32="0" r33="0.23739487" r34="0" r41="-526.8366" r42="-3.932276" r43="45.30803" r44="1"></containerEntry>
          <containerEntry r11="0.9344354" r12="0.009554869" r13="-0.3560043" r14="0" r21="-0.00949695" r22="0.9999531" r23="0.0019104634" r24="0" r31="0.35600585" r32="0.0015957523" r33="0.93448234" r34="0" r41="-514.9082" r42="-3.92077" r43="46.222763" r44="1"></containerEntry>
          <containerEntry r11="-0.45767915" r12="0" r13="0.88911635" r14="0" r21="0" r22="1" r23="0" r24="0" r31="-0.88911635" r32="0" r33="-0.45767915" r34="0" r41="-543.50696" r42="-3.92077" r43="121.38655" r44="1"></containerEntry>
          <containerEntry r11="0.988486" r12="0" r13="-0.1513125" r14="0" r21="0" r22="1" r23="0" r24="0" r31="0.1513125" r32="0" r33="0.988486" r34="0" r41="-545.4934" r42="-3.92077" r43="12.48645" r44="1"></containerEntry>
          <containerEntry r11="0.45704925" r12="0" r13="-0.88944083" r14="0" r21="0" r22="1" r23="0" r24="0" r31="0.88944083" r32="0" r33="0.45704925" r34="0" r41="-520.4348" r42="-3.92077" r43="65.357895" r44="1"></containerEntry>
          <containerEntry r11="0.8677426" r12="0" r13="-0.49701375" r14="0" r21="0" r22="1" r23="0" r24="0" r31="0.49701375" r32="0" r33="0.8677426" r34="0" r41="-554.45496" r42="-3.958643" r43="57.430805" r44="1"></containerEntry>
          <containerEntry r11="-0.5804144" r12="0" r13="-0.81432045" r14="0" r21="0" r22="1" r23="0" r24="0" r31="0.81432045" r32="0" r33="-0.5804144" r34="0" r41="-556.88275" r42="-3.958643" r43="65.74857" r44="1"></containerEntry>
        </property>
        <property name="colors" type="UInt32" container="DynamicArray" arraySize="28">
          <containerEntry>4294967295</containerEntry>
          <containerEntry>4294967295</containerEntry>
          <containerEntry>4294967295</containerEntry>
          <containerEntry>4294967295</containerEntry>
          <containerEntry>4294967295</containerEntry>
          <containerEntry>4294967295</containerEntry>
          <containerEntry>4294967295</containerEntry>
          <containerEntry>4294967295</containerEntry>
          <containerEntry>4294967295</containerEntry>
          <containerEntry>4294967295</containerEntry>
          <containerEntry>4294967295</containerEntry>
          <containerEntry>4294967295</containerEntry>
          <containerEntry>4294967295</containerEntry>
          <containerEntry>4294967295</containerEntry>
          <containerEntry>4294967295</containerEntry>
          <containerEntry>4294967295</containerEntry>
          <containerEntry>4294967295</containerEntry>
          <containerEntry>4294967295</containerEntry>
          <containerEntry>4294967295</containerEntry>
          <containerEntry>4294967295</containerEntry>
          <containerEntry>4294967295</containerEntry>
          <containerEntry>4294967295</containerEntry>
          <containerEntry>4294967295</containerEntry>
          <containerEntry>4294967295</containerEntry>
          <containerEntry>4294967295</containerEntry>
          <containerEntry>4294967295</containerEntry>
          <containerEntry>4294967295</containerEntry>
          <containerEntry>4294967295</containerEntry>
        </property>
      </staticProperties>
      <dynamicProperties></dynamicProperties>
    </entity>
    <entity class="TexturePackLoadConditioner" classVersion="0" classID="0x48" addr="0x2F55A30" id="0x0">
      <staticProperties>
        <property name="name" type="String" container="StaticArray" arraySize="1">
          <containerEntry>TexturePackLoadConditioner0000</containerEntry>
        </property>
        <property name="dataSet" type="EntityHandle" container="StaticArray" arraySize="1">
          <containerEntry>0x2D75800</containerEntry>
        </property>
        <property name="texturePackPath" type="Path" container="StaticArray" arraySize="1">
          <containerEntry hash="0xB8A0BF169F98"></containerEntry>
        </property>
      </staticProperties>
      <dynamicProperties></dynamicProperties>
    </entity>
  </entities>
</fox>