<fox formatVersion="2" fileVersion="0">
  <entities>
    <entity class="DataSet" classVersion="0" classID="0xE8" addr="0x3352FC0" id="0x95FC">
      <staticProperties>
        <property name="name" type="String" container="StaticArray" arraySize="1">
          <containerEntry hash="0xB8A0BF169F98"></containerEntry>
        </property>
        <property name="dataSet" type="EntityHandle" container="StaticArray" arraySize="1">
          <containerEntry>0x0</containerEntry>
        </property>
        <property name="dataList" type="EntityPtr" container="StringMap" arraySize="13">
          <containerEntry key="afgh_clff022_vrtn002_0004">
            <data>0x3353030</data>
          </containerEntry>
          <containerEntry key="afgh_clff022_vrtn001_0003">
            <data>0x33531F0</data>
          </containerEntry>
          <containerEntry key="StaticModelArray0000">
            <data>0x317C480</data>
          </containerEntry>
          <containerEntry key="StaticModelArray0001">
            <data>0x317C4F0</data>
          </containerEntry>
          <containerEntry key="StaticModelArray0002">
            <data>0x317C560</data>
          </containerEntry>
          <containerEntry key="StaticModelArray0003">
            <data>0x317C5D0</data>
          </containerEntry>
          <containerEntry key="StaticModelArray0004">
            <data>0x317BA70</data>
          </containerEntry>
          <containerEntry key="StaticModelArray0005">
            <data>0x317C170</data>
          </containerEntry>
          <containerEntry key="StaticModelArray0006">
            <data>0x317BBC0</data>
          </containerEntry>
          <containerEntry key="StaticModelArray0007">
            <data>0x317C250</data>
          </containerEntry>
          <containerEntry key="StaticModelArray0008">
            <data>0x317C090</data>
          </containerEntry>
          <containerEntry key="StaticModelArray0009">
            <data>0x3179000</data>
          </containerEntry>
          <containerEntry key="TexturePackLoadConditioner0000">
            <data>0x317C800</data>
          </containerEntry>
        </property>
      </staticProperties>
      <dynamicProperties></dynamicProperties>
    </entity>
    <entity class="StaticModel" classVersion="9" classID="0x160" addr="0x3353030" id="0x95FE">
      <staticProperties>
        <property name="name" type="String" container="StaticArray" arraySize="1">
          <containerEntry>afgh_clff022_vrtn002_0004</containerEntry>
        </property>
        <property name="dataSet" type="EntityHandle" container="StaticArray" arraySize="1">
          <containerEntry>0x3352FC0</containerEntry>
        </property>
        <property name="parent" type="EntityHandle" container="StaticArray" arraySize="1">
          <containerEntry>0x0</containerEntry>
        </property>
        <property name="transform" type="EntityPtr" container="StaticArray" arraySize="1">
          <containerEntry>0x33530A0</containerEntry>
        </property>
        <property name="shearTransform" type="EntityPtr" container="StaticArray" arraySize="1">
          <containerEntry>0x0</containerEntry>
        </property>
        <property name="pivotTransform" type="EntityPtr" container="StaticArray" arraySize="1">
          <containerEntry>0x0</containerEntry>
        </property>
        <property name="children" type="EntityHandle" container="List"></property>
        <property name="flags" type="UInt32" container="StaticArray" arraySize="1">
          <containerEntry>3221225479</containerEntry>
        </property>
        <property name="modelFile" type="FilePtr" container="StaticArray" arraySize="1">
          <containerEntry>/Assets/tpp/environ/object/afghanistan/cliff/afgh_clff022/scenes/afgh_clff022_vrtn002.fmdl</containerEntry>
        </property>
        <property name="geomFile" type="FilePtr" container="StaticArray" arraySize="1">
          <containerEntry>/Assets/tpp/environ/object/afghanistan/cliff/afgh_clff022/scenes/afgh_clff022_vrtn002.geom</containerEntry>
        </property>
        <property name="isVisibleGeom" type="Bool" container="StaticArray" arraySize="1">
          <containerEntry>false</containerEntry>
        </property>
        <property name="isIsolated" type="Bool" container="StaticArray" arraySize="1">
          <containerEntry>false</containerEntry>
        </property>
        <property name="lodFarSize" type="Float" container="StaticArray" arraySize="1">
          <containerEntry>-1</containerEntry>
        </property>
        <property name="lodNearSize" type="Float" container="StaticArray" arraySize="1">
          <containerEntry>-1</containerEntry>
        </property>
        <property name="lodPolygonSize" type="Float" container="StaticArray" arraySize="1">
          <containerEntry>-1</containerEntry>
        </property>
        <property name="color" type="Color" container="StaticArray" arraySize="1">
          <containerEntry r="1" g="1" b="1" a="1"></containerEntry>
        </property>
        <property name="drawRejectionLevel" type="Int32" container="StaticArray" arraySize="1">
          <containerEntry>8</containerEntry>
        </property>
        <property name="drawMode" type="Int32" container="StaticArray" arraySize="1">
          <containerEntry>0</containerEntry>
        </property>
        <property name="rejectFarRangeShadowCast" type="Int32" container="StaticArray" arraySize="1">
          <containerEntry>2</containerEntry>
        </property>
      </staticProperties>
      <dynamicProperties></dynamicProperties>
    </entity>
    <entity class="TransformEntity" classVersion="0" classID="0x50" addr="0x33530A0" id="0x9601">
      <staticProperties>
        <property name="owner" type="EntityHandle" container="StaticArray" arraySize="1">
          <containerEntry>0x3353030</containerEntry>
        </property>
        <property name="transform_scale" type="Vector3" container="StaticArray" arraySize="1">
          <containerEntry x="1" y="1" z="1" w="0"></containerEntry>
        </property>
        <property name="transform_rotation_quat" type="Quat" container="StaticArray" arraySize="1">
          <containerEntry x="0" y="-0.993888" z="0" w="0.110384"></containerEntry>
        </property>
        <property name="transform_translation" type="Vector3" container="StaticArray" arraySize="1">
          <containerEntry x="-1123.3269" y="335.01938" z="1088.649" w="0"></containerEntry>
        </property>
      </staticProperties>
      <dynamicProperties></dynamicProperties>
    </entity>
    <entity class="StaticModel" classVersion="9" classID="0x160" addr="0x33531F0" id="0x9607">
      <staticProperties>
        <property name="name" type="String" container="StaticArray" arraySize="1">
          <containerEntry>afgh_clff022_vrtn001_0003</containerEntry>
        </property>
        <property name="dataSet" type="EntityHandle" container="StaticArray" arraySize="1">
          <containerEntry>0x3352FC0</containerEntry>
        </property>
        <property name="parent" type="EntityHandle" container="StaticArray" arraySize="1">
          <containerEntry>0x0</containerEntry>
        </property>
        <property name="transform" type="EntityPtr" container="StaticArray" arraySize="1">
          <containerEntry>0x3353260</containerEntry>
        </property>
        <property name="shearTransform" type="EntityPtr" container="StaticArray" arraySize="1">
          <containerEntry>0x0</containerEntry>
        </property>
        <property name="pivotTransform" type="EntityPtr" container="StaticArray" arraySize="1">
          <containerEntry>0x0</containerEntry>
        </property>
        <property name="children" type="EntityHandle" container="List"></property>
        <property name="flags" type="UInt32" container="StaticArray" arraySize="1">
          <containerEntry>3221225479</containerEntry>
        </property>
        <property name="modelFile" type="FilePtr" container="StaticArray" arraySize="1">
          <containerEntry>/Assets/tpp/environ/object/afghanistan/cliff/afgh_clff022/scenes/afgh_clff022_vrtn001.fmdl</containerEntry>
        </property>
        <property name="geomFile" type="FilePtr" container="StaticArray" arraySize="1">
          <containerEntry>/Assets/tpp/environ/object/afghanistan/cliff/afgh_clff022/scenes/afgh_clff022_vrtn001.geom</containerEntry>
        </property>
        <property name="isVisibleGeom" type="Bool" container="StaticArray" arraySize="1">
          <containerEntry>false</containerEntry>
        </property>
        <property name="isIsolated" type="Bool" container="StaticArray" arraySize="1">
          <containerEntry>false</containerEntry>
        </property>
        <property name="lodFarSize" type="Float" container="StaticArray" arraySize="1">
          <containerEntry>-1</containerEntry>
        </property>
        <property name="lodNearSize" type="Float" container="StaticArray" arraySize="1">
          <containerEntry>-1</containerEntry>
        </property>
        <property name="lodPolygonSize" type="Float" container="StaticArray" arraySize="1">
          <containerEntry>-1</containerEntry>
        </property>
        <property name="color" type="Color" container="StaticArray" arraySize="1">
          <containerEntry r="1" g="1" b="1" a="1"></containerEntry>
        </property>
        <property name="drawRejectionLevel" type="Int32" container="StaticArray" arraySize="1">
          <containerEntry>8</containerEntry>
        </property>
        <property name="drawMode" type="Int32" container="StaticArray" arraySize="1">
          <containerEntry>0</containerEntry>
        </property>
        <property name="rejectFarRangeShadowCast" type="Int32" container="StaticArray" arraySize="1">
          <containerEntry>2</containerEntry>
        </property>
      </staticProperties>
      <dynamicProperties></dynamicProperties>
    </entity>
    <entity class="TransformEntity" classVersion="0" classID="0x50" addr="0x3353260" id="0x960A">
      <staticProperties>
        <property name="owner" type="EntityHandle" container="StaticArray" arraySize="1">
          <containerEntry>0x33531F0</containerEntry>
        </property>
        <property name="transform_scale" type="Vector3" container="StaticArray" arraySize="1">
          <containerEntry x="1" y="1" z="1" w="0"></containerEntry>
        </property>
        <property name="transform_rotation_quat" type="Quat" container="StaticArray" arraySize="1">
          <containerEntry x="-0.010122" y="-0.84747" z="0.008753" w="0.530673"></containerEntry>
        </property>
        <property name="transform_translation" type="Vector3" container="StaticArray" arraySize="1">
          <containerEntry x="-1028.9995" y="327.01547" z="1082.7993" w="0"></containerEntry>
        </property>
      </staticProperties>
      <dynamicProperties></dynamicProperties>
    </entity>
    <entity class="StaticModelArray" classVersion="4" classID="0xD0" addr="0x317C480" id="0x0">
      <staticProperties>
        <property name="name" type="String" container="StaticArray" arraySize="1">
          <containerEntry>StaticModelArray0000</containerEntry>
        </property>
        <property name="dataSet" type="EntityHandle" container="StaticArray" arraySize="1">
          <containerEntry>0x3352FC0</containerEntry>
        </property>
        <property name="modelFile" type="FilePtr" container="StaticArray" arraySize="1">
          <containerEntry>/Assets/tpp/environ/object/afghanistan/cliff/afgh_clff030/scenes/afgh_clff030_vrtn011.fmdl</containerEntry>
        </property>
        <property name="geomFile" type="FilePtr" container="StaticArray" arraySize="1">
          <containerEntry>/Assets/tpp/environ/object/afghanistan/cliff/afgh_clff030/scenes/afgh_clff030_vrtn011.geom</containerEntry>
        </property>
        <property name="isVisibleGeom" type="Bool" container="StaticArray" arraySize="1">
          <containerEntry>false</containerEntry>
        </property>
        <property name="lodFarSize" type="Float" container="StaticArray" arraySize="1">
          <containerEntry>-1</containerEntry>
        </property>
        <property name="lodNearSize" type="Float" container="StaticArray" arraySize="1">
          <containerEntry>-1</containerEntry>
        </property>
        <property name="lodPolygonSize" type="Float" container="StaticArray" arraySize="1">
          <containerEntry>-1</containerEntry>
        </property>
        <property name="drawRejectionLevel" type="Int32" container="StaticArray" arraySize="1">
          <containerEntry>8</containerEntry>
        </property>
        <property name="drawMode" type="Int32" container="StaticArray" arraySize="1">
          <containerEntry>0</containerEntry>
        </property>
        <property name="rejectFarRangeShadowCast" type="Int32" container="StaticArray" arraySize="1">
          <containerEntry>2</containerEntry>
        </property>
        <property name="parentLocator" type="EntityLink" container="StaticArray" arraySize="1">
          <containerEntry packagePathHash="0xB8A0BF169F98" archivePathHash="0xB8A0BF169F98" nameInArchiveHash="0xB8A0BF169F98">0x0</containerEntry>
        </property>
        <property name="transforms" type="Matrix4" container="DynamicArray" arraySize="2">
          <containerEntry r11="0.6510927" r12="0.11071231" r13="0.75087976" r14="0" r21="0.056423716" r22="0.9795066" r23="-0.19334702" r24="0" r31="-0.75689757" r32="0.16825424" r33="0.63150287" r34="0" r41="-1054.2255" r42="318.73422" r43="1085.2023" r44="1"></containerEntry>
          <containerEntry r11="0.75973845" r12="0.02011343" r13="-0.64991754" r14="0" r21="0.008072168" r22="0.99915266" r23="0.040357612" r24="0" r31="0.6501786" r32="-0.03590747" r33="0.75893235" r34="0" r41="-1083.6084" r42="308.20682" r43="1035.6925" r44="1"></containerEntry>
        </property>
        <property name="colors" type="UInt32" container="DynamicArray" arraySize="2">
          <containerEntry>4294967295</containerEntry>
          <containerEntry>4294967295</containerEntry>
        </property>
      </staticProperties>
      <dynamicProperties></dynamicProperties>
    </entity>
    <entity class="StaticModelArray" classVersion="4" classID="0xD0" addr="0x317C4F0" id="0x0">
      <staticProperties>
        <property name="name" type="String" container="StaticArray" arraySize="1">
          <containerEntry>StaticModelArray0001</containerEntry>
        </property>
        <property name="dataSet" type="EntityHandle" container="StaticArray" arraySize="1">
          <containerEntry>0x3352FC0</containerEntry>
        </property>
        <property name="modelFile" type="FilePtr" container="StaticArray" arraySize="1">
          <containerEntry>/Assets/tpp/environ/object/afghanistan/cliff/afgh_clff035/scenes/afgh_clff035_vrtn003.fmdl</containerEntry>
        </property>
        <property name="geomFile" type="FilePtr" container="StaticArray" arraySize="1">
          <containerEntry>/Assets/tpp/environ/object/afghanistan/cliff/afgh_clff035/scenes/afgh_clff035_vrtn003.geom</containerEntry>
        </property>
        <property name="isVisibleGeom" type="Bool" container="StaticArray" arraySize="1">
          <containerEntry>false</containerEntry>
        </property>
        <property name="lodFarSize" type="Float" container="StaticArray" arraySize="1">
          <containerEntry>-1</containerEntry>
        </property>
        <property name="lodNearSize" type="Float" container="StaticArray" arraySize="1">
          <containerEntry>-1</containerEntry>
        </property>
        <property name="lodPolygonSize" type="Float" container="StaticArray" arraySize="1">
          <containerEntry>-1</containerEntry>
        </property>
        <property name="drawRejectionLevel" type="Int32" container="StaticArray" arraySize="1">
          <containerEntry>8</containerEntry>
        </property>
        <property name="drawMode" type="Int32" container="StaticArray" arraySize="1">
          <containerEntry>0</containerEntry>
        </property>
        <property name="rejectFarRangeShadowCast" type="Int32" container="StaticArray" arraySize="1">
          <containerEntry>2</containerEntry>
        </property>
        <property name="parentLocator" type="EntityLink" container="StaticArray" arraySize="1">
          <containerEntry packagePathHash="0xB8A0BF169F98" archivePathHash="0xB8A0BF169F98" nameInArchiveHash="0xB8A0BF169F98">0x0</containerEntry>
        </property>
        <property name="transforms" type="Matrix4" container="DynamicArray" arraySize="3">
          <containerEntry r11="-0.90056765" r12="0" r13="-0.43471545" r14="0" r21="0" r22="1" r23="0" r24="0" r31="0.43471545" r32="0" r33="-0.90056765" r34="0" r41="-1084.9572" r42="335.2964" r43="1085.0963" r44="1"></containerEntry>
          <containerEntry r11="-0.73728144" r12="0" r13="-0.67558724" r14="0" r21="0" r22="1" r23="0" r24="0" r31="0.67558724" r32="0" r33="-0.73728144" r34="0" r41="-1062.8036" r42="333.30844" r43="1101.2015" r44="1"></containerEntry>
          <containerEntry r11="-0.8298303" r12="0" r13="0.55801374" r14="0" r21="0" r22="1" r23="0" r24="0" r31="-0.55801374" r32="0" r33="-0.8298303" r34="0" r41="-1046.4349" r42="331.89325" r43="1097.1628" r44="1"></containerEntry>
        </property>
        <property name="colors" type="UInt32" container="DynamicArray" arraySize="3">
          <containerEntry>4294967295</containerEntry>
          <containerEntry>4294967295</containerEntry>
          <containerEntry>4294967295</containerEntry>
        </property>
      </staticProperties>
      <dynamicProperties></dynamicProperties>
    </entity>
    <entity class="StaticModelArray" classVersion="4" classID="0xD0" addr="0x317C560" id="0x0">
      <staticProperties>
        <property name="name" type="String" container="StaticArray" arraySize="1">
          <containerEntry>StaticModelArray0002</containerEntry>
        </property>
        <property name="dataSet" type="EntityHandle" container="StaticArray" arraySize="1">
          <containerEntry>0x3352FC0</containerEntry>
        </property>
        <property name="modelFile" type="FilePtr" container="StaticArray" arraySize="1">
          <containerEntry>/Assets/tpp/environ/object/afghanistan/cliff/afgh_clff022/scenes/afgh_clff022_vrtn003.fmdl</containerEntry>
        </property>
        <property name="geomFile" type="FilePtr" container="StaticArray" arraySize="1">
          <containerEntry>/Assets/tpp/environ/object/afghanistan/cliff/afgh_clff022/scenes/afgh_clff022_vrtn003.geom</containerEntry>
        </property>
        <property name="isVisibleGeom" type="Bool" container="StaticArray" arraySize="1">
          <containerEntry>false</containerEntry>
        </property>
        <property name="lodFarSize" type="Float" container="StaticArray" arraySize="1">
          <containerEntry>-1</containerEntry>
        </property>
        <property name="lodNearSize" type="Float" container="StaticArray" arraySize="1">
          <containerEntry>-1</containerEntry>
        </property>
        <property name="lodPolygonSize" type="Float" container="StaticArray" arraySize="1">
          <containerEntry>-1</containerEntry>
        </property>
        <property name="drawRejectionLevel" type="Int32" container="StaticArray" arraySize="1">
          <containerEntry>8</containerEntry>
        </property>
        <property name="drawMode" type="Int32" container="StaticArray" arraySize="1">
          <containerEntry>0</containerEntry>
        </property>
        <property name="rejectFarRangeShadowCast" type="Int32" container="StaticArray" arraySize="1">
          <containerEntry>2</containerEntry>
        </property>
        <property name="parentLocator" type="EntityLink" container="StaticArray" arraySize="1">
          <containerEntry packagePathHash="0xB8A0BF169F98" archivePathHash="0xB8A0BF169F98" nameInArchiveHash="0xB8A0BF169F98">0x0</containerEntry>
        </property>
        <property name="transforms" type="Matrix4" container="DynamicArray" arraySize="2">
          <containerEntry r11="-0.7582462" r12="-0.034106683" r13="0.6510715" r14="0" r21="-0.039697994" r22="0.9991931" r23="0.0061102263" r24="0" r31="-0.6507545" r32="-0.0212132" r33="-0.75898826" r34="0" r41="-1063.0284" r42="345.41888" r43="1128.6333" r44="1"></containerEntry>
          <containerEntry r11="0.27584678" r12="0" r13="-0.9612003" r14="0" r21="0" r22="1" r23="0" r24="0" r31="0.9612003" r32="0" r33="0.27584678" r34="0" r41="-1141.6167" r42="333.7777" r43="1081.2712" r44="1"></containerEntry>
        </property>
        <property name="colors" type="UInt32" container="DynamicArray" arraySize="2">
          <containerEntry>4294967295</containerEntry>
          <containerEntry>4294967295</containerEntry>
        </property>
      </staticProperties>
      <dynamicProperties></dynamicProperties>
    </entity>
    <entity class="StaticModelArray" classVersion="4" classID="0xD0" addr="0x317C5D0" id="0x0">
      <staticProperties>
        <property name="name" type="String" container="StaticArray" arraySize="1">
          <containerEntry>StaticModelArray0003</containerEntry>
        </property>
        <property name="dataSet" type="EntityHandle" container="StaticArray" arraySize="1">
          <containerEntry>0x3352FC0</containerEntry>
        </property>
        <property name="modelFile" type="FilePtr" container="StaticArray" arraySize="1">
          <containerEntry>/Assets/tpp/environ/object/afghanistan/rock/afgh_rock010/scenes/afgh_rock010_vrtn001.fmdl</containerEntry>
        </property>
        <property name="geomFile" type="FilePtr" container="StaticArray" arraySize="1">
          <containerEntry>/Assets/tpp/environ/object/afghanistan/rock/afgh_rock010/scenes/afgh_rock010_vrtn001.geom</containerEntry>
        </property>
        <property name="isVisibleGeom" type="Bool" container="StaticArray" arraySize="1">
          <containerEntry>false</containerEntry>
        </property>
        <property name="lodFarSize" type="Float" container="StaticArray" arraySize="1">
          <containerEntry>-1</containerEntry>
        </property>
        <property name="lodNearSize" type="Float" container="StaticArray" arraySize="1">
          <containerEntry>-1</containerEntry>
        </property>
        <property name="lodPolygonSize" type="Float" container="StaticArray" arraySize="1">
          <containerEntry>-1</containerEntry>
        </property>
        <property name="drawRejectionLevel" type="Int32" container="StaticArray" arraySize="1">
          <containerEntry>8</containerEntry>
        </property>
        <property name="drawMode" type="Int32" container="StaticArray" arraySize="1">
          <containerEntry>0</containerEntry>
        </property>
        <property name="rejectFarRangeShadowCast" type="Int32" container="StaticArray" arraySize="1">
          <containerEntry>2</containerEntry>
        </property>
        <property name="parentLocator" type="EntityLink" container="StaticArray" arraySize="1">
          <containerEntry packagePathHash="0xB8A0BF169F98" archivePathHash="0xB8A0BF169F98" nameInArchiveHash="0xB8A0BF169F98">0x0</containerEntry>
        </property>
        <property name="transforms" type="Matrix4" container="DynamicArray" arraySize="5">
          <containerEntry r11="0.031407118" r12="0.9962571" r13="0.080471665" r14="0" r21="-0.068835914" r22="-0.07815957" r23="0.9945562" r24="0" r31="0.9971287" r32="-0.03677073" r33="0.06612909" r34="0" r41="-1032.9274" r42="337.70187" r43="1130.2972" r44="1"></containerEntry>
          <containerEntry r11="0.72200036" r12="0.603829" r13="-0.3377908" r14="0" r21="0.68197596" r22="-0.5387147" r23="0.49464804" r24="0" r31="0.11670868" r32="-0.5875018" r33="-0.800749" r34="0" r41="-1081.1262" r42="313.84015" r43="1059.5271" r44="1"></containerEntry>
          <containerEntry r11="-0.8878616" r12="0.08350332" r13="0.4524435" r14="0" r21="0.46007138" r22="0.153654" r23="0.87447935" r24="0" r31="0.0035050511" r32="0.9845846" r33="-0.17483115" r34="0" r41="-1081.3097" r42="342.90372" r43="1140.569" r44="1"></containerEntry>
          <containerEntry r11="-0.994884" r12="0.082120754" r13="-0.058635782" r14="0" r21="0.08672727" r22="0.99294215" r23="-0.080896355" r24="0" r31="0.05157863" r32="-0.08556881" r33="-0.9949843" r34="0" r41="-1024.1368" r42="337.70187" r43="1125.9814" r44="1"></containerEntry>
          <containerEntry r11="0.014196932" r12="-0.8406166" r13="-0.54143316" r14="0" r21="0.9997289" r22="0.021745242" r23="-0.0075490475" r24="0" r31="0.018116176" r32="-0.54118264" r33="0.84070873" r34="0" r41="-1099.0833" r42="317.52582" r43="1065.0374" r44="1"></containerEntry>
        </property>
        <property name="colors" type="UInt32" container="DynamicArray" arraySize="5">
          <containerEntry>4294967295</containerEntry>
          <containerEntry>4294967295</containerEntry>
          <containerEntry>4294967295</containerEntry>
          <containerEntry>4294967295</containerEntry>
          <containerEntry>4294967295</containerEntry>
        </property>
      </staticProperties>
      <dynamicProperties></dynamicProperties>
    </entity>
    <entity class="StaticModelArray" classVersion="4" classID="0xD0" addr="0x317BA70" id="0x0">
      <staticProperties>
        <property name="name" type="String" container="StaticArray" arraySize="1">
          <containerEntry>StaticModelArray0004</containerEntry>
        </property>
        <property name="dataSet" type="EntityHandle" container="StaticArray" arraySize="1">
          <containerEntry>0x3352FC0</containerEntry>
        </property>
        <property name="modelFile" type="FilePtr" container="StaticArray" arraySize="1">
          <containerEntry>/Assets/tpp/environ/object/afghanistan/rock/afgh_rock001/scenes/afgh_rock001.fmdl</containerEntry>
        </property>
        <property name="geomFile" type="FilePtr" container="StaticArray" arraySize="1">
          <containerEntry>/Assets/tpp/environ/object/afghanistan/rock/afgh_rock001/scenes/afgh_rock001.geom</containerEntry>
        </property>
        <property name="isVisibleGeom" type="Bool" container="StaticArray" arraySize="1">
          <containerEntry>false</containerEntry>
        </property>
        <property name="lodFarSize" type="Float" container="StaticArray" arraySize="1">
          <containerEntry>-1</containerEntry>
        </property>
        <property name="lodNearSize" type="Float" container="StaticArray" arraySize="1">
          <containerEntry>-1</containerEntry>
        </property>
        <property name="lodPolygonSize" type="Float" container="StaticArray" arraySize="1">
          <containerEntry>-1</containerEntry>
        </property>
        <property name="drawRejectionLevel" type="Int32" container="StaticArray" arraySize="1">
          <containerEntry>8</containerEntry>
        </property>
        <property name="drawMode" type="Int32" container="StaticArray" arraySize="1">
          <containerEntry>0</containerEntry>
        </property>
        <property name="rejectFarRangeShadowCast" type="Int32" container="StaticArray" arraySize="1">
          <containerEntry>2</containerEntry>
        </property>
        <property name="parentLocator" type="EntityLink" container="StaticArray" arraySize="1">
          <containerEntry packagePathHash="0xB8A0BF169F98" archivePathHash="0xB8A0BF169F98" nameInArchiveHash="0xB8A0BF169F98">0x0</containerEntry>
        </property>
        <property name="transforms" type="Matrix4" container="DynamicArray" arraySize="11">
          <containerEntry r11="-0.32187796" r12="0.38638276" r13="0.86433554" r14="0" r21="0.16317774" r22="-0.8766116" r23="0.45264423" r24="0" r31="0.9325988" r32="0.28674406" r33="0.21913756" r34="0" r41="-1040" r42="306.91364" r43="1044" r44="1"></containerEntry>
          <containerEntry r11="-0.67929536" r12="-0.030312285" r13="0.73321366" r14="0" r21="0.34203565" r22="-0.8970399" r23="0.27980286" r24="0" r31="0.6492555" r32="0.44086188" r33="0.61975783" r34="0" r41="-1030" r42="311.0792" r43="1052" r44="1"></containerEntry>
          <containerEntry r11="0.9847532" r12="0.029252704" r13="0.17147917" r14="0" r21="-0.013748727" r22="-0.9695675" r23="0.24435468" r24="0" r31="0.1734122" r32="-0.24298666" r33="-0.9543822" r34="0" r41="-1048.8021" r42="310.3571" r43="1052.6581" r44="1"></containerEntry>
          <containerEntry r11="-0.045118183" r12="0.8884266" r13="-0.45677364" r14="0" r21="0.98126405" r22="0.12514156" r23="0.14643587" r24="0" r31="0.18725629" r32="-0.44161147" r33="-0.8774268" r34="0" r41="-1057.7446" r42="317.5368" r43="1072.9532" r44="1"></containerEntry>
          <containerEntry r11="0.9812717" r12="0.043016236" r13="0.18776348" r14="0" r21="-0.045174886" r22="-0.8961536" r23="0.44139555" r24="0" r31="0.18725586" r32="-0.44161114" r33="-0.8774265" r34="0" r41="-1046" r42="317.26413" r43="1080" r44="1"></containerEntry>
          <containerEntry r11="0.9812717" r12="0.043016236" r13="0.18776348" r14="0" r21="-0.045174886" r22="-0.8961536" r23="0.44139555" r24="0" r31="0.18725586" r32="-0.44161114" r33="-0.8774265" r34="0" r41="-1050" r42="314.03125" r43="1066" r44="1"></containerEntry>
          <containerEntry r11="-0.9880107" r12="0.073304236" r13="0.6128903" r14="0" r21="0.018457187" r22="-1.1527059" r23="0.16762415" r24="0" r31="0.61698246" r32="0.15187171" r33="0.97646713" r34="0" r41="-1046" r42="334.35352" r43="1110" r44="1"></containerEntry>
          <containerEntry r11="0.7843107" r12="-0.47058952" r13="0.40422493" r14="0" r21="-0.59142876" r22="-0.7638643" r23="0.25823855" r24="0" r31="0.18725473" r32="-0.4416114" r33="-0.877426" r34="0" r41="-1068" r42="321.14752" r43="1082" r44="1"></containerEntry>
          <containerEntry r11="0.98137444" r12="0.045102607" r13="0.18673392" r14="0" r21="-0.042889703" r22="-0.8960508" r23="0.4418325" r24="0" r31="0.18725456" r32="-0.4416121" r33="-0.87742656" r34="0" r41="-1054" r42="296.36603" r43="1274" r44="1"></containerEntry>
          <containerEntry r11="0.29995066" r12="-0.26064128" r13="-0.91765016" r14="0" r21="-0.13798474" r22="-0.9636686" r23="0.2286134" r24="0" r31="-0.9439152" r32="0.058051817" r33="-0.32500428" r34="0" r41="-1092" r42="299.61237" r43="1264" r44="1"></containerEntry>
          <containerEntry r11="0.1375159" r12="0.29395226" r13="-0.9458661" r14="0" r21="-0.07799259" r22="-0.94874805" r23="-0.30618942" r24="0" r31="-0.9874147" r32="0.1158744" r33="-0.10752337" r34="0" r41="-1080" r42="296.85785" r43="1272" r44="1"></containerEntry>
        </property>
        <property name="colors" type="UInt32" container="DynamicArray" arraySize="11">
          <containerEntry>4294967295</containerEntry>
          <containerEntry>4294967295</containerEntry>
          <containerEntry>4294967295</containerEntry>
          <containerEntry>4294967295</containerEntry>
          <containerEntry>4294967295</containerEntry>
          <containerEntry>4294967295</containerEntry>
          <containerEntry>4294967295</containerEntry>
          <containerEntry>4294967295</containerEntry>
          <containerEntry>4294967295</containerEntry>
          <containerEntry>4294967295</containerEntry>
          <containerEntry>4294967295</containerEntry>
        </property>
      </staticProperties>
      <dynamicProperties></dynamicProperties>
    </entity>
    <entity class="StaticModelArray" classVersion="4" classID="0xD0" addr="0x317C170" id="0x0">
      <staticProperties>
        <property name="name" type="String" container="StaticArray" arraySize="1">
          <containerEntry>StaticModelArray0005</containerEntry>
        </property>
        <property name="dataSet" type="EntityHandle" container="StaticArray" arraySize="1">
          <containerEntry>0x3352FC0</containerEntry>
        </property>
        <property name="modelFile" type="FilePtr" container="StaticArray" arraySize="1">
          <containerEntry>/Assets/tpp/environ/object/afghanistan/rock/afgh_rock009/scenes/afgh_rock009_rock002.fmdl</containerEntry>
        </property>
        <property name="geomFile" type="FilePtr" container="StaticArray" arraySize="1">
          <containerEntry>/Assets/tpp/environ/object/afghanistan/rock/afgh_rock009/scenes/afgh_rock009_rock002.geom</containerEntry>
        </property>
        <property name="isVisibleGeom" type="Bool" container="StaticArray" arraySize="1">
          <containerEntry>false</containerEntry>
        </property>
        <property name="lodFarSize" type="Float" container="StaticArray" arraySize="1">
          <containerEntry>-1</containerEntry>
        </property>
        <property name="lodNearSize" type="Float" container="StaticArray" arraySize="1">
          <containerEntry>-1</containerEntry>
        </property>
        <property name="lodPolygonSize" type="Float" container="StaticArray" arraySize="1">
          <containerEntry>-1</containerEntry>
        </property>
        <property name="drawRejectionLevel" type="Int32" container="StaticArray" arraySize="1">
          <containerEntry>8</containerEntry>
        </property>
        <property name="drawMode" type="Int32" container="StaticArray" arraySize="1">
          <containerEntry>0</containerEntry>
        </property>
        <property name="rejectFarRangeShadowCast" type="Int32" container="StaticArray" arraySize="1">
          <containerEntry>2</containerEntry>
        </property>
        <property name="parentLocator" type="EntityLink" container="StaticArray" arraySize="1">
          <containerEntry packagePathHash="0xB8A0BF169F98" archivePathHash="0xB8A0BF169F98" nameInArchiveHash="0xB8A0BF169F98">0x0</containerEntry>
        </property>
        <property name="transforms" type="Matrix4" container="DynamicArray" arraySize="7">
          <containerEntry r11="0.15400968" r12="-0.95412713" r13="-0.25671104" r14="0" r21="-0.8541152" r22="-0.25915295" r23="0.45088184" r24="0" r31="-0.49673578" r32="0.14982839" r33="-0.8548432" r34="0" r41="-1078.3054" r42="308.64142" r43="1029.4539" r44="1"></containerEntry>
          <containerEntry r11="0.8556819" r12="-0.08014391" r13="-0.5112551" r14="0" r21="-0.145114" r22="-0.9854337" r23="-0.08839454" r24="0" r31="-0.4967361" r32="0.14982864" r33="-0.85484445" r34="0" r41="-1053.5215" r42="316.2907" r43="1068.4735" r44="1"></containerEntry>
          <containerEntry r11="0.8556819" r12="-0.08014328" r13="-0.5112552" r14="0" r21="0.023244634" r22="-0.98096156" r23="0.19267908" r24="0" r31="-0.5169763" r32="-0.17675576" r33="-0.83752465" r34="0" r41="-1054" r42="317.25528" r43="1076" r44="1"></containerEntry>
          <containerEntry r11="0.8556819" r12="-0.08014391" r13="-0.5112551" r14="0" r21="-0.145114" r22="-0.9854337" r23="-0.08839454" r24="0" r31="-0.4967361" r32="0.14982864" r33="-0.85484445" r34="0" r41="-1076" r42="317.9016" r43="1072" r44="1"></containerEntry>
          <containerEntry r11="0.94953144" r12="0.1193627" r13="0.2900712" r14="0" r21="0.049974114" r22="-0.97049505" r23="0.23577379" r24="0" r31="0.30966324" r32="-0.20937823" r33="-0.9274793" r34="0" r41="-1048" r42="319.6477" r43="1088" r44="1"></containerEntry>
          <containerEntry r11="0.47670478" r12="0.23062174" r13="0.8482642" r14="0" r21="0.049973533" r22="-0.97049516" r23="0.23577371" r24="0" r31="0.8776339" r32="-0.07000146" r33="-0.47415105" r34="0" r41="-1078" r42="299.10562" r43="1266" r44="1"></containerEntry>
          <containerEntry r11="0.47670478" r12="0.23062174" r13="0.8482642" r14="0" r21="0.049973533" r22="-0.97049516" r23="0.23577371" r24="0" r31="0.8776339" r32="-0.07000146" r33="-0.47415105" r34="0" r41="-1102" r42="298.91663" r43="1264" r44="1"></containerEntry>
        </property>
        <property name="colors" type="UInt32" container="DynamicArray" arraySize="7">
          <containerEntry>4294967295</containerEntry>
          <containerEntry>4294967295</containerEntry>
          <containerEntry>4294967295</containerEntry>
          <containerEntry>4294967295</containerEntry>
          <containerEntry>4294967295</containerEntry>
          <containerEntry>4294967295</containerEntry>
          <containerEntry>4294967295</containerEntry>
        </property>
      </staticProperties>
      <dynamicProperties></dynamicProperties>
    </entity>
    <entity class="StaticModelArray" classVersion="4" classID="0xD0" addr="0x317BBC0" id="0x0">
      <staticProperties>
        <property name="name" type="String" container="StaticArray" arraySize="1">
          <containerEntry>StaticModelArray0006</containerEntry>
        </property>
        <property name="dataSet" type="EntityHandle" container="StaticArray" arraySize="1">
          <containerEntry>0x3352FC0</containerEntry>
        </property>
        <property name="modelFile" type="FilePtr" container="StaticArray" arraySize="1">
          <containerEntry>/Assets/tpp/environ/object/afghanistan/cliff/afgh_clff025/scenes/afgh_clff025.fmdl</containerEntry>
        </property>
        <property name="geomFile" type="FilePtr" container="StaticArray" arraySize="1">
          <containerEntry>/Assets/tpp/environ/object/afghanistan/cliff/afgh_clff025/scenes/afgh_clff025.geom</containerEntry>
        </property>
        <property name="isVisibleGeom" type="Bool" container="StaticArray" arraySize="1">
          <containerEntry>false</containerEntry>
        </property>
        <property name="lodFarSize" type="Float" container="StaticArray" arraySize="1">
          <containerEntry>-1</containerEntry>
        </property>
        <property name="lodNearSize" type="Float" container="StaticArray" arraySize="1">
          <containerEntry>-1</containerEntry>
        </property>
        <property name="lodPolygonSize" type="Float" container="StaticArray" arraySize="1">
          <containerEntry>-1</containerEntry>
        </property>
        <property name="drawRejectionLevel" type="Int32" container="StaticArray" arraySize="1">
          <containerEntry>8</containerEntry>
        </property>
        <property name="drawMode" type="Int32" container="StaticArray" arraySize="1">
          <containerEntry>0</containerEntry>
        </property>
        <property name="rejectFarRangeShadowCast" type="Int32" container="StaticArray" arraySize="1">
          <containerEntry>2</containerEntry>
        </property>
        <property name="parentLocator" type="EntityLink" container="StaticArray" arraySize="1">
          <containerEntry packagePathHash="0xB8A0BF169F98" archivePathHash="0xB8A0BF169F98" nameInArchiveHash="0xB8A0BF169F98">0x0</containerEntry>
        </property>
        <property name="transforms" type="Matrix4" container="DynamicArray" arraySize="3">
          <containerEntry r11="-0.14368656" r12="-0.027089879" r13="-0.9892449" r14="0" r21="0.037934028" r22="0.9987398" r23="-0.032859836" r24="0" r31="0.98888844" r32="-0.04224805" r33="-0.14247787" r34="0" r41="-1098.5881" r42="309.04837" r43="1045.3821" r44="1"></containerEntry>
          <containerEntry r11="-0.9517028" r12="0.0074504376" r13="-0.30688846" r14="0" r21="0.008276151" r22="0.9999648" r23="-0.001389313" r24="0" r31="0.3068673" r32="-0.003862103" r33="-0.95173097" r34="0" r41="-1114.4226" r42="309.00146" r43="1028.0729" r44="1"></containerEntry>
          <containerEntry r11="-0.99815744" r12="0.01841711" r13="-0.057609733" r14="0" r21="0.018493867" r22="0.99982864" r23="-0.00079940126" r24="0" r31="0.05758514" r32="-0.0018633709" r33="-0.998327" r34="0" r41="-1125.3962" r42="309.36896" r43="1026.5942" r44="1"></containerEntry>
        </property>
        <property name="colors" type="UInt32" container="DynamicArray" arraySize="3">
          <containerEntry>4294967295</containerEntry>
          <containerEntry>4294967295</containerEntry>
          <containerEntry>4294967295</containerEntry>
        </property>
      </staticProperties>
      <dynamicProperties></dynamicProperties>
    </entity>
    <entity class="StaticModelArray" classVersion="4" classID="0xD0" addr="0x317C250" id="0x0">
      <staticProperties>
