<fox formatVersion="2" fileVersion="0">
  <entities>
    <entity class="DataSet" classVersion="0" classID="0xE8" addr="0x3304840" id="0xC66300">
      <staticProperties>
        <property name="name" type="String" container="StaticArray" arraySize="1">
          <containerEntry hash="0xB8A0BF169F98"></containerEntry>
        </property>
        <property name="dataSet" type="EntityHandle" container="StaticArray" arraySize="1">
          <containerEntry>0x0</containerEntry>
        </property>
        <property name="dataList" type="EntityPtr" container="StringMap" arraySize="9">
          <containerEntry key="TppGimmickElectricCableLinkSetData0000">
            <data>0x3174D80</data>
          </containerEntry>
          <containerEntry key="TppGimmickElectricCableLinkSetData0001">
            <data>0x3176590</data>
          </containerEntry>
          <containerEntry key="cypr_utpl001_vrtn001_gim_i0000|TppSharedGimmickData_cypr_utpl001_vrtn001">
            <data>0x3177630</data>
          </containerEntry>
          <containerEntry key="cypr_cabl002_vrtn001_gim_i0000|TppSharedGimmick_cypr_cabl002_vrtn001">
            <data>0x3177940</data>
          </containerEntry>
          <containerEntry key="StaticModelArray0000">
            <data>0x317BFB0</data>
          </containerEntry>
          <containerEntry key="StaticModelArray0001">
            <data>0x317C090</data>
          </containerEntry>
          <containerEntry key="StaticModelArray0002">
            <data>0x317C100</data>
          </containerEntry>
          <containerEntry key="StaticModelArray0003">
            <data>0x317C020</data>
          </containerEntry>
          <containerEntry key="TexturePackLoadConditioner0000">
            <data>0x317C790</data>
          </containerEntry>
        </property>
      </staticProperties>
      <dynamicProperties></dynamicProperties>
    </entity>
    <entity class="TppGimmickElectricCableLinkSetData" classVersion="0" classID="0xB0" addr="0x3174D80" id="0xC663F6">
      <staticProperties>
        <property name="name" type="String" container="StaticArray" arraySize="1">
          <containerEntry>TppGimmickElectricCableLinkSetData0000</containerEntry>
        </property>
        <property name="dataSet" type="EntityHandle" container="StaticArray" arraySize="1">
          <containerEntry>0x3304840</containerEntry>
        </property>
        <property name="electricCableData" type="EntityLink" container="StaticArray" arraySize="1">
          <containerEntry packagePathHash="0xB8A0BF169F98" archivePath="/Assets/tpp/level/location/mafr/block_small/146/146_128/mafr_146_128_asset.fox2" nameInArchive="cypr_cabl002_vrtn001_gim_i0000|TppSharedGimmick_cypr_cabl002_vrtn001">0x0</containerEntry>
        </property>
        <property name="poleData" type="EntityLink" container="StaticArray" arraySize="1">
          <containerEntry packagePathHash="0xB8A0BF169F98" archivePath="/Assets/tpp/level/location/mafr/block_small/146/146_128/mafr_146_128_asset.fox2" nameInArchive="cypr_utpl001_vrtn001_gim_i0000|TppSharedGimmickData_cypr_utpl001_vrtn001">0x0</containerEntry>
        </property>
        <property name="electricCable" type="String" container="DynamicArray" arraySize="15">
          <containerEntry>cypr_cabl002_vrtn001_gim_n0001|srt_cypr_cabl002_vrtn001</containerEntry>
          <containerEntry>cypr_cabl002_vrtn001_gim_n0002|srt_cypr_cabl002_vrtn001</containerEntry>
          <containerEntry>cypr_cabl002_vrtn001_gim_n0003|srt_cypr_cabl002_vrtn001</containerEntry>
          <containerEntry>cypr_cabl002_vrtn001_gim_n0004|srt_cypr_cabl002_vrtn001</containerEntry>
          <containerEntry>cypr_cabl002_vrtn001_gim_n0004|srt_cypr_cabl002_vrtn001</containerEntry>
          <containerEntry>cypr_cabl002_vrtn001_gim_n0005|srt_cypr_cabl002_vrtn001</containerEntry>
          <containerEntry>cypr_cabl002_vrtn001_gim_n0005|srt_cypr_cabl002_vrtn001</containerEntry>
          <containerEntry>cypr_cabl002_vrtn001_gim_n0006|srt_cypr_cabl002_vrtn001</containerEntry>
          <containerEntry>cypr_cabl002_vrtn001_gim_n0006|srt_cypr_cabl002_vrtn001</containerEntry>
          <containerEntry>cypr_cabl002_vrtn001_gim_n0007|srt_cypr_cabl002_vrtn001</containerEntry>
          <containerEntry>cypr_cabl002_vrtn001_gim_n0007|srt_cypr_cabl002_vrtn001</containerEntry>
          <containerEntry>cypr_cabl002_vrtn001_gim_n0008|srt_cypr_cabl002_vrtn001</containerEntry>
          <containerEntry>cypr_cabl002_vrtn001_gim_n0008|srt_cypr_cabl002_vrtn001</containerEntry>
          <containerEntry>cypr_cabl002_vrtn001_gim_n0009|srt_cypr_cabl002_vrtn001</containerEntry>
          <containerEntry>cypr_cabl002_vrtn001_gim_n0009|srt_cypr_cabl002_vrtn001</containerEntry>
        </property>
        <property name="pole" type="String" container="DynamicArray" arraySize="15">
          <containerEntry>cypr_utpl001_vrtn001_gim_n_0002|srt_cypr_utpl001_vrtn001</containerEntry>
          <containerEntry>cypr_utpl001_vrtn001_gim_n_0002|srt_cypr_utpl001_vrtn001</containerEntry>
          <containerEntry>cypr_utpl001_vrtn001_gim_n_0002|srt_cypr_utpl001_vrtn001</containerEntry>
          <containerEntry>cypr_utpl001_vrtn001_gim_n_0001|srt_cypr_utpl001_vrtn001</containerEntry>
          <containerEntry>cypr_utpl001_vrtn001_gim_n_0002|srt_cypr_utpl001_vrtn001</containerEntry>
          <containerEntry>cypr_utpl001_vrtn001_gim_n_0001|srt_cypr_utpl001_vrtn001</containerEntry>
          <containerEntry>cypr_utpl001_vrtn001_gim_n_0002|srt_cypr_utpl001_vrtn001</containerEntry>
          <containerEntry>cypr_utpl001_vrtn001_gim_n_0001|srt_cypr_utpl001_vrtn001</containerEntry>
          <containerEntry>cypr_utpl001_vrtn001_gim_n_0002|srt_cypr_utpl001_vrtn001</containerEntry>
          <containerEntry>cypr_utpl001_vrtn001_gim_n_0000|srt_cypr_utpl001_vrtn001</containerEntry>
          <containerEntry>cypr_utpl001_vrtn001_gim_n_0001|srt_cypr_utpl001_vrtn001</containerEntry>
          <containerEntry>cypr_utpl001_vrtn001_gim_n_0000|srt_cypr_utpl001_vrtn001</containerEntry>
          <containerEntry>cypr_utpl001_vrtn001_gim_n_0001|srt_cypr_utpl001_vrtn001</containerEntry>
          <containerEntry>cypr_utpl001_vrtn001_gim_n_0000|srt_cypr_utpl001_vrtn001</containerEntry>
          <containerEntry>cypr_utpl001_vrtn001_gim_n_0001|srt_cypr_utpl001_vrtn001</containerEntry>
        </property>
        <property name="cnpIndex" type="UInt8" container="DynamicArray" arraySize="15">
          <containerEntry>0</containerEntry>
          <containerEntry>1</containerEntry>
          <containerEntry>2</containerEntry>
          <containerEntry>0</containerEntry>
          <containerEntry>0</containerEntry>
          <containerEntry>1</containerEntry>
          <containerEntry>1</containerEntry>
          <containerEntry>2</containerEntry>
          <containerEntry>2</containerEntry>
          <containerEntry>0</containerEntry>
          <containerEntry>0</containerEntry>
          <containerEntry>1</containerEntry>
          <containerEntry>1</containerEntry>
          <containerEntry>2</containerEntry>
          <containerEntry>2</containerEntry>
        </property>
      </staticProperties>
      <dynamicProperties></dynamicProperties>
    </entity>
    <entity class="TppGimmickElectricCableLinkSetData" classVersion="0" classID="0xB0" addr="0x3176590" id="0xC66466">
      <staticProperties>
        <property name="name" type="String" container="StaticArray" arraySize="1">
          <containerEntry>TppGimmickElectricCableLinkSetData0001</containerEntry>
        </property>
        <property name="dataSet" type="EntityHandle" container="StaticArray" arraySize="1">
          <containerEntry>0x3304840</containerEntry>
        </property>
        <property name="electricCableData" type="EntityLink" container="StaticArray" arraySize="1">
          <containerEntry packagePath="/Assets/tpp/pack/location/mafr/pack_small/146/mafr_146_127.fpk" archivePath="/Assets/tpp/level/location/mafr/block_small/146/146_127/mafr_146_127_asset.fox2" nameInArchive="cypr_cabl002_vrtn001_gim_i0000|TppSharedGimmick_cypr_cabl002_vrtn001">0x0</containerEntry>
        </property>
        <property name="poleData" type="EntityLink" container="StaticArray" arraySize="1">
          <containerEntry packagePathHash="0xB8A0BF169F98" archivePath="/Assets/tpp/level/location/mafr/block_small/146/146_128/mafr_146_128_asset.fox2" nameInArchive="cypr_utpl001_vrtn001_gim_i0000|TppSharedGimmickData_cypr_utpl001_vrtn001">0x0</containerEntry>
        </property>
        <property name="electricCable" type="String" container="DynamicArray" arraySize="3">
          <containerEntry>cypr_cabl002_vrtn001_gim_n0001|srt_cypr_cabl002_vrtn001</containerEntry>
          <containerEntry>cypr_cabl002_vrtn001_gim_n0002|srt_cypr_cabl002_vrtn001</containerEntry>
          <containerEntry>cypr_cabl002_vrtn001_gim_n0003|srt_cypr_cabl002_vrtn001</containerEntry>
        </property>
        <property name="pole" type="String" container="DynamicArray" arraySize="3">
          <containerEntry>cypr_utpl001_vrtn001_gim_n_0000|srt_cypr_utpl001_vrtn001</containerEntry>
          <containerEntry>cypr_utpl001_vrtn001_gim_n_0000|srt_cypr_utpl001_vrtn001</containerEntry>
          <containerEntry>cypr_utpl001_vrtn001_gim_n_0000|srt_cypr_utpl001_vrtn001</containerEntry>
        </property>
        <property name="cnpIndex" type="UInt8" container="DynamicArray" arraySize="3">
          <containerEntry>0</containerEntry>
          <containerEntry>1</containerEntry>
          <containerEntry>2</containerEntry>
        </property>
      </staticProperties>
      <dynamicProperties></dynamicProperties>
    </entity>
    <entity class="TppSharedGimmickData" classVersion="1" classID="0xF0" addr="0x3177630" id="0xC619">
      <staticProperties>
        <property name="name" type="String" container="StaticArray" arraySize="1">
          <containerEntry>cypr_utpl001_vrtn001_gim_i0000|TppSharedGimmickData_cypr_utpl001_vrtn001</containerEntry>
        </property>
        <property name="dataSet" type="EntityHandle" container="StaticArray" arraySize="1">
          <containerEntry>0x3304840</containerEntry>
        </property>
        <property name="modelFile" type="FilePtr" container="StaticArray" arraySize="1">
          <containerEntry>/Assets/tpp/environ/object/cyprus/utility_pole/cypr_utpl001/scenes/cypr_utpl001_vrtn001.fmdl</containerEntry>
        </property>
        <property name="geomFile" type="FilePtr" container="StaticArray" arraySize="1">
          <containerEntry>/Assets/tpp/environ/object/cyprus/utility_pole/cypr_utpl001/scenes/cypr_utpl001_vrtn001.geom</containerEntry>
        </property>
        <property name="breakedModelFile" type="FilePtr" container="StaticArray" arraySize="1">
          <containerEntry hash="0xB8A0BF169F98"></containerEntry>
        </property>
        <property name="breakedGeomFile" type="FilePtr" container="StaticArray" arraySize="1">
          <containerEntry hash="0xB8A0BF169F98"></containerEntry>
        </property>
        <property name="partsFile" type="FilePtr" container="StaticArray" arraySize="1">
          <containerEntry>/Assets/tpp/parts/environ/object/cyprus/utility_pole/cypr_utpl001/cypr_utpl001_vrtn001.parts</containerEntry>
        </property>
        <property name="numDynamicGimmick" type="UInt32" container="StaticArray" arraySize="1">
          <containerEntry>2</containerEntry>
        </property>
        <property name="locaterFile" type="FilePtr" container="StaticArray" arraySize="1">
          <containerEntry>/Assets/tpp/level/location/mafr/block_small/146/146_128/lba/cypr_utpl001_vrtn001.lba</containerEntry>
        </property>
        <property name="flags1" type="UInt32" container="StaticArray" arraySize="1">
          <containerEntry>284</containerEntry>
        </property>
        <property name="flags2" type="UInt32" container="StaticArray" arraySize="1">
          <containerEntry>0</containerEntry>
        </property>
      </staticProperties>
      <dynamicProperties></dynamicProperties>
    </entity>
    <entity class="TppSharedGimmickData" classVersion="1" classID="0xF0" addr="0x3177940" id="0xCF4">
      <staticProperties>
        <property name="name" type="String" container="StaticArray" arraySize="1">
          <containerEntry>cypr_cabl002_vrtn001_gim_i0000|TppSharedGimmick_cypr_cabl002_vrtn001</containerEntry>
        </property>
        <property name="dataSet" type="EntityHandle" container="StaticArray" arraySize="1">
          <containerEntry>0x3304840</containerEntry>
        </property>
        <property name="modelFile" type="FilePtr" container="StaticArray" arraySize="1">
          <containerEntry>/Assets/tpp/environ/object/cyprus/cable/cypr_cabl002/scenes/cypr_cabl002_vrtn001_fl.fmdl</containerEntry>
        </property>
        <property name="geomFile" type="FilePtr" container="StaticArray" arraySize="1">
          <containerEntry hash="0xB8A0BF169F98"></containerEntry>
        </property>
        <property name="breakedModelFile" type="FilePtr" container="StaticArray" arraySize="1">
          <containerEntry hash="0xB8A0BF169F98"></containerEntry>
        </property>
        <property name="breakedGeomFile" type="FilePtr" container="StaticArray" arraySize="1">
          <containerEntry hash="0xB8A0BF169F98"></containerEntry>
        </property>
        <property name="partsFile" type="FilePtr" container="StaticArray" arraySize="1">
          <containerEntry>/Assets/tpp/parts/environ/object/cyprus/cable/cypr_cabl002/cypr_cabl002_vrtn001.parts</containerEntry>
        </property>
        <property name="numDynamicGimmick" type="UInt32" container="StaticArray" arraySize="1">
          <containerEntry>6</containerEntry>
        </property>
        <property name="locaterFile" type="FilePtr" container="StaticArray" arraySize="1">
          <containerEntry>/Assets/tpp/level/location/mafr/block_small/146/146_128/lba/cypr_cabl002_vrtn001_scl.lba</containerEntry>
        </property>
        <property name="flags1" type="UInt32" container="StaticArray" arraySize="1">
          <containerEntry>274</containerEntry>
        </property>
        <property name="flags2" type="UInt32" container="StaticArray" arraySize="1">
          <containerEntry>0</containerEntry>
        </property>
      </staticProperties>
      <dynamicProperties></dynamicProperties>
    </entity>
    <entity class="StaticModelArray" classVersion="4" classID="0xD0" addr="0x317BFB0" id="0x0">
      <staticProperties>
        <property name="name" type="String" container="StaticArray" arraySize="1">
          <containerEntry>StaticModelArray0000</containerEntry>
        </property>
        <property name="dataSet" type="EntityHandle" container="StaticArray" arraySize="1">
          <containerEntry>0x3304840</containerEntry>
        </property>
        <property name="modelFile" type="FilePtr" container="StaticArray" arraySize="1">
          <containerEntry>/Assets/tpp/environ/object/middle_africa/cliff/mafr_clff003/scenes/mafr_clff003_vrtn001.fmdl</containerEntry>
        </property>
        <property name="geomFile" type="FilePtr" container="StaticArray" arraySize="1">
          <containerEntry>/Assets/tpp/environ/object/middle_africa/cliff/mafr_clff003/scenes/mafr_clff003_vrtn001.geom</containerEntry>
        </property>
        <property name="isVisibleGeom" type="Bool" container="StaticArray" arraySize="1">
          <containerEntry>false</containerEntry>
        </property>
        <property name="lodFarSize" type="Float" container="StaticArray" arraySize="1">
          <containerEntry>-1</containerEntry>
        </property>
        <property name="lodNearSize" type="Float" container="StaticArray" arraySize="1">
          <containerEntry>-1</containerEntry>
        </property>
        <property name="lodPolygonSize" type="Float" container="StaticArray" arraySize="1">
          <containerEntry>-1</containerEntry>
        </property>
        <property name="drawRejectionLevel" type="Int32" container="StaticArray" arraySize="1">
          <containerEntry>8</containerEntry>
        </property>
        <property name="drawMode" type="Int32" container="StaticArray" arraySize="1">
          <containerEntry>0</containerEntry>
        </property>
        <property name="rejectFarRangeShadowCast" type="Int32" container="StaticArray" arraySize="1">
          <containerEntry>2</containerEntry>
        </property>
        <property name="parentLocator" type="EntityLink" container="StaticArray" arraySize="1">
          <containerEntry packagePathHash="0xB8A0BF169F98" archivePathHash="0xB8A0BF169F98" nameInArchiveHash="0xB8A0BF169F98">0x0</containerEntry>
        </property>
        <property name="transforms" type="Matrix4" container="DynamicArray" arraySize="10">
          <containerEntry r11="-0.6501564" r12="0.12745187" r13="-0.74903303" r14="0" r21="-0.6164597" r22="0.48779836" r23="0.6180854" r24="0" r31="0.444153" r32="0.8636018" r33="-0.23857564" r34="0" r41="1788.3816" r42="93.53408" r43="-635.12665" r44="1"></containerEntry>
          <containerEntry r11="0.6151431" r12="-0.29491925" r13="0.73117787" r14="0" r21="0.5995241" r22="0.77726287" r23="-0.19087437" r24="0" r31="-0.5120247" r32="0.555774" r33="0.6549393" r34="0" r41="1779.3063" r42="94.41827" r43="-625.9064" r44="1"></containerEntry>
          <containerEntry r11="-0.027034134" r12="-0.18659961" r13="0.98206365" r14="0" r21="0.9420674" r22="0.32381946" r23="0.08746159" r24="0" r31="-0.33433142" r32="0.92753494" r33="0.16703552" r34="0" r41="1774.2494" r42="90.59101" r43="-576.4484" r44="1"></containerEntry>
          <containerEntry r11="0.120865226" r12="-0.14364406" r13="0.9822209" r14="0" r21="0.9319893" r22="0.35706267" r23="-0.062465698" r24="0" r31="-0.34174156" r32="0.92296946" r33="0.17703128" r34="0" r41="1771.6893" r42="94.24697" r43="-596.51587" r44="1"></containerEntry>
          <containerEntry r11="0.4593382" r12="-0.07848638" r13="0.88478696" r14="0" r21="0.7229384" r22="0.61179286" r23="-0.32104403" r24="0" r31="-0.51610863" r32="0.78711444" r33="0.33776075" r34="0" r41="1764.6135" r42="94.25861" r43="-615.0626" r44="1"></containerEntry>
          <containerEntry r11="-0.613232" r12="0.050288297" r13="-0.78830004" r14="0" r21="-0.15570986" r22="0.9706935" r23="0.18305317" r24="0" r31="0.7744032" r32="0.23500025" r33="-0.58742994" r34="0" r41="1758.8843" r42="91.071915" r43="-625.13635" r44="1"></containerEntry>
          <containerEntry r11="0.577001" r12="-0.15572113" r13="0.80176055" r14="0" r21="0.6201314" r22="0.7223629" r23="-0.3059876" r24="0" r31="-0.531513" r32="0.67375237" r33="0.5133718" r34="0" r41="1751.7242" r42="92.49327" r43="-633.8337" r44="1"></containerEntry>
          <containerEntry r11="-0.6117004" r12="0.037059158" r13="-0.790223" r14="0" r21="-0.7119558" r22="0.4096911" r23="0.5703274" r24="0" r31="0.3448836" r32="0.91147184" r33="-0.22422469" r34="0" r41="1669.2166" r42="79.21729" r43="-569.32324" r44="1"></containerEntry>
          <containerEntry r11="-0.9445523" r12="-0.13580899" r13="-0.29894045" r14="0" r21="-0.32771057" r22="0.44644028" r23="0.8326425" r24="0" r31="0.020377904" r32="0.88444537" r33="-0.4661892" r34="0" r41="1685.9963" r42="96.47168" r43="-633.2359" r44="1"></containerEntry>
          <containerEntry r11="-0.3126558" r12="-0.18459696" r13="0.9317537" r14="0" r21="0.028736524" r22="0.9786469" r23="0.20352972" r24="0" r31="-0.94942886" r32="0.09041072" r33="-0.30067492" r34="0" r41="1745.9229" r42="81.81853" r43="-516.6233" r44="1"></containerEntry>
        </property>
        <property name="colors" type="UInt32" container="DynamicArray" arraySize="10">
          <containerEntry>4294967295</containerEntry>
          <containerEntry>4294967295</containerEntry>
          <containerEntry>4294967295</containerEntry>
          <containerEntry>4294967295</containerEntry>
          <containerEntry>4294967295</containerEntry>
          <containerEntry>4294967295</containerEntry>
          <containerEntry>4294967295</containerEntry>
          <containerEntry>4294967295</containerEntry>
          <containerEntry>4294967295</containerEntry>
          <containerEntry>4294967295</containerEntry>
        </property>
      </staticProperties>
      <dynamicProperties></dynamicProperties>
    </entity>
    <entity class="StaticModelArray" classVersion="4" classID="0xD0" addr="0x317C090" id="0x0">
      <staticProperties>
        <property name="name" type="String" container="StaticArray" arraySize="1">
          <containerEntry>StaticModelArray0001</containerEntry>
        </property>
        <property name="dataSet" type="EntityHandle" container="StaticArray" arraySize="1">
          <containerEntry>0x3304840</containerEntry>
        </property>
        <property name="modelFile" type="FilePtr" container="StaticArray" arraySize="1">
          <containerEntry>/Assets/tpp/environ/object/middle_africa/rock/mafr_rock011/scenes/mafr_rock011.fmdl</containerEntry>
        </property>
        <property name="geomFile" type="FilePtr" container="StaticArray" arraySize="1">
          <containerEntry>/Assets/tpp/environ/object/middle_africa/rock/mafr_rock011/scenes/mafr_rock011.geom</containerEntry>
        </property>
        <property name="isVisibleGeom" type="Bool" container="StaticArray" arraySize="1">
          <containerEntry>false</containerEntry>
        </property>
        <property name="lodFarSize" type="Float" container="StaticArray" arraySize="1">
          <containerEntry>-1</containerEntry>
        </property>
        <property name="lodNearSize" type="Float" container="StaticArray" arraySize="1">
          <containerEntry>-1</containerEntry>
        </property>
        <property name="lodPolygonSize" type="Float" container="StaticArray" arraySize="1">
          <containerEntry>-1</containerEntry>
        </property>
        <property name="drawRejectionLevel" type="Int32" container="StaticArray" arraySize="1">
          <containerEntry>8</containerEntry>
        </property>
        <property name="drawMode" type="Int32" container="StaticArray" arraySize="1">
          <containerEntry>0</containerEntry>
        </property>
        <property name="rejectFarRangeShadowCast" type="Int32" container="StaticArray" arraySize="1">
          <containerEntry>2</containerEntry>
        </property>
        <property name="parentLocator" type="EntityLink" container="StaticArray" arraySize="1">
          <containerEntry packagePathHash="0xB8A0BF169F98" archivePathHash="0xB8A0BF169F98" nameInArchiveHash="0xB8A0BF169F98">0x0</containerEntry>
        </property>
        <property name="transforms" type="Matrix4" container="DynamicArray" arraySize="2">
          <containerEntry r11="0.18651205" r12="-0.066437095" r13="0.98020136" r14="0" r21="-0.6325209" r22="0.7553062" r23="0.1715475" r24="0" r31="-0.75174856" r32="-0.6519948" r33="0.09885132" r34="0" r41="1776.4824" r42="94.213844" r43="-587.858" r44="1"></containerEntry>
          <containerEntry r11="0.45593292" r12="-0.06813994" r13="0.88739985" r14="0" r21="-0.49330202" r22="0.8105509" r23="0.31568822" r24="0" r31="-0.7407933" r32="-0.5816897" r33="0.33594352" r34="0" r41="1771.3639" r42="95.76309" r43="-607.2993" r44="1"></containerEntry>
        </property>
        <property name="colors" type="UInt32" container="DynamicArray" arraySize="2">
          <containerEntry>4294967295</containerEntry>
          <containerEntry>4294967295</containerEntry>
        </property>
      </staticProperties>
      <dynamicProperties></dynamicProperties>
    </entity>
    <entity class="StaticModelArray" classVersion="4" classID="0xD0" addr="0x317C100" id="0x0">
      <staticProperties>
        <property name="name" type="String" container="StaticArray" arraySize="1">
          <containerEntry>StaticModelArray0002</containerEntry>
        </property>
        <property name="dataSet" type="EntityHandle" container="StaticArray" arraySize="1">
          <containerEntry>0x3304840</containerEntry>
        </property>
        <property name="modelFile" type="FilePtr" container="StaticArray" arraySize="1">
          <containerEntry>/Assets/tpp/environ/object/middle_africa/rock/mafr_rock002/scenes/mafr_rock002.fmdl</containerEntry>
        </property>
        <property name="geomFile" type="FilePtr" container="StaticArray" arraySize="1">
          <containerEntry>/Assets/tpp/environ/object/middle_africa/rock/mafr_rock002/scenes/mafr_rock002.geom</containerEntry>
        </property>
        <property name="isVisibleGeom" type="Bool" container="StaticArray" arraySize="1">
          <containerEntry>false</containerEntry>
        </property>
        <property name="lodFarSize" type="Float" container="StaticArray" arraySize="1">
          <containerEntry>-1</containerEntry>
        </property>
        <property name="lodNearSize" type="Float" container="StaticArray" arraySize="1">
          <containerEntry>-1</containerEntry>
        </property>
        <property name="lodPolygonSize" type="Float" container="StaticArray" arraySize="1">
          <containerEntry>-1</containerEntry>
        </property>
        <property name="drawRejectionLevel" type="Int32" container="StaticArray" arraySize="1">
          <containerEntry>8</containerEntry>
        </property>
        <property name="drawMode" type="Int32" container="StaticArray" arraySize="1">
          <containerEntry>0</containerEntry>
        </property>
        <property name="rejectFarRangeShadowCast" type="Int32" container="StaticArray" arraySize="1">
          <containerEntry>2</containerEntry>
        </property>
        <property name="parentLocator" type="EntityLink" container="StaticArray" arraySize="1">
          <containerEntry packagePathHash="0xB8A0BF169F98" archivePathHash="0xB8A0BF169F98" nameInArchiveHash="0xB8A0BF169F98">0x0</containerEntry>
        </property>
        <property name="transforms" type="Matrix4" container="DynamicArray" arraySize="9">
          <containerEntry r11="0.5181583" r12="-0.12828678" r13="0.84560704" r14="0" r21="-0.12155702" r22="0.9676047" r23="0.22127989" r24="0" r31="-0.84660065" r32="-0.21744746" r33="0.48577824" r34="0" r41="1702.2926" r42="90.5857" r43="-581.5764" r44="1"></containerEntry>
          <containerEntry r11="0.9143628" r12="-0.065266244" r13="0.39960036" r14="0" r21="-0.02568029" r22="0.9755879" r23="0.2181023" r24="0" r31="-0.40408" r32="-0.20968646" r33="0.8903652" r34="0" r41="1721.7504" r42="96.76804" r43="-609.7317" r44="1"></containerEntry>
          <containerEntry r11="0.83236337" r12="-0.09996224" r13="0.5451398" r14="0" r21="-0.07391692" r22="0.95479107" r23="0.28794095" r24="0" r31="-0.5492778" r32="-0.2799665" r33="0.7873442" r34="0" r41="1714.7184" r42="98.03627" r43="-614.87604" r44="1"></containerEntry>
          <containerEntry r11="0.9622778" r12="0.03965056" r13="0.26916328" r14="0" r21="-0.10836768" r22="0.9633165" r23="0.24551477" r24="0" r31="-0.24955456" r32="-0.2654221" r33="0.931275" r34="0" r41="1690.3712" r42="100.65969" r43="-629.4657" r44="1"></containerEntry>
          <containerEntry r11="-0.96250916" r12="-0.03963436" r13="-0.26830736" r14="0" r21="-0.118572325" r22="0.95121056" r23="0.28484866" r24="0" r31="0.2439269" r32="0.30598572" r33="-0.920248" r34="0" r41="1678.0657" r42="98.92257" r43="-633.3838" r44="1"></containerEntry>
          <containerEntry r11="-0.8947785" r12="-0.002797179" r13="-0.44648695" r14="0" r21="-0.06276575" r22="0.9908387" r23="0.11957823" r24="0" r31="0.44206208" r32="0.13502099" r33="-0.8867567" r34="0" r41="1681.8711" r42="92.52042" r43="-609.9264" r44="1"></containerEntry>
          <containerEntry r11="0.9317574" r12="0.018801669" r13="0.36259365" r14="0" r21="-0.048462726" r22="0.9961626" r23="0.07288013" r24="0" r31="-0.35983193" r32="-0.085478924" r33="0.929093" r34="0" r41="1747.6184" r42="95.32843" r43="-589.0366" r44="1"></containerEntry>
          <containerEntry r11="-0.46800855" r12="-0.027498662" r13="-0.8832897" r14="0" r21="-0.20960557" r22="0.9744481" r23="0.08072332" r24="0" r31="0.8585001" r32="0.2229228" r33="-0.4618138" r34="0" r41="1702.3683" r42="84.782814" r43="-534.4718" r44="1"></containerEntry>
          <containerEntry r11="0.9509175" r12="0.025734525" r13="0.30837202" r14="0" r21="-0.055555705" r22="0.9945418" r23="0.08831777" r24="0" r31="-0.30441606" r32="-0.10111478" r33="0.94715697" r34="0" r41="1679.7936" r42="81.35064" r43="-526.365" r44="1"></containerEntry>
        </property>
        <property name="colors" type="UInt32" container="DynamicArray" arraySize="9">
          <containerEntry>4294967295</containerEntry>
          <containerEntry>4294967295</containerEntry>
          <containerEntry>4294967295</containerEntry>
          <containerEntry>4294967295</containerEntry>
          <containerEntry>4294967295</containerEntry>
          <containerEntry>4294967295</containerEntry>
          <containerEntry>4294967295</containerEntry>
          <containerEntry>4294967295</containerEntry>
          <containerEntry>4294967295</containerEntry>
        </property>
      </staticProperties>
      <dynamicProperties></dynamicProperties>
    </entity>
    <entity class="StaticModelArray" classVersion="4" classID="0xD0" addr="0x317C020" id="0x0">
      <staticProperties>
        <property name="name" type="String" container="StaticArray" arraySize="1">
          <containerEntry>StaticModelArray0003</containerEntry>
        </property>
        <property name="dataSet" type="EntityHandle" container="StaticArray" arraySize="1">
          <containerEntry>0x3304840</containerEntry>
        </property>
        <property name="modelFile" type="FilePtr" container="StaticArray" arraySize="1">
          <containerEntry hash="0xB8A0BF169F98"></containerEntry>
        </property>
        <property name="geomFile" type="FilePtr" container="StaticArray" arraySize="1">
          <containerEntry>/Assets/tpp/environ/object/cyprus/utility_pole/cypr_utpl001/scenes/cypr_utpl001_vrtn001_pc.geom</containerEntry>
        </property>
        <property name="isVisibleGeom" type="Bool" container="StaticArray" arraySize="1">
          <containerEntry>false</containerEntry>
        </property>
        <property name="lodFarSize" type="Float" container="StaticArray" arraySize="1">
          <containerEntry>-1</containerEntry>
        </property>
        <property name="lodNearSize" type="Float" container="StaticArray" arraySize="1">
          <containerEntry>-1</containerEntry>
        </property>
        <property name="lodPolygonSize" type="Float" container="StaticArray" arraySize="1">
          <containerEntry>-1</containerEntry>
        </property>
        <property name="drawRejectionLevel" type="Int32" container="StaticArray" arraySize="1">
          <containerEntry>8</containerEntry>
        </property>
        <property name="drawMode" type="Int32" container="StaticArray" arraySize="1">
          <containerEntry>0</containerEntry>
        </property>
        <property name="rejectFarRangeShadowCast" type="Int32" container="StaticArray" arraySize="1">
          <containerEntry>2</containerEntry>
        </property>
        <property name="parentLocator" type="EntityLink" container="StaticArray" arraySize="1">
          <containerEntry packagePathHash="0xB8A0BF169F98" archivePathHash="0xB8A0BF169F98" nameInArchiveHash="0xB8A0BF169F98">0x0</containerEntry>
        </property>
        <property name="transforms" type="Matrix4" container="DynamicArray" arraySize="3">
          <containerEntry r11="0.8932364" r12="0" r13="-0.44958723" r14="0" r21="0" r22="1" r23="0" r24="0" r31="0.44958723" r32="0" r33="0.8932364" r34="0" r41="1766.7131" r42="97.77621" r43="-635.75684" r44="1"></containerEntry>
          <containerEntry r11="0.9603524" r12="0" r13="-0.27878904" r14="0" r21="0" r22="1" r23="0" r24="0" r31="0.27878904" r32="0" r33="0.9603524" r34="0" r41="1788.5648" r42="97.85149" r43="-592.7724" r44="1"></containerEntry>
          <containerEntry r11="0.99307173" r12="0" r13="-0.11750989" r14="0" r21="0" r22="1" r23="0" r24="0" r31="0.11750989" r32="0" r33="0.99307173" r34="0" r41="1789.9089" r42="89.49303" r43="-554.11835" r44="1"></containerEntry>
        </property>
        <property name="colors" type="UInt32" container="DynamicArray" arraySize="3">
          <containerEntry>4294967295</containerEntry>
          <containerEntry>4294967295</containerEntry>
          <containerEntry>4294967295</containerEntry>
        </property>
      </staticProperties>
      <dynamicProperties></dynamicProperties>
    </entity>
    <entity class="TexturePackLoadConditioner" classVersion="0" classID="0x48" addr="0x317C790" id="0x0">
      <staticProperties>
        <property name="name" type="String" container="StaticArray" arraySize="1">
          <containerEntry>TexturePackLoadConditioner0000</containerEntry>
        </property>
        <property name="dataSet" type="EntityHandle" container="StaticArray" arraySize="1">
          <containerEntry>0x3304840</containerEntry>
        </property>
        <property name="texturePackPath" type="Path" container="StaticArray" arraySize="1">
          <containerEntry hash="0xB8A0BF169F98"></containerEntry>
        </property>
      </staticProperties>
      <dynamicProperties></dynamicProperties>
    </entity>
  </entities>
</fox>