<fox formatVersion="2" fileVersion="0">
  <entities>
    <entity class="DataSet" classVersion="0" classID="0xE8" addr="0x32F47D0" id="0x2D509FD">
      <staticProperties>
        <property name="name" type="String" container="StaticArray" arraySize="1">
          <containerEntry hash="0xB8A0BF169F98"></containerEntry>
        </property>
        <property name="dataSet" type="EntityHandle" container="StaticArray" arraySize="1">
          <containerEntry>0x0</containerEntry>
        </property>
        <property name="dataList" type="EntityPtr" container="StringMap" arraySize="8">
          <containerEntry key="StaticModelArray0000">
            <data>0x317F430</data>
          </containerEntry>
          <containerEntry key="StaticModelArray0001">
            <data>0x317F2E0</data>
          </containerEntry>
          <containerEntry key="StaticModelArray0002">
            <data>0x317F200</data>
          </containerEntry>
          <containerEntry key="StaticModelArray0003">
            <data>0x317C480</data>
          </containerEntry>
          <containerEntry key="StaticModelArray0004">
            <data>0x317EDA0</data>
          </containerEntry>
          <containerEntry key="StaticModelArray0005">
            <data>0x317EE10</data>
          </containerEntry>
          <containerEntry key="StaticModelArray0006">
            <data>0x317EE80</data>
          </containerEntry>
          <containerEntry key="TexturePackLoadConditioner0000">
            <data>0x317F970</data>
          </containerEntry>
        </property>
      </staticProperties>
      <dynamicProperties></dynamicProperties>
    </entity>
    <entity class="StaticModelArray" classVersion="4" classID="0xD0" addr="0x317F430" id="0x0">
      <staticProperties>
        <property name="name" type="String" container="StaticArray" arraySize="1">
          <containerEntry>StaticModelArray0000</containerEntry>
        </property>
        <property name="dataSet" type="EntityHandle" container="StaticArray" arraySize="1">
          <containerEntry>0x32F47D0</containerEntry>
        </property>
        <property name="modelFile" type="FilePtr" container="StaticArray" arraySize="1">
          <containerEntry>/Assets/tpp/environ/object/middle_africa/pipe/mafr_pipe003/scenes/mafr_pipe003.fmdl</containerEntry>
        </property>
        <property name="geomFile" type="FilePtr" container="StaticArray" arraySize="1">
          <containerEntry>/Assets/tpp/environ/object/middle_africa/pipe/mafr_pipe003/scenes/mafr_pipe003.geom</containerEntry>
        </property>
        <property name="isVisibleGeom" type="Bool" container="StaticArray" arraySize="1">
          <containerEntry>false</containerEntry>
        </property>
        <property name="lodFarSize" type="Float" container="StaticArray" arraySize="1">
          <containerEntry>-1</containerEntry>
        </property>
        <property name="lodNearSize" type="Float" container="StaticArray" arraySize="1">
          <containerEntry>-1</containerEntry>
        </property>
        <property name="lodPolygonSize" type="Float" container="StaticArray" arraySize="1">
          <containerEntry>-1</containerEntry>
        </property>
        <property name="drawRejectionLevel" type="Int32" container="StaticArray" arraySize="1">
          <containerEntry>8</containerEntry>
        </property>
        <property name="drawMode" type="Int32" container="StaticArray" arraySize="1">
          <containerEntry>0</containerEntry>
        </property>
        <property name="rejectFarRangeShadowCast" type="Int32" container="StaticArray" arraySize="1">
          <containerEntry>2</containerEntry>
        </property>
        <property name="parentLocator" type="EntityLink" container="StaticArray" arraySize="1">
          <containerEntry packagePathHash="0xB8A0BF169F98" archivePathHash="0xB8A0BF169F98" nameInArchiveHash="0xB8A0BF169F98">0x0</containerEntry>
        </property>
        <property name="transforms" type="Matrix4" container="DynamicArray" arraySize="36">
          <containerEntry r11="0.09487054" r12="0.04784506" r13="0.48857653" r14="0" r21="-0.025930528" r22="0.49741337" r23="-0.04367528" r24="0" r31="-0.49022928" r32="-0.017051192" r33="0.09686124" r34="0" r41="-195.99396" r42="3.284183" r43="260.4099" r44="1"></containerEntry>
          <containerEntry r11="0.08175741" r12="0.015671989" r13="0.4930151" r14="0" r21="-0.036805335" r22="0.4985483" r23="-0.009744408" r24="0" r31="-0.4918901" r32="-0.03469791" r33="0.082673825" r34="0" r41="-227.69049" r42="-1.313708" r43="342.79953" r44="1"></containerEntry>
          <containerEntry r11="0.06575354" r12="-0.012167902" r13="0.4955023" r14="0" r21="-0.03239569" r22="0.49867505" r23="0.01654445" r24="0" r31="-0.49459285" r32="-0.034280177" r33="0.06479106" r34="0" r41="-226.79428" r42="-1.23122" r43="348.16644" r44="1"></containerEntry>
          <containerEntry r11="0.020608341" r12="0.03271847" r13="0.49849617" r14="0" r21="-0.03516818" r22="0.49778372" r23="-0.031217836" r24="0" r31="-0.49833035" r32="-0.03377623" r33="0.022818385" r34="0" r41="-226.26698" r42="-1.330209" r43="352.13098" r44="1"></containerEntry>
          <containerEntry r11="0.08313591" r12="-0.0038570361" r13="0.49301943" r14="0" r21="-0.033577457" r22="0.4987796" r23="0.009563916" r24="0" r31="-0.49189082" r32="-0.034699105" r33="0.082674146" r34="0" r41="-228.35567" r42="-1.282845" r43="338.85477" r44="1"></containerEntry>
          <containerEntry r11="-0.4334266" r12="-0.073916286" r13="0.2380563" r14="0" r21="-0.08594325" r22="0.4925456" r23="-0.0035423916" r24="0" r31="-0.23398395" r32="-0.043989692" r33="-0.43967086" r34="0" r41="-221.24702" r42="-0.095253" r43="334.75662" r44="1"></containerEntry>
          <containerEntry r11="-0.4334266" r12="-0.073916286" r13="0.2380563" r14="0" r21="-0.08594325" r22="0.4925456" r23="-0.0035423916" r24="0" r31="-0.23398395" r32="-0.043989692" r33="-0.43967086" r34="0" r41="-224.70813" r42="-0.685508" r43="336.65762" r44="1"></containerEntry>
          <containerEntry r11="0.09487054" r12="0.04784506" r13="0.48857653" r14="0" r21="-0.025930528" r22="0.49741337" r23="-0.04367528" r24="0" r31="-0.49022928" r32="-0.017051192" r33="0.09686124" r34="0" r41="-196.7479" r42="2.903955" r43="256.52716" r44="1"></containerEntry>
          <containerEntry r11="-0.01688512" r12="0.0059660994" r13="0.49967274" r14="0" r21="-0.02482092" r22="0.49933723" r23="-0.0068009766" r24="0" r31="-0.49909255" r32="-0.025034606" r33="-0.016566597" r34="0" r41="-226.09201" r42="-0.870756" r43="357.47885" r44="1"></containerEntry>
          <containerEntry r11="-0.46274656" r12="-0.17456989" r13="0.07340508" r14="0" r21="-0.1800299" r22="0.46565285" r23="-0.02750729" r24="0" r31="-0.058758803" r32="-0.0518881" r33="-0.49381512" r34="0" r41="-195.23582" r42="3.719512" r43="265.89386" r44="1"></containerEntry>
          <containerEntry r11="-0.09745162" r12="-0.01758466" r13="0.49008897" r14="0" r21="0.0048809275" r22="0.49961895" r23="0.01889715" r24="0" r31="-0.49038106" r32="0.008467299" r33="-0.09720588" r34="0" r41="-229.10025" r42="-0.927251" r43="380.15067" r44="1"></containerEntry>
          <containerEntry r11="-0.4334266" r12="-0.073916286" r13="0.2380563" r14="0" r21="-0.08594325" r22="0.4925456" r23="-0.0035423916" r24="0" r31="-0.23398395" r32="-0.043989692" r33="-0.43967086" r34="0" r41="-217.4847" r42="0.546373" r43="332.6902" r44="1"></containerEntry>
          <containerEntry r11="-0.09000494" r12="-0.03358426" r13="0.49067718" r14="0" r21="0.0022939984" r22="0.49879885" r23="0.034560926" r24="0" r31="-0.49182084" r32="0.008472557" r33="-0.089634806" r34="0" r41="-228.37744" r42="-0.657541" r43="376.21014" r44="1"></containerEntry>
          <containerEntry r11="-0.06982171" r12="-0.02760532" r13="0.49432394" r14="0" r21="0.007123499" r22="0.49911448" r23="0.028878883" r24="0" r31="-0.4950439" r32="0.0110756615" r33="-0.069304876" r34="0" r41="-226.8398" r42="-0.502559" r43="366.86356" r44="1"></containerEntry>
          <containerEntry r11="-0.08952663" r12="0.0103613045" r13="0.49180305" r14="0" r21="0.011032725" r22="0.49980563" r23="-0.00852152" r24="0" r31="-0.49178943" r32="0.009326069" r33="-0.08972064" r34="0" r41="-227.40298" r42="-0.725214" r43="370.85068" r44="1"></containerEntry>
          <containerEntry r11="-0.05610855" r12="0.036614228" r13="0.4954843" r14="0" r21="-9.533018e-06" r22="0.49864033" r23="-0.036848556" r24="0" r31="-0.49683627" r32="-0.0041444586" r33="-0.055955395" r34="0" r41="-226.22983" r42="-0.818186" r43="361.4366" r44="1"></containerEntry>
          <containerEntry r11="-0.43005458" r12="-0.09158318" r13="0.2380296" r14="0" r21="-0.10147655" r22="0.48956844" r23="0.005021684" r24="0" r31="-0.2339838" r32="-0.043989927" r33="-0.43967026" r34="0" r41="-214.0409" r42="1.279755" r43="330.7841" r44="1"></containerEntry>
          <containerEntry r11="-0.4285075" r12="-0.079167165" r13="0.2451671" r14="0" r21="-0.09154292" r22="0.49154678" r23="-0.001275966" r24="0" r31="-0.24082065" r32="-0.045980442" r33="-0.43575823" r34="0" r41="-205.8656" r42="2.589132" r43="326.25986" r44="1"></containerEntry>
          <containerEntry r11="0.08688998" r12="0.06446801" r13="0.48815036" r14="0" r21="-0.18434146" r22="0.4639058" r23="-0.028453708" r24="0" r31="-0.45658118" r32="-0.17502849" r33="0.10438603" r34="0" r41="-202.75388" r42="1.117092" r43="276.07843" r44="1"></containerEntry>
          <containerEntry r11="0.10916999" r12="0.0765799" r13="0.4818859" r14="0" r21="-0.19285293" r22="0.46036854" r23="-0.02947022" r24="0" r31="-0.4482048" r32="-0.17943227" r33="0.13005449" r34="0" r41="-202.0609" r42="1.636665" r43="279.97543" r44="1"></containerEntry>
          <containerEntry r11="0.12215466" r12="0.015676135" r13="0.48459148" r14="0" r21="-0.061408766" r22="0.4962143" r23="-0.0005724225" r24="0" r31="-0.48094136" r32="-0.059376694" r33="0.12315534" r34="0" r41="-201.02727" r42="2.34334" r43="284.76346" r44="1"></containerEntry>
          <containerEntry r11="0.0859359" r12="0.039470352" r13="0.4909722" r14="0" r21="-0.18014836" r22="0.46638075" r23="-0.005961776" r24="0" r31="-0.4584315" r32="-0.17587154" r33="0.094378956" r34="0" r41="-203.56123" r42="0.746273" r43="271.46582" r44="1"></containerEntry>
          <containerEntry r11="-0.47419375" r12="-0.1416055" r13="0.07130413" r14="0" r21="-0.14725512" r22="0.47671294" r23="-0.032568473" r24="0" r31="-0.058759563" r32="-0.05188742" r33="-0.49381384" r34="0" r41="-198.82422" r42="2.365802" r43="266.4631" r44="1"></containerEntry>
          <containerEntry r11="0.06696301" r12="0.0023868014" r13="0.49548632" r14="0" r21="-0.1658448" r22="0.47126397" r23="0.020142935" r24="0" r31="-0.46691445" r32="-0.16704585" r33="0.06390636" r34="0" r41="-204.09396" r42="0.727285" r43="267.52393" r44="1"></containerEntry>
          <containerEntry r11="0.1722783" r12="-0.0108455885" r13="0.46925378" r14="0" r21="-0.043043364" r22="0.49739525" r23="0.02729855" r24="0" r31="-0.46740228" r32="-0.049802553" r33="0.1704475" r34="0" r41="-196.56586" r42="1.652126" r43="297.0802" r44="1"></containerEntry>
          <containerEntry r11="-0.43401176" r12="-0.0705034" r13="0.2380258" r14="0" r21="-0.082939394" r22="0.49304575" r23="-0.0051909667" r24="0" r31="-0.2339837" r32="-0.043989602" r33="-0.4396712" r34="0" r41="-209.28941" r42="1.954973" r43="328.22046" r44="1"></containerEntry>
          <containerEntry r11="0.1828779" r12="0.014819089" r13="0.46511596" r14="0" r21="-0.06056911" r22="0.49625328" r23="0.008003848" r24="0" r31="-0.46139437" r32="-0.059270926" r33="0.18330304" r34="0" r41="-200.06297" r42="2.469176" r43="288.59567" r44="1"></containerEntry>
          <containerEntry r11="0.13404968" r12="0.07064817" r13="0.4764832" r14="0" r21="-0.073410794" r22="0.49181184" r23="-0.0522682" r24="0" r31="-0.47606638" r32="-0.055945143" r33="0.14222741" r34="0" r41="-193.76773" r42="1.686245" r43="304.74768" r44="1"></containerEntry>
          <containerEntry r11="-0.4420069" r12="0.0006279442" r13="0.23371649" r14="0" r21="-0.022367578" r22="0.49758953" r23="-0.043638844" r24="0" r31="-0.23264503" r32="-0.049033083" r33="-0.43984878" r34="0" r41="-197.96625" r42="2.38438" r43="321.70926" r44="1"></containerEntry>
          <containerEntry r11="-0.42652717" r12="0.02900064" r13="0.25927937" r14="0" r21="-0.0025328724" r22="0.49641767" r23="-0.059691444" r24="0" r31="-0.26088443" r32="-0.05223368" r33="-0.42332518" r34="0" r41="-201.37115" r42="2.389214" r43="323.50964" r44="1"></containerEntry>
          <containerEntry r11="0.17003182" r12="0.015351874" r13="0.46994716" r14="0" r21="-0.051528208" r22="0.49733198" r23="0.0023969654" r24="0" r31="-0.4673668" r32="-0.049246315" r33="0.17070699" r34="0" r41="-194.95793" r42="1.578784" r43="301.4581" r44="1"></containerEntry>
          <containerEntry r11="-0.4401032" r12="-0.026798554" r13="0.23576623" r14="0" r21="-0.046695903" r22="0.49686778" r23="-0.030690432" r24="0" r31="-0.23264484" r32="-0.04903284" r33="-0.43984982" r34="0" r41="-193.77722" r42="2.501168" r43="319.4806" r44="1"></containerEntry>
          <containerEntry r11="0.13694686" r12="0.050431468" r13="0.47822392" r14="0" r21="-0.06785409" r22="0.4942943" r23="-0.032695115" r24="0" r31="-0.4760654" r32="-0.055944055" r33="0.14222835" r34="0" r41="-191.1865" r42="2.808803" r43="313.66608" r44="1"></containerEntry>
          <containerEntry r11="-0.44287097" r12="-0.09088089" r13="0.21354328" r14="0" r21="-0.103676885" r22="0.48908472" r23="-0.0068710092" r24="0" r31="-0.20763303" r32="-0.050365187" r33="-0.45204824" r34="0" r41="-190.25192" r42="3.224588" r43="317.7808" r44="1"></containerEntry>
          <containerEntry r11="0.13643494" r12="0.05412716" r13="0.47796673" r14="0" r21="-0.06887688" r22="0.4939032" r23="-0.036271095" r24="0" r31="-0.47606608" r32="-0.055944674" r33="0.14222783" r34="0" r41="-192.27405" r42="2.377326" r43="309.85587" r44="1"></containerEntry>
          <containerEntry r11="0.19116357" r12="-0.100157715" r13="0.45102236" r14="0" r21="-0.01365649" r22="0.48667124" r23="0.11386213" r24="0" r31="-0.4618085" r32="-0.055851314" r33="0.1833324" r34="0" r41="-198.06493" r42="2.437555" r43="293.5433" r44="1"></containerEntry>
        </property>
        <property name="colors" type="UInt32" container="DynamicArray" arraySize="36">
          <containerEntry>4294967295</containerEntry>
          <containerEntry>4294967295</containerEntry>
          <containerEntry>4294967295</containerEntry>
          <containerEntry>4294967295</containerEntry>
          <containerEntry>4294967295</containerEntry>
          <containerEntry>4294967295</containerEntry>
          <containerEntry>4294967295</containerEntry>
          <containerEntry>4294967295</containerEntry>
          <containerEntry>4294967295</containerEntry>
          <containerEntry>4294967295</containerEntry>
          <containerEntry>4294967295</containerEntry>
          <containerEntry>4294967295</containerEntry>
          <containerEntry>4294967295</containerEntry>
          <containerEntry>4294967295</containerEntry>
          <containerEntry>4294967295</containerEntry>
          <containerEntry>4294967295</containerEntry>
          <containerEntry>4294967295</containerEntry>
          <containerEntry>4294967295</containerEntry>
          <containerEntry>4294967295</containerEntry>
          <containerEntry>4294967295</containerEntry>
          <containerEntry>4294967295</containerEntry>
          <containerEntry>4294967295</containerEntry>
          <containerEntry>4294967295</containerEntry>
          <containerEntry>4294967295</containerEntry>
          <containerEntry>4294967295</containerEntry>
          <containerEntry>4294967295</containerEntry>
          <containerEntry>4294967295</containerEntry>
          <containerEntry>4294967295</containerEntry>
          <containerEntry>4294967295</containerEntry>
          <containerEntry>4294967295</containerEntry>
          <containerEntry>4294967295</containerEntry>
          <containerEntry>4294967295</containerEntry>
          <containerEntry>4294967295</containerEntry>
          <containerEntry>4294967295</containerEntry>
          <containerEntry>4294967295</containerEntry>
          <containerEntry>4294967295</containerEntry>
        </property>
      </staticProperties>
      <dynamicProperties></dynamicProperties>
    </entity>
    <entity class="StaticModelArray" classVersion="4" classID="0xD0" addr="0x317F2E0" id="0x0">
      <staticProperties>
        <property name="name" type="String" container="StaticArray" arraySize="1">
          <containerEntry>StaticModelArray0001</containerEntry>
        </property>
        <property name="dataSet" type="EntityHandle" container="StaticArray" arraySize="1">
          <containerEntry>0x32F47D0</containerEntry>
        </property>
        <property name="modelFile" type="FilePtr" container="StaticArray" arraySize="1">
          <containerEntry>/Assets/tpp/environ/object/middle_africa/pipe/mafr_pipe003/scenes/mafr_pipe003_vrtn001.fmdl</containerEntry>
        </property>
        <property name="geomFile" type="FilePtr" container="StaticArray" arraySize="1">
          <containerEntry>/Assets/tpp/environ/object/middle_africa/pipe/mafr_pipe003/scenes/mafr_pipe003_vrtn001.geom</containerEntry>
        </property>
        <property name="isVisibleGeom" type="Bool" container="StaticArray" arraySize="1">
          <containerEntry>false</containerEntry>
        </property>
        <property name="lodFarSize" type="Float" container="StaticArray" arraySize="1">
          <containerEntry>-1</containerEntry>
        </property>
        <property name="lodNearSize" type="Float" container="StaticArray" arraySize="1">
          <containerEntry>-1</containerEntry>
        </property>
        <property name="lodPolygonSize" type="Float" container="StaticArray" arraySize="1">
          <containerEntry>-1</containerEntry>
        </property>
        <property name="drawRejectionLevel" type="Int32" container="StaticArray" arraySize="1">
          <containerEntry>8</containerEntry>
        </property>
        <property name="drawMode" type="Int32" container="StaticArray" arraySize="1">
          <containerEntry>0</containerEntry>
        </property>
        <property name="rejectFarRangeShadowCast" type="Int32" container="StaticArray" arraySize="1">
          <containerEntry>2</containerEntry>
        </property>
        <property name="parentLocator" type="EntityLink" container="StaticArray" arraySize="1">
          <containerEntry packagePathHash="0xB8A0BF169F98" archivePathHash="0xB8A0BF169F98" nameInArchiveHash="0xB8A0BF169F98">0x0</containerEntry>
        </property>
        <property name="transforms" type="Matrix4" container="DynamicArray" arraySize="4">
          <containerEntry r11="0.044997312" r12="0.061704576" r13="0.4941319" r14="0" r21="-0.13402408" r22="0.47933882" r23="-0.047652688" r24="0" r31="-0.47959593" r32="-0.12816335" r33="0.05967799" r34="0" r41="-195.02945" r42="3.758841" r43="265.62567" r44="1"></containerEntry>
          <containerEntry r11="-0.47267482" r12="-0.15192035" r13="0.059136726" r14="0" r21="0.15693077" r22="-0.4731402" r23="0.038852405" r24="0" r31="0.044155225" r32="0.055290125" r33="0.494968" r34="0" r41="-203.8724" r42="0.760042" r43="267.2498" r44="1"></containerEntry>
          <containerEntry r11="0.1320831" r12="0.08282004" r13="0.47507176" r14="0" r21="-0.09854035" r22="0.48681206" r23="-0.057469845" r24="0" r31="-0.4720625" r32="-0.07844647" r33="0.14492217" r34="0" r41="-190.08745" r42="3.214847" r43="317.48148" r44="1"></containerEntry>
          <containerEntry r11="-0.46647128" r12="-0.075112514" r13="0.16358215" r14="0" r21="0.08956025" r22="-0.49099812" r23="0.029937256" r24="0" r31="0.15614119" r32="0.057231113" r33="0.47153416" r34="0" r41="-228.19217" r42="-1.273698" r43="338.56268" r44="1"></containerEntry>
        </property>
        <property name="colors" type="UInt32" container="DynamicArray" arraySize="4">
          <containerEntry>4294967295</containerEntry>
          <containerEntry>4294967295</containerEntry>
          <containerEntry>4294967295</containerEntry>
          <containerEntry>4294967295</containerEntry>
        </property>
      </staticProperties>
      <dynamicProperties></dynamicProperties>
    </entity>
    <entity class="StaticModelArray" classVersion="4" classID="0xD0" addr="0x317F200" id="0x0">
      <staticProperties>
        <property name="name" type="String" container="StaticArray" arraySize="1">
          <containerEntry>StaticModelArray0002</containerEntry>
        </property>
        <property name="dataSet" type="EntityHandle" container="StaticArray" arraySize="1">
          <containerEntry>0x32F47D0</containerEntry>
        </property>
        <property name="modelFile" type="FilePtr" container="StaticArray" arraySize="1">
          <containerEntry>/Assets/tpp/environ/object/middle_africa/pipe/mafr_pipe003/scenes/mafr_pipe003_fndt001.fmdl</containerEntry>
        </property>
        <property name="geomFile" type="FilePtr" container="StaticArray" arraySize="1">
          <containerEntry>/Assets/tpp/environ/object/middle_africa/pipe/mafr_pipe003/scenes/mafr_pipe003_fndt001.geom</containerEntry>
        </property>
        <property name="isVisibleGeom" type="Bool" container="StaticArray" arraySize="1">
          <containerEntry>false</containerEntry>
        </property>
        <property name="lodFarSize" type="Float" container="StaticArray" arraySize="1">
          <containerEntry>-1</containerEntry>
        </property>
        <property name="lodNearSize" type="Float" container="StaticArray" arraySize="1">
          <containerEntry>-1</containerEntry>
        </property>
        <property name="lodPolygonSize" type="Float" container="StaticArray" arraySize="1">
          <containerEntry>-1</containerEntry>
        </property>
        <property name="drawRejectionLevel" type="Int32" container="StaticArray" arraySize="1">
          <containerEntry>8</containerEntry>
        </property>
        <property name="drawMode" type="Int32" container="StaticArray" arraySize="1">
          <containerEntry>0</containerEntry>
        </property>
        <property name="rejectFarRangeShadowCast" type="Int32" container="StaticArray" arraySize="1">
          <containerEntry>2</containerEntry>
        </property>
        <property name="parentLocator" type="EntityLink" container="StaticArray" arraySize="1">
          <containerEntry packagePathHash="0xB8A0BF169F98" archivePathHash="0xB8A0BF169F98" nameInArchiveHash="0xB8A0BF169F98">0x0</containerEntry>
        </property>
        <property name="transforms" type="Matrix4" container="DynamicArray" arraySize="17">
          <containerEntry r11="0.15552151" r12="0.09222185" r13="0.9835189" r14="0" r21="-0.14760843" r22="0.98662406" r23="-0.069172" r24="0" r31="-0.97674257" r32="-0.1344178" r33="0.167054" r34="0" r41="-195.08539" r42="3.360546" r43="264.90488" r44="1"></containerEntry>
          <containerEntry r11="-0.9266193" r12="-0.3473593" r13="0.14394397" r14="0" r21="-0.3496861" r22="0.9368174" r23="0.0096333325" r24="0" r31="-0.13819546" r32="-0.04140876" r33="-0.98953986" r34="0" r41="-203.06311" r42="0.678693" r43="267.14886" r44="1"></containerEntry>
          <containerEntry r11="0.1763098" r12="0.093343176" r13="0.9798986" r14="0" r21="-0.3247867" r22="0.945259" r23="-0.03160584" r24="0" r31="-0.92920816" r32="-0.31268573" r33="0.19697505" r34="0" r41="-202.76788" r42="0.750937" r43="275.38394" r44="1"></containerEntry>
          <containerEntry r11="0.17630997" r12="0.09334295" r13="0.9798984" r14="0" r21="-0.091970585" r22="0.99270093" r23="-0.07801452" r24="0" r31="-0.9800281" r32="-0.0763672" r33="0.18360788" r34="0" r41="-201.12888" r42="1.890329" r43="284.0747" r44="1"></containerEntry>
          <containerEntry r11="0.38822812" r12="-0.14189473" r13="0.9105736" r14="0" r21="-0.03586504" r22="0.9850004" r23="0.16878383" r24="0" r31="-0.9208648" r32="-0.09818436" r33="0.37731582" r34="0" r41="-198.32118" r42="2.144465" r43="292.82614" r44="1"></containerEntry>
          <containerEntry r11="0.37999552" r12="-0.009478111" r13="0.9249397" r14="0" r21="-0.0872376" r22="0.9951232" r23="0.046037357" r24="0" r31="-0.92086524" r32="-0.09818351" r33="0.37731552" r34="0" r41="-195.15614" r42="1.242471" r43="300.7512" r44="1"></containerEntry>
          <containerEntry r11="0.30937812" r12="0.093395665" r13="0.94634104" r14="0" r21="-0.11642803" r22="0.99139845" r23="-0.05977977" r24="0" r31="-0.94378424" r32="-0.09168618" r33="0.3175909" r34="0" r41="-192.42612" r42="1.959038" r43="309.21255" r44="1"></containerEntry>
          <containerEntry r11="0.28486636" r12="0.06028042" r13="0.9566695" r14="0" r21="-0.2820452" r22="0.959112" r23="0.023549795" r24="0" r31="-0.9161336" r32="-0.27653274" r33="0.29022056" r34="0" r41="-190.20567" r42="2.773355" r43="316.66745" r44="1"></containerEntry>
          <containerEntry r11="-0.8843244" r12="0.0073744245" r13="0.4668081" r14="0" r21="-0.036279783" r22="0.9957662" r23="-0.084459424" r24="0" r31="-0.4654546" r32="-0.09162551" r33="-0.8803128" r34="0" r41="-197.3019" r42="2.003755" r43="321.4036" r44="1"></containerEntry>
          <containerEntry r11="-0.8462204" r12="0.014345117" r13="0.5326337" r14="0" r21="-0.036280043" r22="0.9957663" r23="-0.0844583" r24="0" r31="-0.5315903" r32="-0.090794615" r33="-0.8421173" r34="0" r41="-205.23677" r42="2.270807" r43="325.91486" r44="1"></containerEntry>
          <containerEntry r11="-0.8820671" r12="-0.085011244" r13="0.4633865" r14="0" r21="-0.217426" r22="0.9460294" r23="-0.24032092" r24="0" r31="-0.41794726" r32="-0.31273198" r33="-0.85294497" r34="0" r41="-213.33008" r42="0.989208" r43="330.5539" r44="1"></containerEntry>
          <containerEntry r11="-0.86872643" r12="-0.16235366" r13="0.4679241" r14="0" r21="-0.20400399" r22="0.97817886" r23="-0.039350417" r24="0" r31="-0.45132473" r32="-0.12964325" r33="-0.88289064" r34="0" r41="-220.90965" r42="-0.395671" r43="334.60992" r44="1"></containerEntry>
          <containerEntry r11="-0.86872643" r12="-0.16235366" r13="0.4679241" r14="0" r21="-0.20400399" r22="0.97817886" r23="-0.039350417" r24="0" r31="-0.45132473" r32="-0.12964325" r33="-0.88289064" r34="0" r41="-227.38664" r42="-1.482345" r43="338.1907" r44="1"></containerEntry>
          <containerEntry r11="0.17168158" r12="-0.046566024" r13="0.9840502" r14="0" r21="-0.047104254" r22="0.99735177" r23="0.05541334" r24="0" r31="-0.9840246" r32="-0.0558664" r33="0.16903347" r34="0" r41="-226.89445" r42="-1.57335" r43="347.4135" r44="1"></containerEntry>
          <containerEntry r11="0.031361412" r12="0.10222717" r13="0.99426556" r14="0" r21="-0.27285808" r22="0.9578469" r23="-0.089876324" r24="0" r31="-0.9615419" r32="-0.26847512" r33="0.057933033" r34="0" r41="-225.98149" r42="-1.338799" r43="356.7959" r44="1"></containerEntry>
          <containerEntry r11="-0.113244355" r12="-0.0064926" r13="0.9935447" r14="0" r21="-0.28253692" r22="0.95890564" r23="-0.025937676" r24="0" r31="-0.9525472" r32="-0.28365073" r33="-0.110424995" r34="0" r41="-226.6523" r42="-0.867051" r43="366.1387" r44="1"></containerEntry>
          <containerEntry r11="-0.18053159" r12="-0.026598126" r13="0.98320806" r14="0" r21="-0.2825365" r22="0.9589058" r23="-0.025937572" r24="0" r31="-0.9421139" r32="-0.2824751" r33="-0.18062764" r34="0" r41="-228.14514" r42="-0.986258" r43="375.50266" r44="1"></containerEntry>
        </property>
        <property name="colors" type="UInt32" container="DynamicArray" arraySize="17">
          <containerEntry>4294967295</containerEntry>
          <containerEntry>4294967295</containerEntry>
          <containerEntry>4294967295</containerEntry>
          <containerEntry>4294967295</containerEntry>
          <containerEntry>4294967295</containerEntry>
          <containerEntry>4294967295</containerEntry>
          <containerEntry>4294967295</containerEntry>
          <containerEntry>4294967295</containerEntry>
          <containerEntry>4294967295</containerEntry>
          <containerEntry>4294967295</containerEntry>
          <containerEntry>4294967295</containerEntry>
          <containerEntry>4294967295</containerEntry>
          <containerEntry>4294967295</containerEntry>
          <containerEntry>4294967295</containerEntry>
          <containerEntry>4294967295</containerEntry>
          <containerEntry>4294967295</containerEntry>
          <containerEntry>4294967295</containerEntry>
        </property>
      </staticProperties>
      <dynamicProperties></dynamicProperties>
    </entity>
    <entity class="StaticModelArray" classVersion="4" classID="0xD0" addr="0x317C480" id="0x0">
      <staticProperties>
        <property name="name" type="String" container="StaticArray" arraySize="1">
          <containerEntry>StaticModelArray0003</containerEntry>
        </property>
        <property name="dataSet" type="EntityHandle" container="StaticArray" arraySize="1">
          <containerEntry>0x32F47D0</containerEntry>
        </property>
        <property name="modelFile" type="FilePtr" container="StaticArray" arraySize="1">
          <containerEntry>/Assets/tpp/environ/object/middle_africa/rock/mafr_rock002/scenes/mafr_rock002.fmdl</containerEntry>
        </property>
        <property name="geomFile" type="FilePtr" container="StaticArray" arraySize="1">
          <containerEntry>/Assets/tpp/environ/object/middle_africa/rock/mafr_rock002/scenes/mafr_rock002.geom</containerEntry>
        </property>
        <property name="isVisibleGeom" type="Bool" container="StaticArray" arraySize="1">
          <containerEntry>false</containerEntry>
        </property>
        <property name="lodFarSize" type="Float" container="StaticArray" arraySize="1">
          <containerEntry>-1</containerEntry>
        </property>
        <property name="lodNearSize" type="Float" container="StaticArray" arraySize="1">
          <containerEntry>-1</containerEntry>
        </property>
        <property name="lodPolygonSize" type="Float" container="StaticArray" arraySize="1">
          <containerEntry>-1</containerEntry>
        </property>
        <property name="drawRejectionLevel" type="Int32" container="StaticArray" arraySize="1">
          <containerEntry>8</containerEntry>
        </property>
        <property name="drawMode" type="Int32" container="StaticArray" arraySize="1">
          <containerEntry>0</containerEntry>
        </property>
        <property name="rejectFarRangeShadowCast" type="Int32" container="StaticArray" arraySize="1">
          <containerEntry>2</containerEntry>
        </property>
        <property name="parentLocator" type="EntityLink" container="StaticArray" arraySize="1">
          <containerEntry packagePathHash="0xB8A0BF169F98" archivePathHash="0xB8A0BF169F98" nameInArchiveHash="0xB8A0BF169F98">0x0</containerEntry>
        </property>
        <property name="transforms" type="Matrix4" container="DynamicArray" arraySize="3">
          <containerEntry r11="-0.42061815" r12="-0.08473854" r13="0.9032714" r14="0" r21="-0.035771236" r22="0.9964032" r23="0.07681821" r24="0" r31="-0.906532" r32="1.8626451e-08" r33="-0.4221365" r34="0" r41="-174.49812" r42="6.085758" r43="322.35718" r44="1"></containerEntry>
          <containerEntry r11="-0.7165644" r12="-0.032837015" r13="0.69674873" r14="0" r21="-0.002499979" r22="0.99900573" r23="0.04451101" r24="0" r31="-0.69751763" r32="0.030153114" r33="-0.7159341" r34="0" r41="-202.58282" r42="2.487838" r43="331.1027" r44="1"></containerEntry>
          <containerEntry r11="-0.42753133" r12="-0.030833488" r13="0.9034746" r14="0" r21="-0.06845833" r22="0.99765265" r23="0.0016525462" r24="0" r31="-0.9014048" r32="-0.061143853" r33="-0.42863852" r34="0" r41="-217.53683" r42="0.763311" r43="355.66635" r44="1"></containerEntry>
        </property>
        <property name="colors" type="UInt32" container="DynamicArray" arraySize="3">
          <containerEntry>4294967295</containerEntry>
          <containerEntry>4294967295</containerEntry>
          <containerEntry>4294967295</containerEntry>
        </property>
      </staticProperties>
      <dynamicProperties></dynamicProperties>
    </entity>
    <entity class="StaticModelArray" classVersion="4" classID="0xD0" addr="0x317EDA0" id="0x0">
      <staticProperties>
        <property name="name" type="String" container="StaticArray" arraySize="1">
          <containerEntry>StaticModelArray0004</containerEntry>
        </property>
        <property name="dataSet" type="EntityHandle" container="StaticArray" arraySize="1">
          <containerEntry>0x32F47D0</containerEntry>
        </property>
        <property name="modelFile" type="FilePtr" container="StaticArray" arraySize="1">
          <containerEntry>/Assets/tpp/environ/object/middle_africa/mud/mafr_mudd003/scenes/mafr_mudd003_grnd001.fmdl</containerEntry>
        </property>
        <property name="geomFile" type="FilePtr" container="StaticArray" arraySize="1">
          <containerEntry>/Assets/tpp/environ/object/middle_africa/mud/mafr_mudd003/scenes/mafr_mudd003_grnd001.geom</containerEntry>
        </property>
        <property name="isVisibleGeom" type="Bool" container="StaticArray" arraySize="1">
          <containerEntry>false</containerEntry>
        </property>
        <property name="lodFarSize" type="Float" container="StaticArray" arraySize="1">
          <containerEntry>-1</containerEntry>
        </property>
        <property name="lodNearSize" type="Float" container="StaticArray" arraySize="1">
          <containerEntry>-1</containerEntry>
        </property>
        <property name="lodPolygonSize" type="Float" container="StaticArray" arraySize="1">
          <containerEntry>-1</containerEntry>
        </property>
        <property name="drawRejectionLevel" type="Int32" container="StaticArray" arraySize="1">
          <containerEntry>8</containerEntry>
        </property>
        <property name="drawMode" type="Int32" container="StaticArray" arraySize="1">
          <containerEntry>0</containerEntry>
        </property>
        <property name="rejectFarRangeShadowCast" type="Int32" container="StaticArray" arraySize="1">
          <containerEntry>2</containerEntry>
        </property>
        <property name="parentLocator" type="EntityLink" container="StaticArray" arraySize="1">
          <containerEntry packagePathHash="0xB8A0BF169F98" archivePathHash="0xB8A0BF169F98" nameInArchiveHash="0xB8A0BF169F98">0x0</containerEntry>
        </property>
        <property name="transforms" type="Matrix4" container="DynamicArray" arraySize="9">
          <containerEntry r11="0.79495287" r12="0" r13="-0.6066709" r14="0" r21="0" r22="1" r23="0" r24="0" r31="0.6066709" r32="0" r33="0.79495287" r34="0" r41="-252.8809" r42="-3.881859" r43="361.61237" r44="1"></containerEntry>
          <containerEntry r11="0.48815262" r12="0" r13="-0.8727577" r14="0" r21="0" r22="1" r23="0" r24="0" r31="0.8727577" r32="0" r33="0.48815262" r34="0" r41="-220.68283" r42="-3.925041" r43="284.7914" r44="1"></containerEntry>
          <containerEntry r11="0.85502505" r12="0" r13="-0.51858646" r14="0" r21="0" r22="1" r23="0" r24="0" r31="0.51858646" r32="0" r33="0.85502505" r34="0" r41="-218.47826" r42="-3.925041" r43="297.10684" r44="1"></containerEntry>
          <containerEntry r11="0.8283137" r12="0" r13="-0.5602643" r14="0" r21="0" r22="1" r23="0" r24="0" r31="0.5602643" r32="0" r33="0.8283137" r34="0" r41="-219.31602" r42="-3.893395" r43="309.8275" r44="1"></containerEntry>
          <containerEntry r11="0.8283137" r12="0" r13="-0.5602643" r14="0" r21="0" r22="1" r23="0" r24="0" r31="0.5602643" r32="0" r33="0.8283137" r34="0" r41="-225.72942" r42="-3.881859" r43="321.8787" r44="1"></containerEntry>
          <containerEntry r11="0.8283137" r12="0" r13="-0.5602643" r14="0" r21="0" r22="1" r23="0" r24="0" r31="0.5602643" r32="0" r33="0.8283137" r34="0" r41="-228.83006" r42="-3.881859" r43="328.6225" r44="1"></containerEntry>
          <containerEntry r11="0.99443084" r12="0" r13="-0.105390884" r14="0" r21="0" r22="1" r23="0" r24="0" r31="0.105390884" r32="0" r33="0.99443084" r34="0" r41="-233.94394" r42="-3.881859" r43="333.59943" r44="1"></containerEntry>
          <containerEntry r11="-0.052062154" r12="0" r13="0.9986424" r14="0" r21="0" r22="1" r23="0" r24="0" r31="-0.9986424" r32="0" r33="-0.052062154" r34="0" r41="-255.37718" r42="-3.881859" r43="327.23856" r44="1"></containerEntry>
          <containerEntry r11="-0.074410915" r12="0" r13="0.99722606" r14="0" r21="0" r22="1" r23="0" r24="0" r31="-0.99722606" r32="0" r33="-0.074410915" r34="0" r41="-254.18977" r42="-3.881859" r43="346.18597" r44="1"></containerEntry>
        </property>
        <property name="colors" type="UInt32" container="DynamicArray" arraySize="9">
          <containerEntry>4294967295</containerEntry>
          <containerEntry>4294967295</containerEntry>
          <containerEntry>4294967295</containerEntry>
          <containerEntry>4294967295</containerEntry>
          <containerEntry>4294967295</containerEntry>
          <containerEntry>4294967295</containerEntry>
          <containerEntry>4294967295</containerEntry>
          <containerEntry>4294967295</containerEntry>
          <containerEntry>4294967295</containerEntry>
        </property>
      </staticProperties>
      <dynamicProperties></dynamicProperties>
    </entity>
    <entity class="StaticModelArray" classVersion="4" classID="0xD0" addr="0x317EE10" id="0x0">
      <staticProperties>
        <property name="name" type="String" container="StaticArray" arraySize="1">
          <containerEntry>StaticModelArray0005</containerEntry>
        </property>
        <property name="dataSet" type="EntityHandle" container="StaticArray" arraySize="1">
          <containerEntry>0x32F47D0</containerEntry>
        </property>
        <property name="modelFile" type="FilePtr" container="StaticArray" arraySize="1">
          <containerEntry>/Assets/tpp/environ/object/middle_africa/mud/mafr_mudd003/scenes/mafr_mudd003.fmdl</containerEntry>
        </property>
        <property name="geomFile" type="FilePtr" container="StaticArray" arraySize="1">
          <containerEntry>/Assets/tpp/environ/object/middle_africa/mud/mafr_mudd003/scenes/mafr_mudd003.geom</containerEntry>
        </property>
        <property name="isVisibleGeom" type="Bool" container="StaticArray" arraySize="1">
          <containerEntry>false</containerEntry>
        </property>
        <property name="lodFarSize" type="Float" container="StaticArray" arraySize="1">
          <containerEntry>-1</containerEntry>
        </property>
        <property name="lodNearSize" type="Float" container="StaticArray" arraySize="1">
          <containerEntry>-1</containerEntry>
        </property>
        <property name="lodPolygonSize" type="Float" container="StaticArray" arraySize="1">
          <containerEntry>-1</containerEntry>
        </property>
        <property name="drawRejectionLevel" type="Int32" container="StaticArray" arraySize="1">
          <containerEntry>8</containerEntry>
        </property>
        <property name="drawMode" type="Int32" container="StaticArray" arraySize="1">
          <containerEntry>0</containerEntry>
        </property>
        <property name="rejectFarRangeShadowCast" type="Int32" container="StaticArray" arraySize="1">
          <containerEntry>2</containerEntry>
        </property>
        <property name="parentLocator" type="EntityLink" container="StaticArray" arraySize="1">
          <containerEntry packagePathHash="0xB8A0BF169F98" archivePathHash="0xB8A0BF169F98" nameInArchiveHash="0xB8A0BF169F98">0x0</containerEntry>
        </property>
        <property name="transforms" type="Matrix4" container="DynamicArray" arraySize="2">
