<fox formatVersion="2" fileVersion="0">
  <entities>
    <entity class="DataSet" classVersion="0" classID="0xE8" addr="0x32F46F0" id="0x6FC8709">
      <staticProperties>
        <property name="name" type="String" container="StaticArray" arraySize="1">
          <containerEntry hash="0xB8A0BF169F98"></containerEntry>
        </property>
        <property name="dataSet" type="EntityHandle" container="StaticArray" arraySize="1">
          <containerEntry>0x0</containerEntry>
        </property>
        <property name="dataList" type="EntityPtr" container="StringMap" arraySize="8">
          <containerEntry key="mafr_rock007_0000">
            <data>0x3174FB0</data>
          </containerEntry>
          <containerEntry key="StaticModelArray0000">
            <data>0x317EEF0</data>
          </containerEntry>
          <containerEntry key="StaticModelArray0001">
            <data>0x317E860</data>
          </containerEntry>
          <containerEntry key="StaticModelArray0002">
            <data>0x32F4BC0</data>
          </containerEntry>
          <containerEntry key="StaticModelArray0003">
            <data>0x317ECC0</data>
          </containerEntry>
          <containerEntry key="StaticModelArray0004">
            <data>0x317E8D0</data>
          </containerEntry>
          <containerEntry key="StaticModelArray0005">
            <data>0x317E940</data>
          </containerEntry>
          <containerEntry key="TexturePackLoadConditioner0000">
            <data>0x317F6D0</data>
          </containerEntry>
        </property>
      </staticProperties>
      <dynamicProperties></dynamicProperties>
    </entity>
    <entity class="StaticModel" classVersion="9" classID="0x160" addr="0x3174FB0" id="0x6FC873C">
      <staticProperties>
        <property name="name" type="String" container="StaticArray" arraySize="1">
          <containerEntry>mafr_rock007_0000</containerEntry>
        </property>
        <property name="dataSet" type="EntityHandle" container="StaticArray" arraySize="1">
          <containerEntry>0x32F46F0</containerEntry>
        </property>
        <property name="parent" type="EntityHandle" container="StaticArray" arraySize="1">
          <containerEntry>0x0</containerEntry>
        </property>
        <property name="transform" type="EntityPtr" container="StaticArray" arraySize="1">
          <containerEntry>0x3175020</containerEntry>
        </property>
        <property name="shearTransform" type="EntityPtr" container="StaticArray" arraySize="1">
          <containerEntry>0x0</containerEntry>
        </property>
        <property name="pivotTransform" type="EntityPtr" container="StaticArray" arraySize="1">
          <containerEntry>0x0</containerEntry>
        </property>
        <property name="children" type="EntityHandle" container="List"></property>
        <property name="flags" type="UInt32" container="StaticArray" arraySize="1">
          <containerEntry>3221225479</containerEntry>
        </property>
        <property name="modelFile" type="FilePtr" container="StaticArray" arraySize="1">
          <containerEntry>/Assets/tpp/environ/object/middle_africa/rock/mafr_rock007/scenes/mafr_rock007.fmdl</containerEntry>
        </property>
        <property name="geomFile" type="FilePtr" container="StaticArray" arraySize="1">
          <containerEntry>/Assets/tpp/environ/object/middle_africa/rock/mafr_rock007/scenes/mafr_rock007.geom</containerEntry>
        </property>
        <property name="isVisibleGeom" type="Bool" container="StaticArray" arraySize="1">
          <containerEntry>false</containerEntry>
        </property>
        <property name="isIsolated" type="Bool" container="StaticArray" arraySize="1">
          <containerEntry>false</containerEntry>
        </property>
        <property name="lodFarSize" type="Float" container="StaticArray" arraySize="1">
          <containerEntry>-1</containerEntry>
        </property>
        <property name="lodNearSize" type="Float" container="StaticArray" arraySize="1">
          <containerEntry>-1</containerEntry>
        </property>
        <property name="lodPolygonSize" type="Float" container="StaticArray" arraySize="1">
          <containerEntry>-1</containerEntry>
        </property>
        <property name="color" type="Color" container="StaticArray" arraySize="1">
          <containerEntry r="1" g="1" b="1" a="1"></containerEntry>
        </property>
        <property name="drawRejectionLevel" type="Int32" container="StaticArray" arraySize="1">
          <containerEntry>8</containerEntry>
        </property>
        <property name="drawMode" type="Int32" container="StaticArray" arraySize="1">
          <containerEntry>0</containerEntry>
        </property>
        <property name="rejectFarRangeShadowCast" type="Int32" container="StaticArray" arraySize="1">
          <containerEntry>2</containerEntry>
        </property>
      </staticProperties>
      <dynamicProperties></dynamicProperties>
    </entity>
    <entity class="TransformEntity" classVersion="0" classID="0x50" addr="0x3175020" id="0x6FC873F">
      <staticProperties>
        <property name="owner" type="EntityHandle" container="StaticArray" arraySize="1">
          <containerEntry>0x3174FB0</containerEntry>
        </property>
        <property name="transform_scale" type="Vector3" container="StaticArray" arraySize="1">
          <containerEntry x="1" y="1" z="1" w="0"></containerEntry>
        </property>
        <property name="transform_rotation_quat" type="Quat" container="StaticArray" arraySize="1">
          <containerEntry x="0" y="0" z="0" w="1"></containerEntry>
        </property>
        <property name="transform_translation" type="Vector3" container="StaticArray" arraySize="1">
          <containerEntry x="2132.9192" y="8.783013" z="1138.6895" w="0"></containerEntry>
        </property>
      </staticProperties>
      <dynamicProperties></dynamicProperties>
    </entity>
    <entity class="StaticModelArray" classVersion="4" classID="0xD0" addr="0x317EEF0" id="0x0">
      <staticProperties>
        <property name="name" type="String" container="StaticArray" arraySize="1">
          <containerEntry>StaticModelArray0000</containerEntry>
        </property>
        <property name="dataSet" type="EntityHandle" container="StaticArray" arraySize="1">
          <containerEntry>0x32F46F0</containerEntry>
        </property>
        <property name="modelFile" type="FilePtr" container="StaticArray" arraySize="1">
          <containerEntry>/Assets/tpp/environ/object/middle_africa/rock/mafr_rock001/scenes/mafr_rock001_vrtn003.fmdl</containerEntry>
        </property>
        <property name="geomFile" type="FilePtr" container="StaticArray" arraySize="1">
          <containerEntry>/Assets/tpp/environ/object/middle_africa/rock/mafr_rock001/scenes/mafr_rock001_vrtn003.geom</containerEntry>
        </property>
        <property name="isVisibleGeom" type="Bool" container="StaticArray" arraySize="1">
          <containerEntry>false</containerEntry>
        </property>
        <property name="lodFarSize" type="Float" container="StaticArray" arraySize="1">
          <containerEntry>-1</containerEntry>
        </property>
        <property name="lodNearSize" type="Float" container="StaticArray" arraySize="1">
          <containerEntry>-1</containerEntry>
        </property>
        <property name="lodPolygonSize" type="Float" container="StaticArray" arraySize="1">
          <containerEntry>-1</containerEntry>
        </property>
        <property name="drawRejectionLevel" type="Int32" container="StaticArray" arraySize="1">
          <containerEntry>8</containerEntry>
        </property>
        <property name="drawMode" type="Int32" container="StaticArray" arraySize="1">
          <containerEntry>0</containerEntry>
        </property>
        <property name="rejectFarRangeShadowCast" type="Int32" container="StaticArray" arraySize="1">
          <containerEntry>2</containerEntry>
        </property>
        <property name="parentLocator" type="EntityLink" container="StaticArray" arraySize="1">
          <containerEntry packagePathHash="0xB8A0BF169F98" archivePathHash="0xB8A0BF169F98" nameInArchiveHash="0xB8A0BF169F98">0x0</containerEntry>
        </property>
        <property name="transforms" type="Matrix4" container="DynamicArray" arraySize="6">
          <containerEntry r11="0.58188206" r12="0.09313921" r13="-0.8079206" r14="0" r21="0.0022628754" r22="0.99323124" r23="0.11613171" r24="0" r31="0.8132684" r32="-0.06940304" r33="0.5777327" r34="0" r41="2093.4548" r42="6.82594" r43="1146.4695" r44="1"></containerEntry>
          <containerEntry r11="0.9276765" r12="0.24817365" r13="0.27897218" r14="0" r21="-0.25794065" r22="0.966159" r23="-0.0017556734" r24="0" r31="-0.26996717" r32="-0.07032989" r33="0.9602974" r34="0" r41="2107.455" r42="7.956075" r43="1144.8033" r44="1"></containerEntry>
          <containerEntry r11="0.22267847" r12="-0.15808839" r13="-0.9619841" r14="0" r21="-0.02942387" r22="0.9852251" r23="-0.1687176" r24="0" r31="0.97444326" r32="0.06587448" r33="0.21473688" r34="0" r41="2127.8396" r42="3.509846" r43="1072.8105" r44="1"></containerEntry>
          <containerEntry r11="-0.31160983" r12="0.09197836" r13="0.9457394" r14="0" r21="-0.2685648" r22="0.9461963" r23="-0.18051285" r24="0" r31="-0.91145813" r32="-0.31024492" r33="-0.2701413" r34="0" r41="2150.7358" r42="5.016882" r43="1080.0349" r44="1"></containerEntry>
          <containerEntry r11="-0.989517" r12="0.056259647" r13="0.13291752" r14="0" r21="0.033292376" r22="0.98503935" r23="-0.16908273" r24="0" r31="-0.14044157" r32="-0.1628871" r33="-0.976586" r34="0" r41="2136.0166" r42="5.394001" r43="1087.6719" r44="1"></containerEntry>
          <containerEntry r11="-0.9509108" r12="-0.091403306" r13="-0.29561898" r14="0" r21="-0.09480935" r22="0.99549145" r23="-0.0028240671" r24="0" r31="0.2945443" r32="0.025342144" r33="-0.9552894" r34="0" r41="2160.6702" r42="7.410376" r43="1111.0732" r44="1"></containerEntry>
        </property>
        <property name="colors" type="UInt32" container="DynamicArray" arraySize="6">
          <containerEntry>4294967295</containerEntry>
          <containerEntry>4294967295</containerEntry>
          <containerEntry>4294967295</containerEntry>
          <containerEntry>4294967295</containerEntry>
          <containerEntry>4294967295</containerEntry>
          <containerEntry>4294967295</containerEntry>
        </property>
      </staticProperties>
      <dynamicProperties></dynamicProperties>
    </entity>
    <entity class="StaticModelArray" classVersion="4" classID="0xD0" addr="0x317E860" id="0x0">
      <staticProperties>
        <property name="name" type="String" container="StaticArray" arraySize="1">
          <containerEntry>StaticModelArray0001</containerEntry>
        </property>
        <property name="dataSet" type="EntityHandle" container="StaticArray" arraySize="1">
          <containerEntry>0x32F46F0</containerEntry>
        </property>
        <property name="modelFile" type="FilePtr" container="StaticArray" arraySize="1">
          <containerEntry>/Assets/tpp/environ/object/middle_africa/cliff/mafr_clff003/scenes/mafr_clff003_vrtn001.fmdl</containerEntry>
        </property>
        <property name="geomFile" type="FilePtr" container="StaticArray" arraySize="1">
          <containerEntry>/Assets/tpp/environ/object/middle_africa/cliff/mafr_clff003/scenes/mafr_clff003_vrtn001.geom</containerEntry>
        </property>
        <property name="isVisibleGeom" type="Bool" container="StaticArray" arraySize="1">
          <containerEntry>false</containerEntry>
        </property>
        <property name="lodFarSize" type="Float" container="StaticArray" arraySize="1">
          <containerEntry>-1</containerEntry>
        </property>
        <property name="lodNearSize" type="Float" container="StaticArray" arraySize="1">
          <containerEntry>-1</containerEntry>
        </property>
        <property name="lodPolygonSize" type="Float" container="StaticArray" arraySize="1">
          <containerEntry>-1</containerEntry>
        </property>
        <property name="drawRejectionLevel" type="Int32" container="StaticArray" arraySize="1">
          <containerEntry>8</containerEntry>
        </property>
        <property name="drawMode" type="Int32" container="StaticArray" arraySize="1">
          <containerEntry>0</containerEntry>
        </property>
        <property name="rejectFarRangeShadowCast" type="Int32" container="StaticArray" arraySize="1">
          <containerEntry>2</containerEntry>
        </property>
        <property name="parentLocator" type="EntityLink" container="StaticArray" arraySize="1">
          <containerEntry packagePathHash="0xB8A0BF169F98" archivePathHash="0xB8A0BF169F98" nameInArchiveHash="0xB8A0BF169F98">0x0</containerEntry>
        </property>
        <property name="transforms" type="Matrix4" container="DynamicArray" arraySize="35">
          <containerEntry r11="0.5170737" r12="0.0071018636" r13="0.8559113" r14="0" r21="0.43135956" r22="0.86153543" r23="-0.26774168" r24="0" r31="-0.73929936" r32="0.50764775" r33="0.4424139" r34="0" r41="2140.5144" r42="-0.396856" r43="1064.8903" r44="1"></containerEntry>
          <containerEntry r11="-0.97927725" r12="-0.14433879" r13="-0.14206852" r14="0" r21="-0.20196155" r22="0.6435936" r23="0.7382404" r24="0" r31="-0.015122294" r32="0.75163406" r33="-0.6594077" r34="0" r41="2147.9172" r42="0.717995" r43="1071.5597" r44="1"></containerEntry>
          <containerEntry r11="0.74810827" r12="-0.0766574" r13="0.65913385" r14="0" r21="0.43773526" r22="0.80354166" r23="-0.40337136" r24="0" r31="-0.49872" r32="0.5902917" r33="0.63469183" r34="0" r41="2150.6094" r42="2.53778" r43="1092.2004" r44="1"></containerEntry>
          <containerEntry r11="0.96354216" r12="-0.111788295" r13="0.2430841" r14="0" r21="0.2548722" r22="0.6599163" r23="-0.7067885" r24="0" r31="-0.081404306" r32="0.7429759" r33="0.6643489" r34="0" r41="2134.0505" r42="2.43264" r43="1093.9764" r44="1"></containerEntry>
          <containerEntry r11="0.9296169" r12="0.052944243" r13="0.364704" r14="0" r21="0.27860868" r22="0.546808" r23="-0.78954226" r24="0" r31="-0.2412246" r32="0.8355816" r33="0.4935713" r34="0" r41="2118.9883" r42="2.43264" r43="1093.4484" r44="1"></containerEntry>
          <containerEntry r11="0.08923705" r12="-0.11415723" r13="0.9894443" r14="0" r21="0.7602366" r22="0.6496135" r23="0.0063859522" r24="0" r31="-0.6434844" r32="0.7516439" r33="0.14475721" r34="0" r41="2087.2666" r42="3.912946" r43="1143.0992" r44="1"></containerEntry>
          <containerEntry r11="-0.20891123" r12="0.013464846" r13="0.7201878" r14="0" r21="0.49108815" r22="0.5512422" r23="0.1321497" r24="0" r31="-0.5269574" r32="0.50837964" r33="-0.16236341" r34="0" r41="2090.7673" r42="6.536623" r43="1116.5837" r44="1"></containerEntry>
          <containerEntry r11="-0.14181718" r12="-0.13486171" r13="-0.7240139" r14="0" r21="-0.6010741" r22="0.44723934" r23="0.034431472" r24="0" r31="0.42555112" r32="0.5867605" r33="-0.19265002" r34="0" r41="2078.9622" r42="5.132448" r43="1113.3243" r44="1"></containerEntry>
          <containerEntry r11="-0.5354918" r12="-0.14448231" r13="0.5048417" r14="0" r21="0.24394178" r22="0.57007676" r23="0.42190486" r24="0" r31="-0.4650082" r32="0.46544194" r33="-0.36003336" r34="0" r41="2086.1829" r42="5.984395" r43="1118.9833" r44="1"></containerEntry>
          <containerEntry r11="-0.5944549" r12="-0.18553506" r13="0.41796255" r14="0" r21="0.11470333" r22="0.60308444" r23="0.43084976" r24="0" r31="-0.44267267" r32="0.40541965" r33="-0.44963223" r34="0" r41="2108.4873" r42="5.27639" r43="1138.23" r44="1"></containerEntry>
          <containerEntry r11="0.6664236" r12="0.10916397" r13="0.7375382" r14="0" r21="0.38271046" r22="0.798868" r23="-0.46405008" r24="0" r31="-0.6398531" r32="0.59151757" r33="0.49060628" r34="0" r41="2156.1028" r42="4.039317" r43="1105.223" r44="1"></containerEntry>
          <containerEntry r11="-0.7344215" r12="-0.08037184" r13="-0.6739179" r14="0" r21="-0.4651785" r22="0.78265065" r23="0.4136024" r24="0" r31="0.49420023" r32="0.6172506" r33="-0.6121827" r34="0" r41="2145.979" r42="4.039317" r43="1109.5529" r44="1"></containerEntry>
          <containerEntry r11="-0.6602893" r12="-0.11973196" r13="-0.7414079" r14="0" r21="-0.75098974" r22="0.113123566" r23="0.65055305" r24="0" r31="0.0059794486" r32="0.9863413" r33="-0.16461313" r34="0" r41="2167.6038" r42="5.121466" r43="1131.3746" r44="1"></containerEntry>
          <containerEntry r11="-0.19200051" r12="-0.30302355" r13="0.933442" r14="0" r21="-0.26283577" r22="0.9322689" r23="0.24858019" r24="0" r31="-0.9455446" r32="-0.19761443" r33="-0.25864154" r34="0" r41="2167.5007" r42="7.106221" r43="1122.7627" r44="1"></containerEntry>
          <containerEntry r11="-0.4875385" r12="-0.010403186" r13="-0.8730398" r14="0" r21="-0.49107948" r22="0.8300373" r23="0.2643465" r24="0" r31="0.7219055" r32="0.55761087" r33="-0.40978396" r34="0" r41="2152.3958" r42="4.494889" r43="1135.3319" r44="1"></containerEntry>
          <containerEntry r11="0.6350095" r12="0.31250665" r13="0.706471" r14="0" r21="-0.13326487" r22="0.94512606" r23="-0.29829025" r24="0" r31="-0.7609219" r32="0.09526901" r33="0.6418103" r34="0" r41="2083.2017" r42="-0.908071" r43="1063.2817" r44="1"></containerEntry>
          <containerEntry r11="-0.8143377" r12="0.050611854" r13="0.57817376" r14="0" r21="0.32721132" r22="0.862813" r23="0.3853387" r24="0" r31="-0.47935292" r32="0.5029827" r33="-0.71918136" r34="0" r41="2065.1104" r42="-0.547205" r43="1070.7389" r44="1"></containerEntry>
          <containerEntry r11="0.8997845" r12="-0.10811567" r13="0.42272747" r14="0" r21="0.37385404" r22="0.6905837" r23="-0.6191335" r24="0" r31="-0.22499037" r32="0.7151252" r33="0.66179615" r34="0" r41="2063.04" r42="-0.422122" r43="1078.2355" r44="1"></containerEntry>
          <containerEntry r11="0.047261864" r12="-0.09263846" r13="-0.9945759" r14="0" r21="-0.6935098" r22="0.71355414" r23="-0.09941706" r24="0" r31="0.7188931" r32="0.69444776" r33="-0.030521452" r34="0" r41="2080.2566" r42="0.672484" r43="1089.8171" r44="1"></containerEntry>
          <containerEntry r11="-0.93549484" r12="-0.17674908" r13="0.30594236" r14="0" r21="-0.015167423" r22="0.88517755" r23="0.46500546" r24="0" r31="-0.35300273" r32="0.43037182" r33="-0.8307594" r34="0" r41="2057.449" r42="0.090678" r43="1090.7012" r44="1"></containerEntry>
          <containerEntry r11="0.23544684" r12="-0.18969546" r13="0.95319325" r14="0" r21="0.45001298" r22="0.8905738" r23="0.066077024" r24="0" r31="-0.8614233" r32="0.41339266" r33="0.29504853" r34="0" r41="2090.6777" r42="0.952705" r43="1087.8102" r44="1"></containerEntry>
          <containerEntry r11="0.99840975" r12="-0.037916653" r13="0.041717157" r14="0" r21="0.056373358" r22="0.6741055" r23="-0.73647976" r24="0" r31="-0.0001968313" r32="0.7376603" r33="0.675171" r34="0" r41="2087.6963" r42="2.207583" r43="1097.4368" r44="1"></containerEntry>
          <containerEntry r11="0.22384965" r12="0.51563287" r13="-0.8270497" r14="0" r21="-0.97441256" r22="0.1360043" r23="-0.17894056" r24="0" r31="0.020213127" r32="0.84594464" r33="0.53288585" r34="0" r41="2089.6682" r42="3.881269" r43="1070.1676" r44="1"></containerEntry>
          <containerEntry r11="0.99155676" r12="0.1205811" r13="0.047700554" r14="0" r21="-0.073343225" r22="0.8248627" r23="-0.56055444" r24="0" r31="-0.10693884" r32="0.55232304" r33="0.82674205" r34="0" r41="2070.7637" r42="-2.249723" r43="1041.014" r44="1"></containerEntry>
          <containerEntry r11="0.29820737" r12="-0.28409684" r13="0.9112399" r14="0" r21="0.0054261833" r22="0.95516753" r23="0.29601574" r24="0" r31="-0.95448405" r32="-0.08332904" r33="0.28637964" r34="0" r41="2070.4797" r42="4.698005" r43="1033.4852" r44="1"></containerEntry>
          <containerEntry r11="0.26297706" r12="-0.09293315" r13="0.9603136" r14="0" r21="0.35439086" r22="0.9350742" r23="-0.0065567493" r24="0" r31="-0.897355" r32="0.3420516" r33="0.27883798" r34="0" r41="2073.6165" r42="8.262836" r43="1030.2063" r44="1"></containerEntry>
          <containerEntry r11="0.6671863" r12="-0.10081826" r13="0.73803484" r14="0" r21="0.14585266" r22="0.98930085" r23="0.003290996" r24="0" r31="-0.7304702" r32="0.10544907" r33="0.67475265" r34="0" r41="2078.873" r42="8.376879" r43="1038.9827" r44="1"></containerEntry>
          <containerEntry r11="0.07873019" r12="-0.23933066" r13="-0.9677389" r14="0" r21="-0.7072323" r22="0.67075014" r23="-0.22341734" r24="0" r31="0.7025811" r32="0.7020069" r33="-0.11645383" r34="0" r41="2055.5962" r42="-4.568405" r43="1045.8383" r44="1"></containerEntry>
          <containerEntry r11="-0.86536276" r12="-0.35586587" r13="0.35283738" r14="0" r21="0.11770602" r22="0.5400456" r23="0.8333624" r24="0" r31="-0.48711395" r32="0.7626973" r33="-0.42544484" r34="0" r41="2056.0347" r42="0.134004" r43="1026.8474" r44="1"></containerEntry>
          <containerEntry r11="0.9905472" r12="-0.11249175" r13="0.07849781" r14="0" r21="0.103503816" r22="0.9884774" r23="0.11045036" r24="0" r31="-0.09001811" r32="-0.10128142" r33="0.99077684" r34="0" r41="2056.5898" r42="-2.7248" r43="1030.9362" r44="1"></containerEntry>
          <containerEntry r11="0.48621297" r12="0.04749279" r13="0.5690699" r14="0" r21="0.27792507" r22="0.6332298" r23="-0.29030555" r24="0" r31="-0.4988525" r32="0.39907908" r33="0.39291358" r34="0" r41="2067.4001" r42="-2.955226" r43="1045.8383" r44="1"></containerEntry>
          <containerEntry r11="0.20675877" r12="0.026127622" r13="0.7204634" r14="0" r21="0.52417713" r22="0.5091303" r23="-0.16889173" r24="0" r31="-0.49496323" r32="0.550094" r33="0.12209563" r34="0" r41="2058.3213" r42="-3.869606" r43="1043.3085" r44="1"></containerEntry>
          <containerEntry r11="0.50458235" r12="-0.01907352" r13="-0.8631512" r14="0" r21="-0.26492262" r22="0.9481052" r23="-0.1758194" r24="0" r31="0.8217116" r32="0.31738377" r33="0.47334418" r34="0" r41="2111.6072" r42="0.98351" r43="1083.8955" r44="1"></containerEntry>
          <containerEntry r11="-0.92839414" r12="-0.19780034" r13="0.31456375" r14="0" r21="0.3154282" r22="0.027971102" r23="0.9485347" r24="0" r31="-0.19641888" r32="0.9798409" r33="0.036428094" r34="0" r41="2103.876" r42="4.801757" r43="1083.1062" r44="1"></containerEntry>
          <containerEntry r11="0.07491743" r12="-0.08813741" r13="0.7410238" r14="0" r21="0.6035837" r22="0.44510686" r23="-0.00807973" r24="0" r31="-0.43882942" r32="0.5971686" r33="0.11539373" r34="0" r41="2114.7122" r42="1.401745" r43="1079.8434" r44="1"></containerEntry>
        </property>
        <property name="colors" type="UInt32" container="DynamicArray" arraySize="35">
          <containerEntry>4294967295</containerEntry>
          <containerEntry>4294967295</containerEntry>
          <containerEntry>4294967295</containerEntry>
          <containerEntry>4294967295</containerEntry>
          <containerEntry>4294967295</containerEntry>
          <containerEntry>4294967295</containerEntry>
          <containerEntry>4294967295</containerEntry>
          <containerEntry>4294967295</containerEntry>
          <containerEntry>4294967295</containerEntry>
          <containerEntry>4294967295</containerEntry>
          <containerEntry>4294967295</containerEntry>
          <containerEntry>4294967295</containerEntry>
          <containerEntry>4294967295</containerEntry>
          <containerEntry>4294967295</containerEntry>
          <containerEntry>4294967295</containerEntry>
          <containerEntry>4294967295</containerEntry>
          <containerEntry>4294967295</containerEntry>
          <containerEntry>4294967295</containerEntry>
          <containerEntry>4294967295</containerEntry>
          <containerEntry>4294967295</containerEntry>
          <containerEntry>4294967295</containerEntry>
          <containerEntry>4294967295</containerEntry>
          <containerEntry>4294967295</containerEntry>
          <containerEntry>4294967295</containerEntry>
          <containerEntry>4294967295</containerEntry>
          <containerEntry>4294967295</containerEntry>
          <containerEntry>4294967295</containerEntry>
          <containerEntry>4294967295</containerEntry>
          <containerEntry>4294967295</containerEntry>
          <containerEntry>4294967295</containerEntry>
          <containerEntry>4294967295</containerEntry>
          <containerEntry>4294967295</containerEntry>
          <containerEntry>4294967295</containerEntry>
          <containerEntry>4294967295</containerEntry>
          <containerEntry>4294967295</containerEntry>
        </property>
      </staticProperties>
      <dynamicProperties></dynamicProperties>
    </entity>
    <entity class="StaticModelArray" classVersion="4" classID="0xD0" addr="0x32F4BC0" id="0x0">
      <staticProperties>
        <property name="name" type="String" container="StaticArray" arraySize="1">
          <containerEntry>StaticModelArray0002</containerEntry>
        </property>
        <property name="dataSet" type="EntityHandle" container="StaticArray" arraySize="1">
          <containerEntry>0x32F46F0</containerEntry>
        </property>
        <property name="modelFile" type="FilePtr" container="StaticArray" arraySize="1">
          <containerEntry>/Assets/tpp/environ/object/middle_africa/rock/mafr_rock001/scenes/mafr_rock001_vrtn001.fmdl</containerEntry>
        </property>
        <property name="geomFile" type="FilePtr" container="StaticArray" arraySize="1">
          <containerEntry>/Assets/tpp/environ/object/middle_africa/rock/mafr_rock001/scenes/mafr_rock001_vrtn001.geom</containerEntry>
        </property>
        <property name="isVisibleGeom" type="Bool" container="StaticArray" arraySize="1">
          <containerEntry>false</containerEntry>
        </property>
        <property name="lodFarSize" type="Float" container="StaticArray" arraySize="1">
          <containerEntry>-1</containerEntry>
        </property>
        <property name="lodNearSize" type="Float" container="StaticArray" arraySize="1">
          <containerEntry>-1</containerEntry>
        </property>
        <property name="lodPolygonSize" type="Float" container="StaticArray" arraySize="1">
          <containerEntry>-1</containerEntry>
        </property>
        <property name="drawRejectionLevel" type="Int32" container="StaticArray" arraySize="1">
          <containerEntry>8</containerEntry>
        </property>
        <property name="drawMode" type="Int32" container="StaticArray" arraySize="1">
          <containerEntry>0</containerEntry>
        </property>
        <property name="rejectFarRangeShadowCast" type="Int32" container="StaticArray" arraySize="1">
          <containerEntry>2</containerEntry>
        </property>
        <property name="parentLocator" type="EntityLink" container="StaticArray" arraySize="1">
          <containerEntry packagePathHash="0xB8A0BF169F98" archivePathHash="0xB8A0BF169F98" nameInArchiveHash="0xB8A0BF169F98">0x0</containerEntry>
        </property>
        <property name="transforms" type="Matrix4" container="DynamicArray" arraySize="11">
          <containerEntry r11="0.81594115" r12="-0.161761" r13="0.5550438" r14="0" r21="0.27064842" r22="0.9552358" r23="-0.11947414" r24="0" r31="-0.5108715" r32="0.24770552" r33="0.82319653" r34="0" r41="2109.299" r42="6.417702" r43="1140.2585" r44="1"></containerEntry>
          <containerEntry r11="0.99548864" r12="-0.0940189" r13="-0.012758958" r14="0" r21="0.089100085" r22="0.9725678" r23="-0.21487927" r24="0" r31="0.032611646" r32="0.21277305" r33="0.97655725" r34="0" r41="2118.0667" r42="2.595791" r43="1068.3354" r44="1"></containerEntry>
          <containerEntry r11="-0.9812573" r12="-0.16643079" r13="0.097127706" r14="0" r21="-0.11430608" r22="0.90850425" r23="0.401938" r24="0" r31="-0.15513581" r32="0.38330254" r33="-0.9105004" r34="0" r41="2118.0667" r42="2.526343" r43="1071.6013" r44="1"></containerEntry>
          <containerEntry r11="-0.9489373" r12="-0.30025768" r13="-0.09674576" r14="0" r21="-0.3136968" r22="0.86579484" r23="0.38986325" r24="0" r31="-0.033297565" r32="0.40030533" r33="-0.91577476" r34="0" r41="2132.9207" r42="2.526343" r43="1068.6993" r44="1"></containerEntry>
          <containerEntry r11="-0.17075229" r12="0.00089374185" r13="0.98531395" r14="0" r21="0.29958758" r22="0.95270187" r23="0.051053494" r24="0" r31="-0.93866485" r32="0.30390522" r33="-0.16294378" r34="0" r41="2131.105" r42="3.621237" r43="1089.3307" r44="1"></containerEntry>
          <containerEntry r11="-0.70704323" r12="0.07538529" r13="0.70314115" r14="0" r21="-0.02743485" r22="0.9906293" r23="-0.1337946" r24="0" r31="-0.7066384" r32="-0.113889106" r33="-0.69834954" r34="0" r41="2135.8938" r42="2.911645" r43="1067.1521" r44="1"></containerEntry>
          <containerEntry r11="-0.0032659662" r12="0.1393806" r13="0.990233" r14="0" r21="0.005564846" r22="0.990226" r23="-0.1393612" r24="0" r31="-0.9999787" r32="0.005055286" r33="-0.004009664" r34="0" r41="2149.3179" r42="3.483857" r43="1083.9175" r44="1"></containerEntry>
          <containerEntry r11="0.06383844" r12="-0.1331704" r13="0.98903483" r14="0" r21="0.0006469339" r22="0.99106187" r23="0.13340154" r24="0" r31="-0.9979598" r32="-0.007876277" r33="0.063354015" r34="0" r41="2076.7764" r42="0.125122" r43="1057.0048" r44="1"></containerEntry>
          <containerEntry r11="-0.85166484" r12="0.18331394" r13="0.49098352" r14="0" r21="0.29674256" r22="0.9408656" r23="0.16344988" r24="0" r31="-0.4319869" r32="0.2849" r33="-0.8556992" r34="0" r41="2072.1404" r42="-1.823553" r43="1057.0048" r44="1"></containerEntry>
          <containerEntry r11="0.06383844" r12="-0.1331704" r13="0.98903483" r14="0" r21="0.0006469339" r22="0.99106187" r23="0.13340154" r24="0" r31="-0.9979598" r32="-0.007876277" r33="0.063354015" r34="0" r41="2072.868" r42="0.125122" r43="1046.8616" r44="1"></containerEntry>
          <containerEntry r11="0.6363273" r12="0.3049642" r13="-0.7085792" r14="0" r21="-0.439436" r22="0.898238" r23="-0.008036792" r24="0" r31="0.63402176" r32="0.3164892" r33="0.7055856" r34="0" r41="2063.0361" r42="-1.952095" r43="1035.6865" r44="1"></containerEntry>
        </property>
        <property name="colors" type="UInt32" container="DynamicArray" arraySize="11">
          <containerEntry>4294967295</containerEntry>
          <containerEntry>4294967295</containerEntry>
          <containerEntry>4294967295</containerEntry>
          <containerEntry>4294967295</containerEntry>
          <containerEntry>4294967295</containerEntry>
          <containerEntry>4294967295</containerEntry>
          <containerEntry>4294967295</containerEntry>
          <containerEntry>4294967295</containerEntry>
          <containerEntry>4294967295</containerEntry>
          <containerEntry>4294967295</containerEntry>
          <containerEntry>4294967295</containerEntry>
        </property>
      </staticProperties>
      <dynamicProperties></dynamicProperties>
    </entity>
    <entity class="StaticModelArray" classVersion="4" classID="0xD0" addr="0x317ECC0" id="0x0">
      <staticProperties>
        <property name="name" type="String" container="StaticArray" arraySize="1">
          <containerEntry>StaticModelArray0003</containerEntry>
        </property>
        <property name="dataSet" type="EntityHandle" container="StaticArray" arraySize="1">
          <containerEntry>0x32F46F0</containerEntry>
        </property>
        <property name="modelFile" type="FilePtr" container="StaticArray" arraySize="1">
          <containerEntry>/Assets/tpp/environ/object/middle_africa/cliff/mafr_clff015/scenes/mafr_clff015_wall002.fmdl</containerEntry>
        </property>
        <property name="geomFile" type="FilePtr" container="StaticArray" arraySize="1">
          <containerEntry>/Assets/tpp/environ/object/middle_africa/cliff/mafr_clff015/scenes/mafr_clff015_wall002.geom</containerEntry>
        </property>
        <property name="isVisibleGeom" type="Bool" container="StaticArray" arraySize="1">
          <containerEntry>false</containerEntry>
        </property>
        <property name="lodFarSize" type="Float" container="StaticArray" arraySize="1">
          <containerEntry>-1</containerEntry>
        </property>
        <property name="lodNearSize" type="Float" container="StaticArray" arraySize="1">
          <containerEntry>-1</containerEntry>
        </property>
        <property name="lodPolygonSize" type="Float" container="StaticArray" arraySize="1">
          <containerEntry>-1</containerEntry>
        </property>
        <property name="drawRejectionLevel" type="Int32" container="StaticArray" arraySize="1">
          <containerEntry>8</containerEntry>
        </property>
        <property name="drawMode" type="Int32" container="StaticArray" arraySize="1">
          <containerEntry>0</containerEntry>
        </property>
        <property name="rejectFarRangeShadowCast" type="Int32" container="StaticArray" arraySize="1">
          <containerEntry>2</containerEntry>
        </property>
        <property name="parentLocator" type="EntityLink" container="StaticArray" arraySize="1">
          <containerEntry packagePathHash="0xB8A0BF169F98" archivePathHash="0xB8A0BF169F98" nameInArchiveHash="0xB8A0BF169F98">0x0</containerEntry>
        </property>
        <property name="transforms" type="Matrix4" container="DynamicArray" arraySize="4">
          <containerEntry r11="-0.91154754" r12="-0.017194238" r13="-0.41083118" r14="0" r21="-0.008332331" r22="0.99969256" r23="-0.02335172" r24="0" r31="0.41110638" r32="-0.017863056" r33="-0.91141057" r34="0" r41="2071.561" r42="-6.227154" r43="1014.98267" r44="1"></containerEntry>
          <containerEntry r11="0.42561066" r12="-0.0327473" r13="0.90431327" r14="0" r21="-0.002990624" r22="0.9992886" r23="0.037594073" r24="0" r31="-0.9049011" r32="-0.01870489" r33="0.42520994" r34="0" r41="2084.4653" r42="-3.527265" r43="1047.6914" r44="1"></containerEntry>
          <containerEntry r11="0.36046475" r12="0.025990982" r13="0.9324105" r14="0" r21="0.011530884" r22="0.99941117" r23="-0.032316394" r24="0" r31="-0.93270135" r32="0.022400433" r33="0.3599528" r34="0" r41="2165.0808" r42="-0.094283" r43="1099.8917" r44="1"></containerEntry>
          <containerEntry r11="0.9891654" r12="-0.036344968" r13="-0.14223513" r14="0" r21="0.04141897" r22="0.99860084" r23="0.03287578" r24="0" r31="0.14084125" r32="-0.038410824" r33="0.9892868" r34="0" r41="2126.5396" r42="-3.527265" r43="1059.0381" r44="1"></containerEntry>
        </property>
        <property name="colors" type="UInt32" container="DynamicArray" arraySize="4">
          <containerEntry>4294967295</containerEntry>
          <containerEntry>4294967295</containerEntry>
          <containerEntry>4294967295</containerEntry>
          <containerEntry>4294967295</containerEntry>
        </property>
      </staticProperties>
      <dynamicProperties></dynamicProperties>
    </entity>
    <entity class="StaticModelArray" classVersion="4" classID="0xD0" addr="0x317E8D0" id="0x0">
      <staticProperties>
        <property name="name" type="String" container="StaticArray" arraySize="1">
          <containerEntry>StaticModelArray0004</containerEntry>
        </property>
        <property name="dataSet" type="EntityHandle" container="StaticArray" arraySize="1">
          <containerEntry>0x32F46F0</containerEntry>
        </property>
        <property name="modelFile" type="FilePtr" container="StaticArray" arraySize="1">
          <containerEntry>/Assets/tpp/environ/object/middle_africa/rock/mafr_rock010/scenes/mafr_rock010.fmdl</containerEntry>
        </property>
        <property name="geomFile" type="FilePtr" container="StaticArray" arraySize="1">
          <containerEntry>/Assets/tpp/environ/object/middle_africa/rock/mafr_rock010/scenes/mafr_rock010.geom</containerEntry>
        </property>
        <property name="isVisibleGeom" type="Bool" container="StaticArray" arraySize="1">
          <containerEntry>false</containerEntry>
        </property>
        <property name="lodFarSize" type="Float" container="StaticArray" arraySize="1">
          <containerEntry>-1</containerEntry>
        </property>
        <property name="lodNearSize" type="Float" container="StaticArray" arraySize="1">
          <containerEntry>-1</containerEntry>
        </property>
        <property name="lodPolygonSize" type="Float" container="StaticArray" arraySize="1">
          <containerEntry>-1</containerEntry>
        </property>
        <property name="drawRejectionLevel" type="Int32" container="StaticArray" arraySize="1">
          <containerEntry>8</containerEntry>
        </property>
        <property name="drawMode" type="Int32" container="StaticArray" arraySize="1">
          <containerEntry>0</containerEntry>
        </property>
        <property name="rejectFarRangeShadowCast" type="Int32" container="StaticArray" arraySize="1">
          <containerEntry>2</containerEntry>
        </property>
        <property name="parentLocator" type="EntityLink" container="StaticArray" arraySize="1">
          <containerEntry packagePathHash="0xB8A0BF169F98" archivePathHash="0xB8A0BF169F98" nameInArchiveHash="0xB8A0BF169F98">0x0</containerEntry>
        </property>
        <property name="transforms" type="Matrix4" container="DynamicArray" arraySize="7">
          <containerEntry r11="0.9965254" r12="-0.08311683" r13="0.00536076" r14="0" r21="0.08311683" r22="0.9882546" r23="-0.12823574" r24="0" r31="0.00536076" r32="0.12823574" r33="0.9917292" r34="0" r41="2144.8447" r42="7.720634" r43="1135.3398" r44="1"></containerEntry>
          <containerEntry r11="-0.05799497" r12="0.13325948" r13="0.9893832" r14="0" r21="0.08311669" r22="0.98825467" r23="-0.12823547" r24="0" r31="-0.99485123" r32="0.07479727" r33="-0.06838989" r34="0" r41="2146.487" r42="7.536246" r43="1132.1255" r44="1"></containerEntry>
          <containerEntry r11="-0.8905079" r12="0.015894484" r13="-0.45469055" r14="0" r21="0.08311626" r22="0.9882546" r23="-0.12823641" r24="0" r31="0.4473118" r32="-0.15198767" r33="-0.8813696" r34="0" r41="2143.195" r42="7.21175" r43="1129.1952" r44="1"></containerEntry>
          <containerEntry r11="0.47085238" r12="-0.15235572" r13="-0.8689563" r14="0" r21="0.08311616" r22="0.9882547" r23="-0.12823518" r24="0" r31="0.87828755" r32="-0.011844564" r33="0.47798532" r34="0" r41="2142.0552" r42="8.302408" r43="1132.895" r44="1"></containerEntry>
          <containerEntry r11="-0.019491542" r12="0.13026746" r13="0.9912855" r14="0" r21="0.083116576" r22="0.9882548" r23="-0.12823449" r24="0" r31="-0.99634737" r32="0.07989269" r33="-0.030089974" r34="0" r41="2139.3196" r42="7.894769" r43="1143.5498" r44="1"></containerEntry>
          <containerEntry r11="-0.8175" r12="0.13026722" r13="-0.5609967" r14="0" r21="0.061466675" r22="0.98825485" r23="0.13990784" r24="0" r31="0.5726331" r32="0.07989248" r33="-0.8159054" r34="0" r41="2134.42" r42="8.526804" r43="1148.7333" r44="1"></containerEntry>
          <containerEntry r11="-0.19571656" r12="-0.020730458" r13="0.9804399" r14="0" r21="0.033069383" r22="0.99906844" r23="0.0277257" r24="0" r31="-0.98010135" r32="0.037848998" r33="-0.19484866" r34="0" r41="2132.5054" r42="6.969116" r43="1115.1248" r44="1"></containerEntry>
        </property>
        <property name="colors" type="UInt32" container="DynamicArray" arraySize="7">
          <containerEntry>4294967295</containerEntry>
          <containerEntry>4294967295</containerEntry>
          <containerEntry>4294967295</containerEntry>
          <containerEntry>4294967295</containerEntry>
          <containerEntry>4294967295</containerEntry>
          <containerEntry>4294967295</containerEntry>
          <containerEntry>4294967295</containerEntry>
        </property>
      </staticProperties>
      <dynamicProperties></dynamicProperties>
    </entity>
    <entity class="StaticModelArray" classVersion="4" classID="0xD0" addr="0x317E940" id="0x0">
      <staticProperties>
